web/models/kne/53/mosfit_kn_0.218327_0.3590_0.5000.dat
# %ECSV 1.0
# ---
# datatype:
# - {name: time, datatype: float64}
# - {name: PS1_g, datatype: float64}
# - {name: PS1_i, datatype: float64}
# - {name: PS1_r, datatype: float64}
# - {name: PS1_w, datatype: float64}
# - {name: PS1_y, datatype: float64}
# - {name: PS1_z, datatype: float64}
# - {name: swift_uvot_B, datatype: float64}
# - {name: swift_uvot_U, datatype: float64}
# - {name: swift_uvot_uvm2, datatype: float64}
# - {name: swift_uvot_uvw1, datatype: float64}
# - {name: swift_uvot_uvw2, datatype: float64}
# - {name: swift_uvot_V, datatype: float64}
# - {name: johnson_B, datatype: float64}
# - {name: johnson_I, datatype: float64}
# - {name: johnson_R, datatype: float64}
# - {name: johnson_U, datatype: float64}
# - {name: johnson_V, datatype: float64}
# - {name: sdss_g, datatype: float64}
# - {name: sdss_i, datatype: float64}
# - {name: sdss_r, datatype: float64}
# - {name: sdss_u, datatype: float64}
# - {name: sdss_z, datatype: float64}
# - {name: ATLAS_c, datatype: float64}
# - {name: ATLAS_o, datatype: float64}
# - {name: ukirt_H, datatype: float64}
# - {name: ukirt_J, datatype: float64}
# - {name: ukirt_K, datatype: float64}
# - {name: Clear, datatype: float64}
# meta: !!omap
# - comment: [kappa = 0.5, type = rprocess, mass = 0.21832694463104688, velocity = 0.359, theta_obs = 0.0, tfloor = 1000.0]
# schema: astropy-2.0
time PS1_g PS1_i PS1_r PS1_w PS1_y PS1_z swift_uvot_B swift_uvot_U swift_uvot_uvm2 swift_uvot_uvw1 swift_uvot_uvw2 swift_uvot_V johnson_B johnson_I johnson_R johnson_U johnson_V sdss_g sdss_i sdss_r sdss_u sdss_z ATLAS_c ATLAS_o ukirt_H ukirt_J ukirt_K Clear
[from data line 85]
5.170340681362725 -19.92702623990585 -20.266168317082673 -20.197425618999674 -20.129173640330755 -20.182302075322607 -20.23379130109994 -19.62630270896427 -20.147621248082572 -18.69510476773103 -19.303307577488393 -18.16675724569834 -20.09623864343115 -19.654405947003276 -20.694674354252555 -20.430287594125016 -20.02164027404038 -20.118882929644744 -19.880582002323646 -20.273983501181174 -20.19885794321814 -19.230510234064493 -20.224533278314798 -20.039642945121496 -20.242342489835856 -19.640681364008966 -19.989659338109185 -19.254209691235694 -20.124255626029033
5.2304609218436875 -19.985480106275553 -20.313799637406493 -20.249183861431757 -20.18194308674584 -20.226007450482335 -20.278997649414237 -19.688214590013715 -20.218481940063135 -18.788804117285046 -19.386745183858665 -18.26152392705398 -20.151243111397196 -19.716002186435965 -20.741185989186192 -20.480998207643417 -20.0908370491024 -20.173624098055743 -19.93998386088604 -20.321720800720033 -20.250652186866986 -19.30021881518604 -20.26935438663065 -20.09547290706646 -20.292340898590737 -19.67918334757783 -20.030522797119072 -19.29114058408023 -20.17579671421629
5.290581162324649 -20.04392545026704 -20.361348067189784 -20.300885709416896 -20.234681380753603 -20.269606462399654 -20.324106375399413 -19.750139606959227 -20.28942301002317 -18.882780071550428 -19.47041410608767 -18.356680599205294 -20.206210634157983 -19.77761146755546 -20.787608227874525 -20.53164744925634 -20.16010004308897 -20.228328127488627 -19.999383774777453 -20.36937583983967 -20.302389619450132 -19.369996044057345 -20.314075970357646 -20.15128179618488 -20.34227464275915 -19.71754887332922 -20.071263694686152 -19.327925500213002 -20.227306039490323
5.350701402805611 -20.102385419061726 -20.408832105558385 -20.352551391718094 -20.287409604776006 -20.313115987836845 -20.36913497379267 -19.812102346330473 -20.36047307614199 -18.977072358465254 -19.55434996706437 -18.452269400005704 -20.261162770885736 -19.839258280955384 -20.833959111640088 -20.582255139123486 -20.229457081091244 -20.28301649583161 -20.05880530076798 -20.416967161123747 -20.35409047203334 -19.43986994278049 -20.35871537165491 -20.20709174737096 -20.392163271607195 -19.75579265167999 -20.111897734746798 -19.364578477560684 -20.27880433807061
5.410821643286573 -20.160821941959703 -20.456228783851476 -20.40415214669613 -20.340097923155422 -20.356518583267817 -20.414063887598708 -19.87405987543551 -20.431576882435643 -19.07159499822225 -19.638481291343606 -18.548204323187075 -20.31606617914835 -19.90090016447573 -20.88021725171035 -20.632794008489476 -20.298855162156617 -20.33765625243642 -20.118209047433613 -20.46447164642741 -20.40572592264148 -19.509786778284717 -20.40325358042031 -20.262868441099045 -20.441980537880635 -19.793904539487933 -20.152411470530538 -19.401091560364044 -20.330263634603032
5.4709418837675345 -20.219222785885957 -20.50353251221466 -20.45567982101744 -20.392737862822443 -20.399811107442254 -20.45888903891191 -19.935997805795218 -20.50271470130104 -19.166315331697955 -19.722781852540976 -18.64445330075432 -20.370910667645862 -19.962522949224248 -20.926377760379157 -20.683256573434836 -20.36827551806659 -20.392237388688393 -20.177582201746134 -20.5118836394562 -20.45728778711002 -19.579727452348212 -20.44768676289486 -20.31860133368248 -20.491719419255983 -19.831884614635232 -20.192803528251755 -19.437465782094684 -20.381676340911206
5.531062124248497 -20.277578635155784 -20.55073960096955 -20.507128553192473 -20.44532330321859 -20.442991942600237 -20.503608017888872 -19.997904994934245 -20.573870882275624 -19.261206867397544 -19.807230580317103 -18.740990328527353 -20.425688647362225 -20.024115678635845 -20.972437542393926 -20.73363753901542 -20.43770330604148 -20.44675247037867 -20.236914956991736 -20.559199394255003 -20.50877017779774 -19.6496768422643 -20.49201271561179 -20.374282541811333 -20.54137501234699 -19.8697339758241 -20.233073782828708 -19.473703045743434 -20.43303709125933
5.591182364729459 -20.335869610173454 -20.597839118579433 -20.558483980971953 -20.497839238083575 -20.486053418980728 -20.548211908815066 -20.059758683167043 -20.64501538751669 -19.35622156947844 -19.891787910709553 -18.83776709884579 -20.480383043651386 -20.085655867345732 -21.01838659928311 -20.783923421926247 -20.507109817530235 -20.50118465186864 -20.2961866512193 -20.606407890895806 -20.560158697984203 -19.719605806782923 -20.536222844330254 -20.42989440139248 -20.59093443742528 -19.907449241525136 -20.273216914808998 -19.50980125014929 -20.48433197943501
5.651302605210421 -20.394090181075644 -20.64482978939143 -20.60974318828631 -20.550282544979428 -20.52899581876737 -20.592700399483075 -20.121551959990136 -20.716137909490495 -19.45134105070139 -19.97643947966905 -18.9347654099141 -20.534989636051392 -20.147136742126705 -21.064224102547062 -20.8341117304093 -20.57648535249281 -20.555529827374613 -20.355391383282022 -20.65350781132146 -20.611450412807493 -19.789504435089764 -20.58031699106225 -20.485432459788377 -20.64039549725921 -19.94503272247847 -20.31323432268792 -19.54576330387901 -20.535558449989484
5.7114228456913825 -20.452224787501496 -20.69170345729079 -20.660895185401422 -20.60264165820689 -20.57181367115266 -20.637066994649427 -20.183266886074087 -20.787214482801417 -19.546526465562856 -20.061153355509393 -19.031945861915855 -20.58949519725217 -20.20854058433971 -21.10994266405965 -20.884192194820034 -20.645807048528734 -20.609774954282486 -20.414512945251424 -20.70049092658543 -20.662634305994114 -19.859349509376063 -20.62428892377625 -20.54088297522542 -20.689748417384966 -19.982482465932755 -20.353122464603146 -19.581588303359304 -20.58670582958456
5.771543086172344 -20.510261853061884 -20.738454595377842 -20.711932131745403 -20.654908258301337 -20.614503636614252 -20.68130752115488 -20.24488994181888 -20.85822667192593 -19.641747302802862 -20.145904623324427 -19.129277359231928 -20.643890059987548 -20.269854052295532 -21.15553738265228 -20.934157559941557 -20.715057369215472 -20.663910514483913 -20.47353923163433 -20.747351650396713 -20.713702516010173 -19.929123203484433 -20.66813468302529 -20.596235852800255 -20.738986345976134 -20.01979798815499 -20.392879567989652 -19.6172766146023 -20.637766524786496
5.831663326653306 -20.56819185675078 -20.78507900454623 -20.76284779533319 -20.70707567294866 -20.65706343306962 -20.72541896705877 -20.306409898336206 -20.929158923327265 -19.736977412487228 -20.230672008151203 -19.226733078319928 -20.698166388320633 -20.33106607057109 -21.201004607596722 -20.98400210516819 -20.784221552717376 -20.717928800949 -20.532460255840093 -20.79408573155561 -20.7646487933879 -19.998810501839817 -20.711851443425324 -20.651482868024935 -20.788103915314213 -20.056979502366175 -20.43250472054055 -19.652829192288014 -20.688734494198204
5.891783567134269 -20.62600427680371 -20.83157173673884 -20.81363510392606 -20.759136323204164 -20.699490111968224 -20.769397622980996 -20.367814449887486 -20.999994383317784 -19.832188724789738 -20.315432506105022 -19.324284015882686 -20.75231543711948 -20.392164489549835 -21.24633996234745 -21.033719288914778 -20.853283582373738 -20.77182119988398 -20.59126500819236 -20.84068816768971 -20.815466049098337 -20.068395124500462 -20.75543568934597 -20.706614844205724 -20.837094949487955 -20.09402666204236 -20.471996401259815 -19.688246464515174 -20.739602800077073
5.95190380761523 -20.683690853451502 -20.87792931911329 -20.864288763204968 -20.811084458763265 -20.741781909525656 -20.813241075661857 -20.42909380616677 -21.070719355359433 -19.927357942071623 -20.40016711936385 -19.4219058995685 -20.80633047862441 -20.453139649685003 -21.291540462554234 -21.083304268684603 -20.922230481347086 -20.825581093799595 -20.649944809723095 -20.887155439482346 -20.866148975452283 -20.137863869725603 -20.798885172314545 -20.76162466940259 -20.885954917869256 -20.130939918960898 -20.511354062599345 -19.72352954145547 -20.790366234313193
6.012024048096192 -20.741236208133902 -20.924143353713767 -20.914797726340097 -20.862908285808786 -20.78393291591679 -20.856942468981412 -20.490230366436084 -21.141310488448752 -20.022447291055204 -20.484844353474223 -19.519559290906233 -20.860198387873485 -20.513974135575864 -21.336598420092685 -21.13274665170418 -20.991039969080518 -20.87919551398828 -20.708483670075193 -20.93347908149207 -20.91668650800017 -20.207194133200748 -20.84219327566057 -20.816498619565404 -20.93467387639503 -20.16771660742268 -20.550573571542134 -19.758676728535832 -20.841013757439022
6.072144288577154 -20.79863967177527 -20.970215420049225 -20.96516272174668 -20.914608297223634 -20.825945494415414 -20.900503870736067 -20.551222742868866 -21.211764578328047 -20.117449291971678 -20.569458622442376 -19.617235917307262 -20.9139192236247 -20.574666614590903 -21.38151563899837 -21.182047370695482 -21.059709173859808 -20.9326645664378 -20.76688072299781 -20.979660651727947 -20.9670793707806 -20.276382938956683 -20.885362140890713 -20.87123655375514 -20.983252901090452 -20.20436007862919 -20.58965783697703 -19.793691664949066 -20.89154610936621
6.132264529058116 -20.85588758097373 -21.016138162487916 -21.015374008041334 -20.966174010314784 -20.867814521626364 -20.94391930975103 -20.612055270226445 -21.282060742674815 -20.21232993182608 -20.653981504735732 -19.714899874000732 -20.967481376882244 -20.63520158124963 -21.426285399984028 -21.231197266695514 -21.1282181898999 -20.98597677729026 -20.825121751747755 -21.025692733990855 -21.017317809001206 -20.345410092244 -20.928386010058535 -20.925826283789704 -21.031683232403147 -20.24086811157305 -20.628603324898744 -19.828572999049708 -20.94195346095189
6.192384769539078 -20.912972756361885 -21.06190859225748 -21.06542701684278 -21.017600328594845 -20.909538475352587 -20.987186708585792 -20.672719441409477 -21.35218701054976 -20.30706861031945 -20.73839601769384 -19.812528981981398 -21.020879044199614 -20.695570628400922 -21.470905132460533 -21.280192150800474 -21.196555695399752 -21.03912642819157 -20.883199208984795 -21.071572299604213 -21.067397247322628 -20.414264081305742 -20.97126294420592 -20.98026159721826 -21.0799609428374 -20.277241072443935 -20.66740954891948 -19.863321659816876 -20.99223113558594
6.25250501002004 -20.96988843527308 -21.107523948591087 -21.115317482617453 -21.068882451224074 -20.9511159879151 -21.0303041726819 -20.73320722854658 -21.422132035317905 -20.401645689502853 -20.8226859441959 -19.91010192140122 -21.07410678534035 -20.755765820113353 -21.51537247266437 -21.329028115956287 -21.264710968227504 -21.092108157398 -20.941105980362593 -21.11729654988734 -21.11731341471634 -20.482934004228728 -21.013991179590192 -21.034536645660875 -21.128082372163952 -20.313479383775764 -20.70607612317568 -19.897938603615493 -21.042374720268473
6.312625250501002 -21.02661120635199 -21.152969982993532 -21.165027704321613 -21.12000146326457 -20.992536039910608 -21.07325945598756 -20.793492328004863 -21.491861857728374 -20.496007561262942 -20.906805756181477 -20.00756181437231 -21.12714420697933 -20.81576107388781 -21.559674090671816 -21.377688296430392 -21.33265149842438 -21.144901758908002 -20.998817849899964 -21.162851148932997 -21.167048594363624 -20.551386938538787 -21.056558777134207 -21.08863012589671 -21.176031224092053 -20.349576243090542 -20.74459433240241 -19.932418300028992 -21.09236618944104
6.372745490981964 -21.083168194784374 -21.198267078766566 -21.214580629672213 -21.170981062017074 -21.033816560801508 -21.116071428634147 -20.853603999095835 -21.56141139148101 -20.59020417151299 -20.990799018903576 -20.104959593842565 -21.18001626080129 -20.875585459041147 -21.60382967272205 -21.42619499173619 -21.400411129642666 -21.197532025972304 -21.056362532950494 -21.20825654588476 -21.21662575418556 -20.619657039236152 -21.098984366275708 -21.142567556445826 -21.22382936227975 -20.385546282224066 -20.782980313390116 -19.966774370769556 -21.14222852943973
6.432865731462925 -21.139533554729706 -21.2433992139073 -21.263956539934163 -21.221800182426538 -21.07494498390091 -21.158726211517127 -20.913513299409267 -21.630743461979076 -20.684177123547002 -21.074615982642797 -20.20223317191617 -21.232700348329054 -20.935210266338874 -21.64782417921809 -21.474529374634017 -21.467954250565732 -21.24997655775546 -21.113713320593153 -21.25349662524547 -21.266025159858764 -20.687708254955215 -21.14125439576947 -21.196325340024824 -21.271458566310297 -20.421381449581656 -20.821223965284243 -20.001000128417875 -21.191941609322775
6.492985971943887 -21.19570260769576 -21.288364835429654 -21.313152721536728 -21.27245557266246 -21.115920814739475 -21.201222911988733 -20.973214572610186 -21.699849777624998 -20.77791145710807 -21.158244230038044 -20.299365598443394 -21.28519285696844 -20.99462989760392 -21.69165635798428 -21.52268899626381 -21.53527307533989 -21.30223179219296 -21.170865258521534 -21.298569805179675 -21.315244097995265 -20.75553266563217 -21.183368069511452 -21.249899476995502 -21.318916569149966 -20.457082596434773 -20.859325531207205 -20.03509682653126 -21.241502429277777
6.55310621242485 -21.25166893978646 -21.333161144202286 -21.36216503276163 -21.32294246503081 -21.156742482464548 -21.24355949651365 -21.03270027489008 -21.7687197369583 -20.871388758882773 -21.24166831768452 -20.396336209540728 -21.337488605665175 -21.053836877159643 -21.735323758688196 -21.57067002238388 -21.60235759089239 -21.35429260724988 -21.22781161386749 -21.34347325314172 -21.36427842684169 -20.823120103100603 -21.225323466394954 -21.303284339128776 -21.366199746969254 -20.492649722051897 -20.897284299708137 -20.069064935739643 -21.290906511129037
6.613226452905812 -21.307427564213928 -21.377786271979993 -21.41099045286939 -21.37325725362441 -21.197409166046395 -21.285734750592766 -21.091964448182 -21.837344729051562 -20.96459362764302 -21.32487535286284 -20.49312739331356 -21.38958368396062 -21.11282530030485 -21.778824810204426 -21.618469691364563 -21.66919970013182 -21.406155139131823 -21.284547124172484 -21.388205072366056 -21.413125127395993 -20.890462338756652 -21.267119466564672 -21.356475603930676 -21.413305515443497 -20.5280833362522 -20.935100178300825 -20.10290536529252 -21.340150479770337
6.673346693386773 -21.362973889945707 -21.422238574205252 -21.45962625222687 -21.423396624759974 -21.237920203032274 -21.327747643282624 -21.151001586334914 -21.90571672834425 -21.05751156130458 -21.40785317618084 -20.589722392740487 -21.441474526355783 -21.171589707917583 -21.822158146380872 -21.6660855146118 -21.735791868138616 -21.45781586373468 -21.3410669376084 -21.432763591542336 -21.461781472785013 -20.95755171497636 -21.30875512712363 -21.409469299118484 -21.460231550700275 -20.56338402161488 -20.972773185869524 -20.136619071888507 -21.389231226351946
6.733466933867735 -21.418302647874548 -21.466515888476927 -21.508069125367424 -21.473356645805328 -21.278274466296736 -21.36959665885513 -21.209805456654635 -21.973826836742028 -21.150126764057337 -21.49058846754844 -20.686103007458584 -21.493156947752016 -21.230123916262297 -21.865321898093015 -21.713514440290346 -21.802125717496327 -21.509270639054666 -21.397365509994568 -21.477146620097365 -21.510244160676937 -21.0243797255114 -21.350229025135405 -21.462260805495745 -21.506974973780277 -20.59855196674167 -21.01030291466783 -20.170206640610107 -21.438145029153883
