web/models/kne/53/mosfit_kn_0.062996_0.3433_0.5000.dat
# %ECSV 1.0
# ---
# datatype:
# - {name: time, datatype: float64}
# - {name: PS1_g, datatype: float64}
# - {name: PS1_i, datatype: float64}
# - {name: PS1_r, datatype: float64}
# - {name: PS1_w, datatype: float64}
# - {name: PS1_y, datatype: float64}
# - {name: PS1_z, datatype: float64}
# - {name: swift_uvot_B, datatype: float64}
# - {name: swift_uvot_U, datatype: float64}
# - {name: swift_uvot_uvm2, datatype: float64}
# - {name: swift_uvot_uvw1, datatype: float64}
# - {name: swift_uvot_uvw2, datatype: float64}
# - {name: swift_uvot_V, datatype: float64}
# - {name: johnson_B, datatype: float64}
# - {name: johnson_I, datatype: float64}
# - {name: johnson_R, datatype: float64}
# - {name: johnson_U, datatype: float64}
# - {name: johnson_V, datatype: float64}
# - {name: sdss_g, datatype: float64}
# - {name: sdss_i, datatype: float64}
# - {name: sdss_r, datatype: float64}
# - {name: sdss_u, datatype: float64}
# - {name: sdss_z, datatype: float64}
# - {name: ATLAS_c, datatype: float64}
# - {name: ATLAS_o, datatype: float64}
# - {name: ukirt_H, datatype: float64}
# - {name: ukirt_J, datatype: float64}
# - {name: ukirt_K, datatype: float64}
# - {name: Clear, datatype: float64}
# meta: !!omap
# - comment: [kappa = 0.5, type = rprocess, mass = 0.06299605249512866, velocity = 0.3433333333333334, theta_obs = 0.0, tfloor = 1000.0]
# schema: astropy-2.0
time PS1_g PS1_i PS1_r PS1_w PS1_y PS1_z swift_uvot_B swift_uvot_U swift_uvot_uvm2 swift_uvot_uvw1 swift_uvot_uvw2 swift_uvot_V johnson_B johnson_I johnson_R johnson_U johnson_V sdss_g sdss_i sdss_r sdss_u sdss_z ATLAS_c ATLAS_o ukirt_H ukirt_J ukirt_K Clear
0.06012024048096192 -13.297448728584982 -12.747340094254156 -13.012155810767005 -13.088267685112935 -12.349735306518586 -12.520729556232695 -13.272919417045383 -14.550090638360054 -15.143807469006848 -14.987665554943366 -15.031440408557678 -13.168155638956797 -13.281520879587102 -13.08714957407058 -13.165578359657186 -14.27751203842017 -13.174198014850658 -13.328947831815707 -12.763580071914724 -13.014482803361052 -13.524647956834333 -12.4818395647452 -13.21237452747475 -12.924251391563129 -11.391292275706187 -11.930833945031958 -10.876499634008654 -13.008918217212884
0.12024048096192384 -14.210299631238037 -13.798652695394438 -14.012079553449528 -14.057602633843338 -13.449259552166666 -13.601901520528141 -14.14408166554492 -15.301398910357982 -15.550871050656156 -15.50122794215806 -15.33203248520348 -14.129303880828232 -14.15490856600345 -14.151956436339425 -14.177082287883557 -15.052883337869815 -14.137300208813153 -14.229713708154268 -13.8136091685824 -14.014524666575507 -14.294626169840381 -13.56742692801097 -14.153614370321552 -13.943422007811286 -12.5556430310095 -13.065268586357151 -12.061294125260067 -13.986290370135332
0.18036072144288576 -14.692120318694446 -14.383638596055235 -14.558714778944193 -14.583348509090825 -14.070151785087397 -14.209135800123853 -14.594432546692701 -15.662625370640022 -15.661668957415195 -15.695481263847277 -15.373023662621112 -14.646747551028245 -14.60710259588652 -14.7470336114922 -14.732510921347306 -15.43181476773449 -14.656341733249787 -14.702495045993302 -14.39763510608957 -14.561190297775468 -14.669381056220736 -14.17797872042966 -14.657171831735525 -14.504704665513017 -13.224459976959933 -13.712058768341906 -12.745069379863752 -14.51887050822032
0.24048096192384769 -14.985337144719963 -14.767830460842575 -14.909005971401594 -14.916594904668425 -14.486080499620133 -14.61299385006182 -14.859658511080404 -15.849608866322633 -15.632567971448651 -15.74218477429774 -15.289386003718452 -14.971080335447812 -14.874088610514672 -15.140169976643502 -15.090683959020936 -15.634199296978093 -14.982188072287064 -14.987728618370753 -14.780976241273525 -14.911465811814875 -14.86798277080208 -14.584791211058992 -14.969963246400972 -14.868147027658463 -13.682573116379098 -14.150836432389562 -13.216256956303932 -14.858749580001724
0.3006012024048096 -15.199527570490421 -15.059250200008414 -15.171571394748131 -15.165713454332614 -14.804533731196798 -14.921163320920385 -15.049932041072093 -15.973795712755194 -15.576793084804702 -15.752137495229217 -15.192546585067944 -15.211449608404354 -15.065957346445117 -15.43922509578164 -15.360039411374135 -15.771288632540259 -15.223921137006238 -15.195138304463995 -15.071669993017434 -15.173985749884515 -15.00179265734042 -14.89549445974145 -15.20106702243023 -15.142057340775459 -14.036868190063847 -14.488736968987686 -13.581601671727979 -15.1139458990205
0.3607214428857715 -15.363027662330495 -15.291050827722472 -15.377788008792574 -15.360824090655587 -15.060332760346054 -15.167829990622117 -15.192171787414026 -16.057872285472072 -15.50427265832328 -15.738701278798555 -15.087746569406896 -15.397913727198038 -15.209686539603563 -15.677815363795961 -15.572339996668784 -15.866640253756305 -15.411653022235255 -15.352641142246792 -15.302825297939648 -15.380136944259792 -15.094194297850692 -15.144424149703557 -15.379751089666236 -15.358450238595953 -14.324437409062314 -14.761796907948133 -13.878925250735355 -15.314773851728205
0.42084168336673344 -15.487449767140795 -15.478637588952147 -15.541655577374698 -15.515078763464896 -15.270200845036861 -15.36921538932745 -15.29684713715141 -16.1090038049781 -15.412617851823804 -15.702447574054688 -14.969640707212605 -15.543411791778869 -15.315806032304419 -15.871714897637556 -15.741902136771586 -15.92808502619554 -15.558375890122365 -15.471517789197247 -15.489812320191412 -15.54392256919332 -15.152870740799127 -15.347922515262358 -15.518404164855042 -15.53185137522064 -14.563777123476365 -14.987694163481178 -14.127283526576838 -15.474601266707566
0.48096192384769537 -15.582923017179588 -15.633552448128789 -15.674195123918544 -15.639149298676891 -15.446168465824925 -15.537163972192918 -15.373666254839328 -16.13565238538243 -15.306590156184562 -15.649210039588528 -14.841734439610462 -15.658574935965117 -15.394043498847484 -16.032601823127212 -15.879861939598953 -15.964339890284773 -15.67473826256119 -15.561773842321092 -15.644160075381226 -15.676365882644312 -15.186485956448852 -15.517878294309462 -15.627435421415434 -15.673472205811336 -14.767579518154129 -15.178814226047255 -14.339579670150327 -15.604165706331248
0.5410821643286573 -15.65616061233122 -15.763387568994816 -15.78267524440303 -15.740084951343398 -15.59613101345045 -15.679455663685964 -15.429080154012837 -16.14348999535462 -15.189544911761658 -15.583020306621762 -14.706602126611056 -15.75042947663394 -15.450862028351565 -16.168152821534065 -15.993559500960483 -15.981236433226861 -15.76777719444239 -15.630045502939272 -15.77345269087484 -15.78473690512828 -15.200838523497513 -15.662098902425114 -15.713732053152292 -15.790699524085277 -14.944150889088302 -15.34327289716341 -14.524251073953137 -15.710556438527039
0.6012024048096192 -15.711204267781369 -15.87296645455897 -15.871630011775224 -15.822248069213973 -15.72518367191254 -15.801082145335528 -15.466893641316172 -16.13563555874176 -15.062620466383855 -15.505653124653342 -14.564812552879424 -15.823290310895388 -15.490079543326218 -16.283267513116037 -16.087594804766773 -15.982031730495898 -15.841818973601123 -15.680305879379368 -15.882506438128488 -15.87357022910389 -15.19915454358241 -15.785601066451314 -15.781497425969597 -15.88817671287142 -15.098952515094318 -15.4863625075701 -14.686874470084097 -15.79818162916487
0.6613226452905812 -15.751390555477105 -15.96605080330706 -15.944664617945676 -15.889141413283507 -15.837235039115427 -15.905896017159087 -15.490315451735032 -16.114919254919737 -14.927529368482574 -15.419166029425746 -14.417736519669408 -15.880644805741106 -15.514911226173268 -16.3817486191416 -16.165608220353544 -15.969633251199095 -15.900356592771095 -15.715854168102936 -15.975079120432962 -15.94647156311753 -15.184325101839065 -15.892250841476034 -15.834153782806926 -15.96956703955744 -15.23609237626086 -15.612098670029582 -14.831621337329713 -15.870564986981908
0.721442885771543 -15.778961114282488 -16.045270368851323 -16.00426513902992 -15.94316806859366 -15.935050082131372 -15.996610657155177 -15.501468927942128 -16.083122137607795 -14.785066840797864 -15.324685259834645 -14.265915994653028 -15.924869799927183 -15.52748742172762 -16.466263820045352 -16.230119046340256 -15.94589087074602 -15.945772887208632 -15.738897850193716 -16.053796894292542 -16.00592710626815 -15.158184403098112 -15.984774191819433 -15.874024108571838 -16.037411561343244 -15.358518349803699 -15.723344832964656 -14.961497269269264 -15.930133307130188
0.781563126252505 -15.795541443357255 -16.112573898098148 -16.052260218079333 -15.986093339874703 -16.020690950131655 -16.075244889008342 -15.501880150006368 -16.041486479109288 -14.635669037426723 -15.2229344967534 -14.109613809543994 -15.957702016562624 -15.52934074427425 -16.538793757779075 -16.282984310775525 -15.91210337799491 -15.979810105579977 -15.751033947277353 -16.120605486052355 -16.05376538987283 -15.122017770819927 -16.06520063622451 -15.90280349336906 -16.093585915812678 -15.468446081637342 -15.82224590978166 -15.07876613850758 -15.978674141440159
0.8416833667334669 -15.802381715996088 -16.169470071641587 -16.090062214959264 -16.019282651736564 -16.095757634756502 -16.143363756811553 -15.49271917248766 -15.990955719443853 -14.479641433608265 -15.114459598303664 -13.949025667093181 -15.980479678549823 -15.52164700285886 -16.600872847804784 -16.32563962115433 -15.869259016392451 -16.00381128097634 -15.753489829328089 -16.177011143772884 -16.091398528116247 -15.07680238990961 -16.13510394319242 -15.921799052276473 -16.1395409188399 -15.567599538092548 -15.9104687777908 -15.185190794434751 -16.017572298769025
0.9018036072144289 -15.800489079876403 -16.21716761805807 -16.118804588375628 -16.043835355602383 -16.161530560941166 -16.20222018276417 -15.47493020666866 -15.932297144171255 -14.317255972096564 -14.999729923476313 -13.784361827121877 -15.99427798795536 -15.505355326636735 -16.65373006107861 -16.359237013900973 -15.818159855067712 -16.018855676699065 -15.747254829292938 -16.224220687375972 -16.11995966586406 -15.023331484410729 -16.195743982864048 -15.932063304308368 -16.176440694147196 -15.657357014595764 -15.989346659280859 -15.2821802386185 -16.047943302703978
0.9619238476953907 -15.790504350000472 -16.256527329921386 -16.139265257714204 -16.06050013727783 -16.218949874279875 -16.252723824063597 -15.4490843800384 -15.8658919410178 -14.148378141993717 -14.87883625908374 -13.61546289710104 -15.999810033713022 -15.481043047127073 -16.698248702699605 -16.384575538353314 -15.759223615455557 -16.025661466770163 -15.732950339380789 -16.263092790133573 -16.140226114594487 -14.962012638708924 -16.24803825013064 -15.934288883879884 -16.205098143877574 -15.738766721958758 -16.05987819497784 -15.370816239602297 -16.070556943556422
1.0220440881763526 -15.773176941064548 -16.28840559598231 -16.15226054642493 -16.07007809401903 -16.268910776514556 -16.29575486602784 -15.415897032813472 -15.792360089136785 -13.973361221783488 -14.752256575791716 -13.442689620327325 -15.997860636463976 -15.449428824111461 -16.73529616266916 -16.402482124083583 -15.69308885589048 -16.025016119265892 -15.711316245342744 -16.294482813357565 -16.153013841883457 -14.893479384593764 -16.292870865524698 -15.929250691729866 -16.22634689922771 -15.812778186724628 -16.12298780348734 -15.452065530780013 -16.086224088471734
1.0821643286573146 -15.748905765334928 -16.313363521398436 -16.158289986293664 -16.073053397684856 -16.312034035084988 -16.33191103140703 -15.375714689380395 -15.711908605952534 -13.792041671921499 -14.620013877384697 -13.265912047553726 -15.988880442171364 -15.410864726812118 -16.765450558429002 -16.41347289148441 -15.619988886391624 -16.01737473850624 -15.682737094598824 -16.31895027001134 -16.158821652502393 -14.817957063830267 -16.33084565078237 -15.917388078993326 -16.240713844750196 -15.880094339391096 -16.17934075049609 -15.52665652172143 -16.09544710563739
1.1422845691382766 -15.71800627908889 -16.3318594305178 -16.15775736405272 -16.0698201100365 -16.34883125476504 -16.36168327179524 -15.328806060900135 -15.624683723259007 -13.604245242125547 -14.482110654870901 -13.085016990490622 -15.973229508919015 -15.365624946575597 -16.789185457932245 -16.417966860717545 -15.540092689017257 -16.003101745832492 -15.647515667639276 -16.336952063387766 -16.158052521635735 -14.73560734146604 -16.362459127810016 -15.89905348509049 -16.248627820277566 -15.941300713980993 -16.229488692354277 -15.595197654489306 -16.098637702107688
1.2024048096192383 -15.680888016696564 -16.344376438315145 -16.15111767147111 -16.060830543088933 -16.37981370048191 -16.385571801194327 -15.275555926995398 -15.531005114595917 -13.410119808440356 -14.338809765363827 -12.900226501225433 -15.951339751418462 -15.314097850327716 -16.806992070521122 -16.416427668033002 -15.453731935976364 -15.982631820115161 -15.606054879684006 -16.348970565214174 -16.151160830051836 -14.646757783299407 -16.38821464016946 -15.874676875485836 -16.250557763105036 -15.996949226718954 -16.273964779451813 -15.658253695918612 -16.096258218771524
1.2625250501002003 -15.637699322932832 -16.35119287604617 -16.138599138564427 -16.046310149813774 -16.405309260271288 -16.403885194894983 -15.216069157128704 -15.430867176595537 -13.209379698901959 -14.190005999273207 -12.711358902132893 -15.923398538933064 -15.256394235362109 -16.8191629919573 -16.409098375978683 -15.360920977446721 -15.956156989492472 -15.558491513137511 -16.355282785242338 -16.13837380150409 -14.55141561214722 -16.40842613279725 -15.844442385634068 -16.246756198516792 -16.04743724764496 -16.31313457932409 -15.716243491961544 -16.088552749042915
1.3226452905811623 -15.588630576937916 -16.35259007341345 -16.12044782518577 -16.026506931279147 -16.425634798610265 -16.41692634451994 -15.150504908914996 -15.324350956161616 -13.001910810199163 -14.035734821523569 -12.518418742269816 -15.889622554491531 -15.192678272691435 -16.825989841226534 -16.396236319585544 -15.261754679084742 -15.923897802400118 -15.505007790039684 -16.35616911025579 -16.11993656282607 -14.449670306059108 -16.423400537853023 -15.808567162427778 -16.237487442909124 -16.093132716866766 -16.347342583394582 -15.769550908560015 -16.075783959586314
1.3827655310621243 -15.53382075393511 -16.348794388830772 -16.096856018088648 -16.0016176210228 -16.4410512821582 -16.424942558072395 -15.07897171966966 -15.211490165209547 -12.787563607492011 -13.876001437473207 -12.32139364056897 -15.850175371230907 -15.123063782002898 -16.82770903781406 -16.37804509590505 -15.156279749461234 -15.886021879529737 -15.445734828287083 -16.351854981015475 -16.096040377947922 -14.341563175795535 -16.43338919030688 -15.76721688279406 -16.22296202500136 -16.1343467549487 -16.376876888225294 -15.818502711320813 -16.058163768860485
1.442885771543086 -15.473424371091564 -16.340025022524696 -16.06801750572579 -15.971843098146365 -16.451804321429062 -16.428168905584535 -15.001600760288511 -15.092359808704519 -12.566279013120564 -13.71088619658316 -12.120371843590569 -15.805228721159931 -15.047686739373457 -16.824547525309026 -16.354727783667553 -15.044580652882573 -15.84270457088264 -15.380821259659587 -16.342558901743853 -16.066878047172235 -14.227174282234945 -16.438630422592073 -15.720567558654608 -16.203388499184435 -16.171364439575534 -16.402004386533484 -15.863396426798476 -16.03590588421188
1.503006012024048 -15.4075438269534 -16.326451885566478 -16.034075579178957 -15.937335368855337 -16.4580915806801 -16.42679195823762 -14.918469845837283 -14.96697939869776 -12.33794009148799 -13.54042346547443 -11.915400378920346 -15.754902612703578 -14.96663021693282 -16.81668337686916 -16.32643761218403 -14.926686573173395 -15.79406983403352 -15.310363334428327 -16.32845005179517 -16.032591767442046 -14.106528102409026 -16.439314277625154 -15.668744508939145 -16.178925914954263 -16.20442501298546 -16.422945175014654 -15.90448440016642 -16.00917626279026
1.56312625250501 -15.336158744655641 -16.308151245727327 -15.995068404733246 -15.898143039811838 -16.460028493849137 -16.420911608675315 -14.829524042433768 -14.835212329516487 -12.102220044377358 -13.364480444738334 -11.706348043081277 -15.699202389717303 -14.879846108503227 -16.804204341691424 -16.293226254854744 -14.80247451992063 -15.740128198033732 -15.23433196047458 -16.30960366018355 -15.99321831145005 -13.979495218540698 -16.435545390003945 -15.611758922300147 -16.149634068648506 -16.233701260088647 -16.4398457443507 -15.941957277988086 -15.978042658853866
1.6232464929859718 -15.259353006132894 -16.28525766438468 -15.951110237946402 -15.854393030877727 -16.457771622207886 -16.410675461171476 -14.73482750001849 -14.697078271782082 -11.859041856610219 -13.18313369762576 -11.493329471253077 -15.638223508742499 -14.787403962608007 -16.787251565519618 -16.25521690403802 -14.671971018758587 -15.68097909385555 -15.152806307976388 -16.28615371346358 -15.94887074524717 -13.846097974699099 -16.427474406891882 -15.549714624704514 -16.11564105315182 -16.259384326738196 -16.452881238992152 -15.976017281802884 -15.942645035901357
