web/models/kne/53/mosfit_kn_0.018177_0.4373_0.5000.dat
# %ECSV 1.0
# ---
# datatype:
# - {name: time, datatype: float64}
# - {name: PS1_g, datatype: float64}
# - {name: PS1_i, datatype: float64}
# - {name: PS1_r, datatype: float64}
# - {name: PS1_w, datatype: float64}
# - {name: PS1_y, datatype: float64}
# - {name: PS1_z, datatype: float64}
# - {name: swift_uvot_B, datatype: float64}
# - {name: swift_uvot_U, datatype: float64}
# - {name: swift_uvot_uvm2, datatype: float64}
# - {name: swift_uvot_uvw1, datatype: float64}
# - {name: swift_uvot_uvw2, datatype: float64}
# - {name: swift_uvot_V, datatype: float64}
# - {name: johnson_B, datatype: float64}
# - {name: johnson_I, datatype: float64}
# - {name: johnson_R, datatype: float64}
# - {name: johnson_U, datatype: float64}
# - {name: johnson_V, datatype: float64}
# - {name: sdss_g, datatype: float64}
# - {name: sdss_i, datatype: float64}
# - {name: sdss_r, datatype: float64}
# - {name: sdss_u, datatype: float64}
# - {name: sdss_z, datatype: float64}
# - {name: ATLAS_c, datatype: float64}
# - {name: ATLAS_o, datatype: float64}
# - {name: ukirt_H, datatype: float64}
# - {name: ukirt_J, datatype: float64}
# - {name: ukirt_K, datatype: float64}
# - {name: Clear, datatype: float64}
# meta: !!omap
# - comment: [kappa = 0.5, type = rprocess, mass = 0.018176879801416274, velocity = 0.4373333333333333, theta_obs = 0.0, tfloor = 1000.0]
# schema: astropy-2.0
time PS1_g PS1_i PS1_r PS1_w PS1_y PS1_z swift_uvot_B swift_uvot_U swift_uvot_uvm2 swift_uvot_uvw1 swift_uvot_uvw2 swift_uvot_V johnson_B johnson_I johnson_R johnson_U johnson_V sdss_g sdss_i sdss_r sdss_u sdss_z ATLAS_c ATLAS_o ukirt_H ukirt_J ukirt_K Clear
[from data line 321]
19.35871743486974 10.403763003007516 1.5219341898082384 4.997004967846088 3.0290811563421016 -2.0012558587170126 -0.5835798938698922 13.943669579572003 20.602613677466923 34.491208981496094 16.568196209541473 19.08121271602113 8.363279695878319 12.739732262605813 -0.031579116613712266 2.9384536501112875 19.571612498215174 7.408257360709565 11.21630310432197 1.6031901419212247 5.225493627342512 21.10371920764175 -1.157007505891876 6.97608153758873 2.523669012978935 -6.950243236632509 -4.800753941142817 -8.31053191710568 0.7431871125807632
19.4188376753507 10.414148430676633 1.5323196174773557 5.0073903955152055 3.039466584011219 -1.990870431047913 -0.5731944662007749 13.95405500724112 20.61299910513604 34.501594409165214 16.57858163721059 19.09159814369024 8.373665123547418 12.75011769027493 -0.021193688944594946 2.9488390777804048 19.581997925884288 7.4186427883786825 11.226688531991087 1.613575569590342 5.23587905501163 21.114104635310866 -1.1466220782227765 6.986466965257847 2.5340544406480525 -6.939857808963391 -4.7903685134737 -8.30014648943658 0.7535725402498628
19.478957915831664 10.424519889835508 1.5426910766362312 5.017761854674063 3.0498380431700767 -1.9804989718890376 -0.5628230070419171 13.964426466399996 20.62337056429491 34.511965868324076 16.588953096369465 19.101969602849106 8.384036582706294 12.760489149433788 -0.01082222978571945 2.9592105369392625 19.592369385043156 7.42901424753754 11.237059991149945 1.6239470287492175 5.246250514170505 21.124476094469735 -1.136250619063901 6.996838424416705 2.544425899806928 -6.929486349804534 -4.779997054314842 -8.289775030277704 0.7639439994087383
19.539078156312623 10.43487740126114 1.5530485880618627 5.0281193660997126 3.060195554595726 -1.9701414604633882 -0.5524654956162678 13.974783977825627 20.633728075720548 34.52232337974972 16.599310607795097 19.11232711427475 8.394394094131925 12.770846660859437 -0.00046471836008787903 2.969568048364912 19.602726896468795 7.43937175896319 11.247417502575594 1.634304540174849 5.256608025596137 21.134833605895373 -1.1258931076382694 7.007195935842354 2.5547834112325596 -6.919128838378884 -4.769639542889193 -8.279417518852073 0.7743015108343698
19.599198396793586 10.445220986408366 1.5633921732090883 5.03846295124692 3.070539139742934 -1.9597978753161804 -0.5421219104690422 13.985127562972853 20.644071660867766 34.53266696489694 16.609654192942322 19.122670699421974 8.404737679279151 12.781190246006663 0.009878866787137675 2.9799116335121374 19.613070481616013 7.449715344110397 11.257761087722802 1.6446481253220746 5.266951610743362 21.145177191042592 -1.1155495224910439 7.017539520989562 2.565126996379785 -6.9087852532316765 -4.759295957741985 -8.269073933704847 0.7846450959815954
19.65931863727455 10.455550667353837 1.5737218541545417 5.0487926321923915 3.080868820688405 -1.9494681943707093 -0.5317922295235888 13.995457243918306 20.654401341813227 34.54299664584241 16.619983873887794 19.133000380367438 8.415067360224622 12.791519926952116 0.020208547732591065 2.990241314457591 19.623400162561484 7.4600450250558685 11.268090768668273 1.6549778062675458 5.277281291688833 21.155506871988052 -1.1052198415455727 7.027869201935033 2.5754566773252563 -6.898455572286205 -4.748966276796514 -8.258744252759376 0.7949747769270665
19.71943887775551 10.465866464994686 1.5840376517954091 5.059108429833241 3.0911846183292724 -1.9391523967298596 -0.5214764318827214 14.005773041559173 20.664717139454083 34.55331244348326 16.630299671528643 19.143316178008295 8.425383157865472 12.801835724592983 0.030524345373458495 3.000557112098458 19.633715960202334 7.470360822696718 11.278406566309123 1.6652936039083954 5.287597089329683 21.16582266962891 -1.094904043904723 7.038184999575883 2.585772474966106 -6.888139774645356 -4.738650479155664 -8.248428455118527 0.8052905745679162
19.779559118236474 10.476168400633057 1.5943395874337796 5.069410365471612 3.101486553967643 -1.9288504610914892 -0.511174496244351 14.016074977197544 20.675019075092457 34.563614379121624 16.640601607167014 19.153618113646665 8.435685093503842 12.812137660231354 0.04082628101182895 3.0108590477368287 19.64401789584071 7.480662758335089 11.28870850194751 1.6755955395467659 5.2978990249680535 21.176124605267283 -1.0846021082663526 7.048486935214271 2.5960744106044764 -6.877837839006985 -4.728348543517294 -8.238126519480156 0.8155925102062866
19.839679358717433 10.486456494329417 1.6046276811301396 5.079698459167972 3.111774647664003 -1.918562367395129 -0.5008864025479909 14.026363070893904 20.685307168788817 34.573902472818 16.650889700863374 19.163906207343025 8.445973187200202 12.822425753927714 0.051114374708189025 3.0211471414331887 19.65430598953707 7.4909508520314665 11.298996595643871 1.685883633243126 5.308187118664414 21.186412698963643 -1.0743140145699925 7.058775028910631 2.6063625043008365 -6.867549745310625 -4.718060449820934 -8.227838425783796 0.8258806039026467
19.899799599198396 10.496730765603157 1.61490195240388 5.089972730441712 3.122048918937743 -1.9082880961213888 -0.49061213127425063 14.036637342167644 20.695581440062554 34.58417674409173 16.661163972137114 19.174180478616766 8.456247458473943 12.832700025201454 0.06138864598192928 3.031421412706929 19.664580260810816 7.501225123305189 11.309270866917611 1.6961579045168662 5.318461389938154 21.19668697023738 -1.0640397432962523 7.069049300184371 2.6166367755745767 -6.857275474036885 -4.7077861785471935 -8.217564154510056 0.836154875176387
19.95991983967936 10.50699123592782 1.6251624227285433 5.100233200766375 3.1323093892623888 -1.8980276257967255 -0.48035166094958726 14.046897812492308 20.70584191038722 34.594437214416395 16.671424442461777 19.18444094894142 8.466507928798606 12.8429604955261 0.07164911630659265 3.0416818830315746 19.67484073113547 7.511485593629852 11.319531337242257 1.7064183748415296 5.328721860262817 21.206947440562047 -1.053779272971589 7.079309770509017 2.62689724589924 -6.8470150037122215 -4.69752570822253 -8.207303684185392 0.8464153455010504
20.02004008016032 10.517237919521492 1.6354091063222143 5.110479884360046 3.1425560728560775 -1.8877809422030545 -0.4701049773559163 14.057144496085979 20.716088593980892 34.60468389801007 16.68167112605545 19.1946876325351 8.476754612392277 12.853207179119789 0.08189579990026363 3.0519285666252634 19.685087414729146 7.521732277223541 11.329778020835946 1.7166650584352006 5.338968543856488 21.217194124155718 -1.043532589377918 7.089556454102706 2.637143929492911 -6.8367683201185505 -4.687279024628859 -8.197057000591721 0.8566620290947213
20.080160320641284 10.527470835241264 1.6456420220419865 5.120712800079836 3.1527889885758498 -1.8775480264832822 -0.459872061636144 14.06737741180575 20.72632150970067 34.61491681372984 16.69190404177522 19.204920548254872 8.48698752811205 12.86344009483956 0.09212871562003588 3.0621614823450356 19.695320330448922 7.531965192943313 11.340010936555718 1.7268979741549728 5.3492014595762605 21.227427039875487 -1.0332996736581457 7.099789369822478 2.6473768452126833 -6.8265354043987605 -4.677046108909069 -8.18682408487195 0.8668949448144936
20.140280561122243 10.537690005252074 1.6558611920527966 5.130931970090629 3.163008158586642 -1.8673288564724722 -0.44965289162533395 14.077596581816561 20.736540679711474 34.62513598374064 16.70212321178603 19.215139718265682 8.49720669812286 12.873659264850371 0.10234788563084596 3.0723806523558457 19.70553950045972 7.542184362954106 11.35023010656651 1.737117144165783 5.3594206295870706 21.2376462098863 -1.0230805036473356 7.11000853983327 2.6575960152234934 -6.816316234387968 -4.666826938898277 -8.176604914861139 0.8771141148253037
20.200400801603205 10.547895439638282 1.6660666264389867 5.1411374044768365 3.17321359297285 -1.8571234220862642 -0.4394474572391438 14.087802016202769 20.746746114097682 34.63534141812685 16.71232864617224 19.22534515265188 8.507412132509067 12.883864699236561 0.11255332001705387 3.082586086742036 19.71574493484593 7.552389797340314 11.360435540952718 1.7473225785519908 5.3696260639732785 21.247851644272508 -1.0128750692611277 7.120213974219478 2.6678014496097013 -6.80611080000176 -4.656621504512069 -8.166399480474931 0.8873195492115116
20.260521042084168 10.558087163746084 1.6762583505467887 5.1513291285846385 3.183405317080652 -1.8469316979784622 -0.4292557331313418 14.097993740310553 20.756937838205474 34.645533142234655 16.72252037028004 19.235536876759685 8.51760385661687 12.894056423344363 0.12274504412483811 3.092777810849838 19.72593665895373 7.562581521448116 11.37062726506052 1.7575143026597928 5.3798177880810805 21.2580433683803 -1.0026833451533257 7.13040569832728 2.6779931737175033 -6.795919075893958 -4.646429780404267 -8.15620775636713 0.8975112733193136
20.32064128256513 10.568265190013761 1.686436376814484 5.161507154852316 3.1935833433483296 -1.8367536717107846 -0.4190777068636464 14.108171766578248 20.767115864473162 34.65571116850233 16.73269839654772 19.24571490302736 8.527781882884547 12.90423444961204 0.13292307039253348 3.1029558371175154 19.73611468522141 7.572759547715793 11.380805291328198 1.7676923289274704 5.389995814348758 21.268221394647988 -0.9925053188856481 7.140583724594958 2.688171199985181 -6.785741049626281 -4.636251754136589 -8.146029730099452 0.9076892995869912
20.38076152304609 10.57842953503588 1.696600721836603 5.171671499874435 3.2037476883704663 -1.8265893266886657 -0.4089133618415275 14.118336111600367 20.77728020949528 34.66587551352445 16.742862741569837 19.25587924804949 8.537946227906666 12.914398794634177 0.14308741541465242 3.113120182139652 19.746279030243535 7.582923892737912 11.390969636350334 1.7778566739495894 5.400160159370877 21.278385739670107 -0.9823409738635291 7.150748069617094 2.6983355450073 -6.775576704604162 -4.62608740911447 -8.135865385077333 0.9178536446091101
20.440881763527052 10.58858021588776 1.7067514026884822 5.181822180726314 3.2138983692223277 -1.8164386458367865 -0.3987626809896483 14.128486792452247 20.78743089034716 34.67602619437633 16.753013422421716 19.266029928901357 8.548096908758545 12.924549475486039 0.15323809626653162 3.1232708629915136 19.756429711095407 7.593074573589791 11.401120317202196 1.7880073548014686 5.410310840222756 21.288536420521986 -0.9721902930116499 7.160898750468956 2.708486225859179 -6.7654260237522825 -4.615936728262591 -8.125714704225453 0.9280043254609893
20.501002004008015 10.598717248334655 1.7168884351353775 5.1919592131732095 3.2240354016692407 -1.8063016133898913 -0.38862564854275305 14.138623824899142 20.79756792279405 34.68616322682323 16.76315045486861 19.276166961348263 8.55823394120544 12.934686507932952 0.16337512871342685 3.1334078954384266 19.766566743542313 7.6032116060366866 11.411257349649109 1.7981443872483638 5.4204478726696514 21.298673452968877 -0.9620532605647547 7.171035782915869 2.7186232583060743 -6.755288991305387 -4.605799695815696 -8.115577671778558 0.9381413579078846
20.561122244488978 10.608840647581523 1.727011834382246 5.202082612420078 3.2341588009160915 -1.7961782141430227 -0.3785022492958845 14.14874722414601 20.807691322040924 34.6962866260701 16.77327385411548 19.28629036059513 8.568357340452309 12.94480990717982 0.1734985279602954 3.143531294685295 19.77669014278917 7.613335005283555 11.42138074889596 1.8082677864952323 5.43057127191652 21.30879685221575 -0.9519298613178862 7.18115918216272 2.728746657552943 -6.745165592058519 -4.595676296568827 -8.10545427253169 0.9482647571547531
20.62124248496994 10.618950423911127 1.7371216107118315 5.212192388749681 3.2442685772456947 -1.7860684378134195 -0.36839247296629907 14.158857000475614 20.817801098370516 34.7063964023997 16.783383630445083 19.296400136924728 8.578467116781912 12.954919683509406 0.1836083042898986 3.1536410710148806 19.786799919118774 7.623444781613158 11.431490525225563 1.8183775628248355 5.440681048246123 21.318906628545342 -0.941820084988283 7.191268958492323 2.738856433882546 -6.7350558157289155 -4.585566520239224 -8.095344496202086 0.9583745334843563
20.6813627254509 10.629046601637295 1.747217788438018 5.22228856647585 3.2543647549718635 -1.7759722600872507 -0.35829629524011253 14.168953178201782 20.827897276096692 34.716492580125866 16.793479808171252 19.306496314650897 8.58856329450808 12.965015861235575 0.19370448201606738 3.1637372487410493 19.796896096844943 7.633540959339327 11.441586702951732 1.8284737405510043 5.450777225972292 21.329002806271518 -0.9317239072621142 7.201365136218492 2.748952611608715 -6.724959638002747 -4.575470342513055 -8.085248318475918 0.9684707112105251
20.741482965931862 10.639129189315959 1.757300376116664 5.232371154154514 3.264447342650527 -1.765889672408587 -0.34821370756146663 14.179035765880446 20.83797986377536 34.72657516780453 16.803562395849916 19.316578902329557 8.598645882186744 12.975098448914238 0.20378706969473104 3.173819836419713 19.806978684523607 7.643623547017991 11.451669290630395 1.838556328229668 5.460859813650956 21.339085393950185 -0.9216413195834505 7.211447723897155 2.7590351992873785 -6.714877050324083 -4.565387754834392 -8.075165730797254 0.9785532988891887
20.801603206412825 10.64919820756467 1.7673693943653923 5.242440172403224 3.2745163608992556 -1.7558206541598764 -0.3381446893127382 14.189104784129157 20.848048882024067 34.73664418605324 16.813631414098626 19.326647920578278 8.608714900435455 12.985167467162967 0.2138560879434417 3.1838888546684414 19.817047702772317 7.653692565266701 11.461738308879106 1.8486253464783786 5.470928831899666 21.349154412198892 -0.9115723013347399 7.221516742145866 2.769104217536089 -6.7048080320753725 -4.555318736585681 -8.065096712548543 0.9886223171378994
20.861723446893787 10.659253667821815 1.777424854622538 5.25249563266037 3.2845718211564012 -1.7457651939027308 -0.32808922905559257 14.199160244386302 20.858104342281216 34.7466996463104 16.823686874355772 19.336703380835424 8.6187703606926 12.995222927420112 0.22391154820058734 3.193944314925587 19.82710316302947 7.663748025523847 11.47179376913627 1.8586808067355243 5.480984292156812 21.35920987245604 -0.9015168410775942 7.231572202403029 2.779159677793235 -6.694752571818227 -4.545263276328535 -8.055041252291398 0.998677777395045
20.92184368737475 10.669295581865352 1.787466768666075 5.262537546703907 3.2946137351999383 -1.7357232798591937 -0.3180473150120555 14.20920215842984 20.86814625632475 34.75674156035392 16.83372878839931 19.34674529487896 8.628812274736138 13.00526484146365 0.2339534622441244 3.203986228969124 19.83714507707301 7.673789939567384 11.481835683179806 1.8687227207790613 5.491026206200349 21.369251786499575 -0.8914749270340572 7.241614116446566 2.789201591836772 -6.68471065777469 -4.535221362284998 -8.04499933824786 1.008719691438582
20.98196392785571 10.679323961509848 1.7974951483105706 5.272565926348403 3.304642114844416 -1.7256949002146982 -0.30801893536756 14.219230538074335 20.878174635969245 34.76676993999842 16.843757168043805 19.35677367452345 8.638840654380633 13.015293221108127 0.24398184188861993 3.214014608613602 19.847173456717496 7.68381831921188 11.491864062824284 1.8787511004235569 5.5010545858448445 21.37928016614407 -0.8814465473895616 7.251642496091044 2.7992299714812674 -6.674682278130194 -4.525192982640503 -8.034970958603365 1.0187480710830776
21.04208416833667 10.689338825967631 1.807510012768354 5.282580790806186 3.3146569793021996 -1.7156800357569146 -0.29800407090977643 14.229245402532118 20.888189500427032 34.776784804456206 16.85377203250159 19.36678853898123 8.648855518838417 13.02530808556591 0.2539967063464035 3.2240294730713854 19.85718832117528 7.693833183669663 11.501878927282068 1.8887659648813404 5.511069450302628 21.389295030601858 -0.8714316829317781 7.261657360548828 2.809244835939051 -6.664667413672411 -4.515178118182719 -8.024956094145582 1.0287629355408612
