web/models/kne/53/mosfit_kn_0.007937_0.3120_3.6500.dat
# %ECSV 1.0
# ---
# datatype:
# - {name: time, datatype: float64}
# - {name: PS1_g, datatype: float64}
# - {name: PS1_i, datatype: float64}
# - {name: PS1_r, datatype: float64}
# - {name: PS1_w, datatype: float64}
# - {name: PS1_y, datatype: float64}
# - {name: PS1_z, datatype: float64}
# - {name: swift_uvot_B, datatype: float64}
# - {name: swift_uvot_U, datatype: float64}
# - {name: swift_uvot_uvm2, datatype: float64}
# - {name: swift_uvot_uvw1, datatype: float64}
# - {name: swift_uvot_uvw2, datatype: float64}
# - {name: swift_uvot_V, datatype: float64}
# - {name: johnson_B, datatype: float64}
# - {name: johnson_I, datatype: float64}
# - {name: johnson_R, datatype: float64}
# - {name: johnson_U, datatype: float64}
# - {name: johnson_V, datatype: float64}
# - {name: sdss_g, datatype: float64}
# - {name: sdss_i, datatype: float64}
# - {name: sdss_r, datatype: float64}
# - {name: sdss_u, datatype: float64}
# - {name: sdss_z, datatype: float64}
# - {name: ATLAS_c, datatype: float64}
# - {name: ATLAS_o, datatype: float64}
# - {name: ukirt_H, datatype: float64}
# - {name: ukirt_J, datatype: float64}
# - {name: ukirt_K, datatype: float64}
# - {name: Clear, datatype: float64}
# meta: !!omap
# - comment: [kappa = 3.65, type = rprocess, mass = 0.00793700525986525, velocity = 0.312, theta_obs = 0.0, tfloor = 1000.0]
# schema: astropy-2.0
time PS1_g PS1_i PS1_r PS1_w PS1_y PS1_z swift_uvot_B swift_uvot_U swift_uvot_uvm2 swift_uvot_uvw1 swift_uvot_uvw2 swift_uvot_V johnson_B johnson_I johnson_R johnson_U johnson_V sdss_g sdss_i sdss_r sdss_u sdss_z ATLAS_c ATLAS_o ukirt_H ukirt_J ukirt_K Clear
[from data line 410]
24.70941883767535 12.05294688333721 3.1711180701379327 6.646188848175765 4.678265036671796 -0.35207197838733606 1.0656039864598021 15.592853459901697 22.251797557796607 36.14039286182579 18.217380089871167 20.73039659635082 10.012463576207995 14.388916142935507 1.617604763715982 4.587637530440982 21.22079637854487 9.05744124103924 12.865486984651664 3.252374022250919 6.874677507672207 22.752903087971433 0.4921763744378005 8.625265417918424 4.1728528933086295 -5.301059356302832 -3.1515700608131407 -6.661348036776003 2.3923709929104398
24.769539078156313 12.062324900669523 3.180496087470228 6.655566865508078 4.687643054004091 -0.3426939610550228 1.0749820037920976 15.602231477233993 22.261175575128913 36.14977087915809 18.22675810720348 20.73977461368312 10.021841593540309 14.398294160267803 1.6269827810482775 4.597015547773277 21.23017439587717 9.066819258371554 12.87486500198396 3.2617520395832322 6.88405552500452 22.76228110530374 0.5015543917701137 8.63464343525072 4.182230910640943 -5.291681338970519 -3.1421920434808275 -6.65197001944369 2.401749010242753
24.829659318637272 12.07168897016441 3.189860156965132 6.664930935002964 4.697007123498995 -0.3333298915601368 1.0843460732870014 15.611595546728896 22.27053964462381 36.15913494865299 18.236122176698366 20.749138683178018 10.031205663035195 14.407658229762706 1.6363468505431813 4.606379617268181 21.239538465372064 9.076183327866458 12.884229071478863 3.2711161090781182 6.893419594499406 22.771645174798635 0.5109184612649997 8.644007504745623 4.191594980135829 -5.282317269475633 -3.1328279739859415 -6.642605949948804 2.411113079737639
24.889779559118235 12.08103911782402 3.199210304624742 6.674281082662574 4.706357271158588 -0.32397974390052653 1.0936962209466117 15.620945694388507 22.27988979228342 36.16848509631259 18.245472324357976 20.758488830837617 10.040555810694805 14.417008377422317 1.6456969982027916 4.6157297649277735 21.248888613031667 9.08553347552605 12.893579219138456 3.2804662567377285 6.902769742159016 22.780995322458246 0.52026860892461 8.653357652405216 4.200945127795439 -5.272967121816023 -3.123477826326331 -6.633255802289193 2.4204632273972493
24.949899799599198 12.090375366950141 3.208546553750864 6.683617331788696 4.7156935202847095 -0.3146434947744048 1.1030324700727334 15.630281943514628 22.289226041409542 36.17782134543871 18.254808573484098 20.76782507996374 10.049892059820927 14.42634462654842 1.6550332473289133 4.625066014053895 21.25822486215779 9.094869724652172 12.902915468264577 3.2898025058638503 6.912105991285138 22.790331571584368 0.5296048580507318 8.662693901531338 4.210281376921561 -5.263630872689901 -3.1141415772002095 -6.623919553163072 2.429799476523371
25.01002004008016 12.099697734123787 3.2178689209245093 6.692939698962341 4.7250158874583725 -0.30532112760075947 1.1123548372463787 15.639604310688274 22.298548408583187 36.18714371261237 18.264130940657743 20.777147447137395 10.059214426994572 14.435666993722084 1.6643556145025586 4.634388381227558 21.26754722933144 9.104192091825835 12.91223783543824 3.2991248730374956 6.921428358458783 22.799653938758013 0.5389272252243771 8.672016268705 4.219603744095206 -5.2543085055162555 -3.104819210026564 -6.614597185989426 2.4391218436970163
25.07014028056112 12.109006241688292 3.2271774284890142 6.702248206526846 4.73432439502286 -0.2960126200362545 1.1216633448108837 15.648912818252779 22.307856916147692 36.19645222017686 18.27343944822225 20.7864559547019 10.068522934559077 14.444975501286589 1.6736641220670636 4.643696888792063 21.27685573689594 9.113500599390322 12.921546343002728 3.3084333806020005 6.930736866023288 22.808962446322518 0.548235732788882 8.681324776269488 4.228912251659711 -5.2449999979517505 -3.095510702462059 -6.605288678424921 2.4484303512615213
25.130260521042082 12.118300917940328 3.2364721047410505 6.7115428827789 4.743619071274914 -0.28671794378420046 1.13095802106292 15.658207494504815 22.317151592399735 36.205746896428906 18.282734124474285 20.795750630953936 10.077817610811113 14.454270177538625 1.6829587983191 4.6529915650441 21.286150413147986 9.122795275642376 12.930841019254782 3.317728056854037 6.9400315422753245 22.81825712257456 0.5575304090409183 8.690619452521542 4.238206927911747 -5.2357053216996965 -3.0862160262100056 -6.595994002172885 2.4577250275135576
25.190380761523045 12.127581784239716 3.245752971040421 6.720823749078271 4.752899937574284 -0.27743707748483004 1.1402388873622904 15.667488360804185 22.326432458699106 36.21502776272829 18.292014990773673 20.805031497253314 10.087098477110501 14.463551043837995 1.692239664618488 4.66227243134347 21.295431279447364 9.132076141941747 12.940121885554152 3.327008923153425 6.949312408574713 22.82753798887393 0.5668112753403065 8.699900318820912 4.2474877942111355 -5.226424455400326 -3.076935159910635 -6.586713135873497 2.4670058938129458
25.250501002004007 12.136850219638564 3.255021406439287 6.730092184477119 4.762168372973132 -0.2681686420859819 1.1495073227611563 15.676756796203051 22.33570089409796 36.224296198127135 18.30128342617252 20.814299932652165 10.09636691250935 14.472819479236843 1.7015081000173362 4.671540866742318 21.304699714846212 9.141344577340595 12.949390320953 3.336277358552273 6.958580843973561 22.836806424272787 0.5760797107391546 8.70916875421976 4.256756229609984 -5.217156020001478 -3.067666724511787 -6.577444700474649 2.476274329211794
25.31062124248497 12.146102824304972 3.2642740111056945 6.7393447891435265 4.77142097763954 -0.25891603741957425 1.158759927427564 15.686009400869459 22.34495349876437 36.23354880279354 18.31053603083893 20.82355253731858 10.105619517175757 14.482072083903269 1.7107607046837439 4.680793471408744 21.31395231951262 9.150597182007003 12.958642925619408 3.345529963218681 6.9678334486399685 22.846059028939194 0.5853323154055623 8.718421358886168 4.266008834276391 -5.20790341533507 -3.0584141198453794 -6.568192095808241 2.4855269338782016
25.37074148296593 12.155342066172157 3.2735132529728617 6.7485840310107115 4.780660219506725 -0.2496767955523893 1.1679991692947311 15.695248642736644 22.354192740631547 36.24278804466073 18.319775272706114 20.832791779185758 10.114858759042942 14.491311325770436 1.7199999465509288 4.690032713275911 21.323191561379804 9.159836423874188 12.967882167486593 3.3547692050858657 6.977072690507153 22.855298270806372 0.5945715572727472 8.727660600753353 4.275248076143576 -5.198664173467885 -3.0491748779781944 -6.558952853941056 2.4947661757453865
25.430861723446892 12.164567769106203 3.2827389559069253 6.757809733944757 4.789885922440771 -0.2404510926183434 1.1772248722287948 15.70447434567069 22.3634184435656 36.25201374759477 18.32900097564016 20.842017482119804 10.124084461976988 14.500537028704482 1.7292256494849747 4.699258416209957 21.33241726431385 9.169062126808234 12.977107870420639 3.3639949080199116 6.986298393441199 22.864523973740425 0.6037972602067931 8.736886303687399 4.284473779077622 -5.189438470533839 -3.0399491750441485 -6.54972715100701 2.5039918786794324
25.490981963927855 12.173779863244825 3.2919510500455473 6.767021828083397 4.799098016579411 -0.23123899847970364 1.1864369663674168 15.713686439809312 22.372630537704232 36.261225841733406 18.33821306977878 20.851229576258433 10.13329655611561 14.509749122843122 1.7384377436235967 4.708470510348596 21.34162935845248 9.178274220946873 12.986319964559279 3.3732070021585336 6.995510487579821 22.873736067879058 0.6130093543454151 8.746098397826039 4.293685873216244 -5.1802263763952 -3.0307370809055088 -6.540515056868388 2.5132039728180544
25.551102204408817 12.182978321399904 3.3011495082006093 6.776220286238459 4.8082964747344725 -0.2220405403246417 1.1956354245224787 15.722884897964391 22.381828995859294 36.270424299888475 18.34741152793386 20.860428034413506 10.14249501427069 14.518947580998184 1.7476362017786764 4.717668968503658 21.350827816607552 9.187472679101935 12.99551842271434 3.3824054603136133 7.004708945734901 22.88293452603412 0.6222078125004948 8.7552968559811 4.302884331371324 -5.171027918240138 -3.021538622750447 -6.531316598713309 2.522402430973134
25.61122244488978 12.192163153136146 3.3103343399368512 6.785405117974701 4.8174813064707145 -0.21285570858839975 1.2048202562587207 15.732069729700633 22.391013827595536 36.27960913162472 18.356596359670103 20.869612866149748 10.151679846006932 14.528132412734426 1.7568210335149184 4.7268538002399 21.360012648343794 9.196657510838177 13.004703254450583 3.3915902920498553 7.013893777471143 22.892119357770362 0.6313926442367368 8.764481687717343 4.312069163107566 -5.161843086503896 -3.012353791014205 -6.522131766977067 2.531587262709376
25.67134268537074 12.201334373128994 3.3195055599296985 6.794576337967548 4.826652526463562 -0.20368448859555244 1.213991476251568 15.74124094969348 22.400185047588394 36.28878035161757 18.36576757966295 20.87878408614259 10.160851065999779 14.537303632727273 1.7659922535077657 4.736025020232748 21.36918386833664 9.205828730831024 13.01387447444343 3.4007615120427026 7.02306499746399 22.90129057776322 0.6405638642295841 8.77365290771019 4.321240383100413 -5.1526718665110485 -3.0031825710213575 -6.512960546984219 2.5407584827022234
25.7314629258517 12.210491999250337 3.3286631860510596 6.803733964088892 4.835810152584923 -0.19452686247420914 1.223149102372929 15.750398575814824 22.409342673709737 36.29793797773892 18.374925205784294 20.887941712263945 10.170008692121122 14.546461258848634 1.775149879629109 4.745182646354109 21.37834149445799 9.214986356952368 13.02303210056479 3.409919138164046 7.032222623585334 22.910448203884563 0.6497214903509274 8.782810533831551 4.330398009221756 -5.143514240389705 -2.9940249449000143 -6.503802920862876 2.5499161088235667
25.791583166332664 12.219636052274243 3.337807239074966 6.812878017112798 4.844954205608829 -0.18538280945030294 1.2322931553968353 15.75954262883873 22.41848672673364 36.30708203076282 18.3840692588082 20.89708576528785 10.179152745145029 14.55560531187254 1.7842939326530152 4.754326699378015 21.3874855474819 9.224130409976292 13.032176153588697 3.419063191187952 7.04136667660924 22.919592256908466 0.6588655433748336 8.791954586855457 4.339542062245663 -5.134370187365781 -2.984880891876108 -6.49465886783897 2.559060161847473
25.851703406813627 12.228766552701593 3.346937739502298 6.822008517540148 4.854084706036161 -0.17625230902295286 1.2414236558241676 15.768673129266062 22.427617227160983 36.31621253119017 18.39319975923555 20.90621626571519 10.188283245572379 14.564735812299872 1.7934244330803475 4.763457199805347 21.39661604790924 9.233260910403624 13.04130665401603 3.428193691615302 7.05049717703659 22.92872275733581 0.6679960438021837 8.80108508728279 4.348672562673013 -5.125239686938449 -2.975750391448758 -6.48552836741162 2.568190662274823
25.91182364729459 12.237883525249575 3.356054712050298 6.83112549008813 4.863201678584144 -0.16713533647497059 1.2505406283721676 15.777790101814062 22.436734199708972 36.325329503738146 18.402316731783532 20.915333238263184 10.197400218120361 14.573852784847872 1.8025414056283475 4.772574172353347 21.405733020457223 9.242377882951606 13.050423626564012 3.4373106641632845 7.059614149584572 22.937839729883798 0.677113016350166 8.810202059830772 4.357789535220995 -5.116122714390467 -2.9666334189007757 -6.4764113948636375 2.5773076348228052
25.97194388777555 12.246986994508653 3.365158181309358 6.840228959347208 4.872305147843221 -0.15803186721589313 1.2596440976312273 15.786893571073122 22.445837668968043 36.33443297299723 18.411420201042592 20.92443670752225 10.206503687379438 14.582956254106932 1.8116448748874072 4.781677641612407 21.4148364897163 9.251481352210684 13.05952709582309 3.446414133422362 7.068717618843632 22.94694319914287 0.6862164856092434 8.81930552908985 4.3668930044800724 -5.107019245131389 -2.9575299496416982 -6.46730792560456 2.5864111040818827
26.03206412825651 12.25607697952686 3.3742481663275825 6.8493189443654146 4.881395132861446 -0.14894188219768623 1.268734082649452 15.795983556091347 22.45492765398626 36.34352295801544 18.420510186060817 20.933526692540468 10.215593672397645 14.592046239125157 1.8207348599056319 4.790767626630632 21.423926474734515 9.26057133722889 13.068617080841314 3.455504118440569 7.0778076038618565 22.956033184161086 0.6953064706274503 8.828395514108074 4.375982989498279 -5.097929260113182 -2.9484399646234913 -6.458217940586353 2.5955010891000896
26.092184368737474 12.265153507855118 3.3833246946558404 6.85839547269369 4.890471661189704 -0.13986535386941057 1.2778106109777099 15.805060084419605 22.464004182314525 36.3525994863437 18.429586714389075 20.942603220868737 10.224670200725921 14.601122767453415 1.8298113882338898 4.7998441549588895 21.433003003062773 9.269647865557166 13.077693609169572 3.4645806467688267 7.086884132190114 22.96510971248935 0.7043829989557082 8.837472042436332 4.385059517826537 -5.088852731784907 -2.9393634362952157 -6.449141412258095 2.6045776174283652
26.152304609218437 12.274216603635377 3.392387790436082 6.867458568473932 4.8995347569699454 -0.1308022580891688 1.2868737067579517 15.814123180199847 22.473067278094767 36.36166258212394 18.438649810169316 20.95166631664898 10.233733296506163 14.610185863233657 1.8388744840141316 4.808907250739131 21.442066098843025 9.278710961337408 13.086756704949813 3.4736437425490863 7.095947227970356 22.974172808269593 0.7134460947359678 8.846535138216574 4.394122613606797 -5.079789636004665 -2.930300340514974 -6.440078316477836 2.613640713208607
26.2124248496994 12.283266291900539 3.4014374787012613 6.876508256739093 4.908584445235125 -0.1217525698240074 1.2959233950231308 15.823172868465026 22.48211696635994 36.37071227038911 18.447699498434496 20.960716004914147 10.242782984771324 14.619235551498836 1.8479241722793107 4.81795693900431 21.451115787108186 9.28776064960257 13.095806393214975 3.4826934308142476 7.104996916235535 22.983222496534765 0.7224957830011292 8.855584826481735 4.403172301871958 -5.070739947739503 -2.9212506522498125 -6.431028628212674 2.6226904014737684
26.27254509018036 12.292302597086664 3.4104737838873866 6.885544561925219 4.917620750421232 -0.11271626463788209 1.3049597002092561 15.832209173651151 22.49115327154606 36.379748575575235 18.45673580362062 20.969752310100265 10.25181928995745 14.628271856684943 1.856960477465436 4.826993244190418 21.46015209229431 9.296796954788695 13.1048426984011 3.491729736000373 7.114033221421661 22.992258801720887 0.7315320881872545 8.86462113166786 4.4122086070580835 -5.061703642553378 -2.912214347063687 -6.421992323026549 2.6317267066598937
26.33266533066132 12.301325543065804 3.419496729866527 6.894567507904359 4.92664369640039 -0.10369331865874187 1.3139826461883963 15.841232119630291 22.5001762175252 36.388771521554375 18.46575874959976 20.978775256079413 10.26084223593659 14.637294802664101 1.8659834234445762 4.836016190169576 21.469175038273463 9.305819900767835 13.11386564438024 3.500752681979513 7.123056167400801 23.001281747700027 0.7405550341663947 8.873644077647018 4.421231553037224 -5.052680696574238 -2.903191401084547 -6.412969377047409 2.640749652639034
26.392785571142284 12.310335153022987 3.4285063398237092 6.903577117861541 4.935653306357555 -0.09468370870155951 1.3229922561455787 15.850241729587474 22.509185827482384 36.39778113151156 18.474768359556943 20.987784866036588 10.269851845893772 14.646304412621284 1.8749930334017586 4.845025800126741 21.478184648230634 9.314829510725017 13.122875254337423 3.5097622919366955 7.132065777357983 23.01029135765721 0.749564644123577 8.882653687604183 4.430241162994406 -5.0436710866170555 -2.8941817911273646 -6.403959767090226 2.6497592625962163
