web/models/kne/53/mosfit_kn_0.117276_0.0613_10.0000.dat
# %ECSV 1.0
# ---
# datatype:
# - {name: time, datatype: float64}
# - {name: PS1_g, datatype: float64}
# - {name: PS1_i, datatype: float64}
# - {name: PS1_r, datatype: float64}
# - {name: PS1_w, datatype: float64}
# - {name: PS1_y, datatype: float64}
# - {name: PS1_z, datatype: float64}
# - {name: swift_uvot_B, datatype: float64}
# - {name: swift_uvot_U, datatype: float64}
# - {name: swift_uvot_uvm2, datatype: float64}
# - {name: swift_uvot_uvw1, datatype: float64}
# - {name: swift_uvot_uvw2, datatype: float64}
# - {name: swift_uvot_V, datatype: float64}
# - {name: johnson_B, datatype: float64}
# - {name: johnson_I, datatype: float64}
# - {name: johnson_R, datatype: float64}
# - {name: johnson_U, datatype: float64}
# - {name: johnson_V, datatype: float64}
# - {name: sdss_g, datatype: float64}
# - {name: sdss_i, datatype: float64}
# - {name: sdss_r, datatype: float64}
# - {name: sdss_u, datatype: float64}
# - {name: sdss_z, datatype: float64}
# - {name: ATLAS_c, datatype: float64}
# - {name: ATLAS_o, datatype: float64}
# - {name: ukirt_H, datatype: float64}
# - {name: ukirt_J, datatype: float64}
# - {name: ukirt_K, datatype: float64}
# - {name: Clear, datatype: float64}
# meta: !!omap
# - comment: [kappa = 10.0, type = rprocess, mass = 0.11727632184323686, velocity = 0.061333333333333344, theta_obs = 0.0, tfloor = 1000.0]
# schema: astropy-2.0
time PS1_g PS1_i PS1_r PS1_w PS1_y PS1_z swift_uvot_B swift_uvot_U swift_uvot_uvm2 swift_uvot_uvw1 swift_uvot_uvw2 swift_uvot_V johnson_B johnson_I johnson_R johnson_U johnson_V sdss_g sdss_i sdss_r sdss_u sdss_z ATLAS_c ATLAS_o ukirt_H ukirt_J ukirt_K Clear
[from data line 199]
12.024048096192384 -7.010109628715373 -11.014799929155252 -9.487748030028929 -9.864523812105954 -12.416417113702227 -11.881722289738406 -5.410657049797446 -2.9581708743303814 5.060942724228387 -1.8002022347735642 0.10160425579628951 -8.133161920049236 -5.701049791180143 -11.880698733712258 -10.237086492230791 -3.3186319720439106 -8.357611416905131 -6.63795017227665 -10.983038601586035 -9.436002286974094 -2.285546324501677 -12.051703470269466 -8.31364444070811 -10.354030762159887 -13.996351988980036 -13.380107724651003 -14.260457396307816 -10.613209026015955
12.084168336673347 -6.987844119381812 -11.003412974320206 -9.471965680446761 -9.851623061104515 -12.409710611086915 -11.873120528699168 -5.384207152290844 -2.9226995217325324 5.113043302852202 -1.7731384794879008 0.1285256044820895 -8.113237058870332 -5.675930067970633 -11.870742850710922 -10.223406128889476 -3.2845188945555504 -8.33868175845211 -6.6146976081478925 -10.971530007481842 -9.41994032170653 -2.250512506939213 -12.043783989390526 -8.29567322219173 -10.341318063568536 -13.99677236456485 -13.377267775953337 -14.263140212264476 -10.6032519622757
12.144288577154308 -6.96555655671256 -10.991991809378039 -9.45615407021199 -9.838695197192564 -12.402965387560982 -11.864481623971486 -5.357738543999605 -2.887217692272479 5.165116754470255 -1.7460805154853172 0.1554489931967109 -8.09328539776499 -5.6507936913797465 -11.860751758296725 -10.209697914253326 -3.2503939526077663 -8.319726859471801 -6.591424016537104 -10.959987351198173 -9.403848736216744 -2.215466772281509 -12.035827518127107 -8.277678430406095 -10.32857592132844 -13.997149142759662 -13.374386430757868 -14.265778353464727 -10.593267400783741
12.20440881763527 -6.943259305846148 -10.980544921498314 -9.440323255536462 -9.825749201857299 -12.396188253750644 -11.855813066251173 -5.331265093630161 -2.851742478153927 5.217140119674874 -1.7190421571972254 0.18236064038635336 -8.073318482914733 -5.625654040641827 -11.850733429774476 -10.195971141027329 -3.216273758381949 -8.300757902285996 -6.568142115477134 -10.948419163507985 -9.387737690072218 -2.1804260670853637 -12.027841300440372 -8.259670874274132 -10.315813277440888 -13.997486566975484 -13.371469108127448 -14.268375245229448 -10.58326325420472
12.264529058116231 -6.92093000041158 -10.969057476047475 -9.424455360885542 -9.812769159458767 -12.389367609127948 -11.84710194604465 -5.304761546639841 -2.816242382271792 5.269156427232724 -1.6919975085312973 0.20928634232290877 -8.053315579088444 -5.600486774806711 -11.840674018950061 -10.182209383208349 -3.1821277595991515 -8.281754837585636 -6.544828856065674 -10.936810525827774 -9.371589116313146 -2.1453592053107506 -12.019812897754285 -8.241631142632766 -10.30301436901743 -13.997777951397692 -13.368506875076028 -14.27092575986048 -10.573225632099383
12.324649298597194 -6.898586462272487 -10.957541618932414 -9.40856482759715 -9.799767958542365 -12.382513149280285 -11.838358952440036 -5.278247920526421 -2.780742137546497 5.321132338026701 -1.6649666300599715 0.23620609023745986 -8.033293303175235 -5.5753112004295104 -11.8305849210988 -10.168425969482684 -3.1479799845163936 -8.262733752683785 -6.521502576224112 -10.925173647762154 -9.355417606140115 -2.110290702226223 -12.011752639249185 -8.22357479013224 -10.290192014468627 -13.998029245415482 -13.365507395988041 -14.273434654174222 -10.563165866548516
12.384769539078157 -6.876240874524182 -10.946005710216369 -9.392661562423417 -9.786754438154333 -12.375631580424873 -11.829591462920632 -5.251737882737536 -2.7452585923798623 5.3730452522215595 -1.6379631044979344 0.2631063195510355 -8.013263034326876 -5.550140496508757 -11.82047398873631 -10.154630047643149 -3.113846808008518 -8.24370566358075 -6.498175807062321 -10.91351693233607 -9.339233169302688 -2.0752372641077876 -12.003667657663382 -8.205512460505364 -10.277355016821232 -13.9982446196427 -13.362476002683222 -14.275905289983227 -10.553091738326845
12.444889779559118 -6.853854996259692 -10.934424243166365 -9.376714915845135 -9.7737013122026 -12.368702871716089 -11.820777228745687 -5.225188296818476 -2.7097380449380637 5.4249682688662455 -1.6109429781817393 0.2900308500623585 -7.9931892721726365 -5.52493309268462 -11.81031739075496 -10.140793440303987 -3.079676123163424 -8.224636244123731 -6.474809152740519 -10.901814730747645 -9.323004828018515 -2.0401457049237948 -11.99553650571394 -8.187410937096793 -10.2644763223004 -13.998412380842032 -13.359397188733178 -14.278328620937229 -10.542979407951059
12.50501002004008 -6.831456452562552 -10.922815942235786 -9.36074721044232 -9.760628481841902 -12.361741908020427 -11.811932691549725 -5.1986302274758875 -2.674218954940706 5.476849449204139 -1.5839374826796155 0.3169485203279234 -7.973097748938678 -5.499718938140305 -11.800132675085788 -10.126936723372719 -3.0455052818700534 -8.205550394176749 -6.451431047191072 -10.890085867161421 -9.306755139538208 -2.00505413957897 -11.987375060239298 -8.169294295780194 -10.251575711425698 -13.998541546737664 -13.356282657174974 -14.280711797537203 -10.532846339459212
12.565130260521041 -6.809086596305303 -10.911208756595023 -9.344791812584479 -9.747565664035207 -12.354770856854405 -11.80308236369763 -5.172110208037451 -2.6387589975867876 5.528610885125535 -1.5569934199616315 0.34381260464397956 -7.953026969883575 -5.474542876113947 -11.789946017996204 -10.113090620971914 -3.0113902881714805 -8.186485356537483 -6.4280840612102885 -10.878358440717282 -9.290517825155469 -1.9700197235072459 -11.979206980185566 -8.1511985409702 -10.238682716157665 -13.998645447334733 -13.353149782334482 -14.283065336473884 -10.522718574881207
12.625250501002004 -6.786678293370514 -10.89955776069127 -9.32879482622086 -9.734464884759042 -12.347754351431561 -11.794187004947467 -5.145552552441216 -2.603264047649354 5.580380409161536 -1.5300339725312457 0.37069973150977065 -7.932914560581044 -5.44933197737047 -11.779715421380363 -10.099205574108254 -2.977239795938076 -8.167380822127528 -6.404699045405007 -10.866587277967934 -9.274238410921924 -1.9349492197199325 -11.970994429348618 -8.133065332621996 -10.22574973913672 -13.998703288562256 -13.349971104321233 -14.285373074160786 -10.512554177030449
12.685370741482965 -6.76425363966505 -10.88787796149715 -9.312774124320438 -9.721342072660466 -12.340704338311088 -11.785259803285104 -5.118982100087442 -2.5677648385201124 5.632116593528342 -1.5030840377292694 0.3975850428667518 -7.912781115200567 -5.424110184717147 -11.769454953633335 -10.085298056349156 -2.943083656670773 -8.148256716500873 -6.38129874018329 -10.85478746532166 -9.257934958374161 -1.8998730901209981 -11.962750143885312 -8.1149139306617 -10.21279262032774 -13.998722335084002 -13.346756030883318 -14.287640783969502 -10.50236712590742
12.745490981963927 -6.741821139517263 -10.876175236046581 -9.296736647279467 -9.70820341722634 -12.333625555283518 -11.776305959458018 -5.092408379783847 -2.5322730891313405 5.683803805324456 -1.4761530034497379 0.42445914746430136 -7.892634591762005 -5.398886683385008 -11.759170141417023 -10.0713744786981 -2.908933264722553 -8.12912074285533 -6.357891889385545 -10.842964909383568 -9.241614480374434 -1.8648029595470383 -11.954479154474615 -8.096751771676125 -10.199817532974471 -13.998705572402164 -13.343508350332963 -14.289870891112313 -10.492162875860735
12.80561122244489 -6.719352650605206 -10.864430836338848 -9.28065985383002 -9.695028877879981 -12.326503296270879 -11.767309129151737 -5.065799632951463 -2.4967492380439182 5.735495824689935 -1.449208587789403 0.4513542649531357 -7.872448861374164 -5.373630886407458 -11.74884347539954 -10.057414141463134 -2.874750237010606 -8.109947651523138 -6.334449498489292 -10.831100757474506 -9.225254190589567 -1.8296996441847568 -11.946165712432553 -8.078554432346348 -10.186804601967037 -13.998644456582008 -13.340216700623023 -14.292056809752028 -10.48192394089595
12.86573146292585 -6.696867599425094 -10.852657972404174 -9.26455946734885 -9.681832460756326 -12.319348085797692 -11.758280926732603 -5.039177695023041 -2.4612202929665195 5.787156302756579 -1.4222726224306466 0.47824858276672844 -7.8522420383144125 -5.348363835908771 -11.738487341286234 -10.043431533557776 -2.840560807993573 -8.090754965382805 -6.310991559381627 -10.819208289284283 -9.208869979154493 -1.794589916022975 -11.937821034148683 -8.060338844913097 -10.173767760972545 -13.99854539947478 -13.336889376278938 -14.294203640715748 -10.471662612155495
12.925851703406813 -6.674376945208671 -10.840864165596766 -9.248444399893447 -9.668622104634945 -12.31216595627517 -11.74922798957125 -5.012554863430615 -2.425701416748023 5.838764956357296 -1.3953572811456456 0.5051299203524775 -7.832024364345281 -5.323097380792245 -11.728108802496717 -10.029434874784037 -2.806379714334295 -8.071552592771221 -6.287529344456821 -10.807295064772049 -9.192470852504009 -1.7594888125261754 -11.929451534586857 -8.042114575985408 -10.160714921057696 -13.998412145717738 -13.333531169724074 -14.296314397607295 -10.4613858695261
12.985971943887774 -6.651851016164034 -10.829029629499534 -9.232290873500784 -9.65537667929297 -12.304941376750964 -11.740133061212923 -4.9858976570685085 -2.3901509123764697 5.890378392062805 -1.3684286097389626 0.532032186787156 -7.811768280065981 -5.297799282817412 -11.717689377780857 -10.015402335581147 -2.7721664991531836 -8.052313906962192 -6.264032284934089 -10.795341187394225 -9.17603277287066 -1.724355031104583 -11.921040586649703 -8.023855876929584 -10.1476251191934 -13.998235657958842 -13.330130073781985 -14.298382107849184 -10.451075279465787
13.046092184368737 -6.629305110616386 -10.817164795980663 -9.216111287860933 -9.642107227770111 -12.297682674879908 -11.731005323663002 -4.959223263213036 -2.3545900191727753 5.941968086786475 -1.341503733455784 0.5589382600934347 -7.791488061031118 -5.272486102407207 -11.707238852553605 -10.001345343470575 -2.7379417970032205 -8.03305271663726 -6.240516121991728 -10.783357143581487 -9.159568271719376 -1.689209629104802 -11.91259705940622 -8.005576086371988 -10.134509347732266 -13.99802103729696 -13.3266926668146 -14.30041084300976 -10.440740536747892
13.1062124248497 -6.606753300776269 -10.805279273672088 -9.199917056535902 -9.628823908433013 -12.29039752776183 -11.721853238721831 -4.9325474893735075 -2.3190382646752106 5.993507867135414 -1.3145983541869017 0.5858324271782469 -7.771196845568984 -5.247173065512211 -11.69676624135586 -9.987274413434736 -2.703724580678142 -8.013781727061405 -6.216995334206317 -10.771352592002117 -9.143088884762012 -1.6540719691812278 -11.904129125957379 -7.987287472521594 -10.121377723114175 -13.997772995163123 -13.323225018171152 -14.302404367307682 -10.43039055745865
13.16633266533066 -6.584164650008848 -10.793352415211483 -9.183683377599099 -9.6155046924879 -12.283069719709747 -11.712658792969712 -4.90583542971451 -2.283452185755497 6.045056656869289 -1.2876771535560212 0.6127499823682894 -7.750865889027268 -5.221826570930851 -11.686252257207538 -9.973166783207763 -2.669472678186644 -7.9944731726543745 -6.19343805105812 -10.759306770701986 -9.126569537557394 -1.6188989956921773 -11.895619430811113 -7.968963192578364 -10.108208383519361 -13.997482084662137 -13.319714585165164 -14.30435538757809 -10.420006128862216
13.226452905811623 -6.5615563688229805 -10.781395933932707 -9.167424186837891 -9.602161981588058 -12.275708587171383 -11.703432288152378 -4.879106428911647 -2.247855706269366 6.096582327466799 -1.2607594090523118 0.6396716415558825 -7.730511247796302 -5.196465251601129 -11.675707882768773 -9.95903528623921 -2.6352093293604573 -7.975142579310448 -6.169861983276075 -10.747231454591244 -9.110024315315162 -1.583714426934968 -11.88707792121619 -7.950618241772283 -10.095013672593272 -13.997153996445453 -13.316168727515867 -14.306268430856386 -10.409598127723623
13.286573146292584 -6.538941249850918 -10.769418574264726 -9.151149865674135 -9.588805011140558 -12.268321121710155 -11.694181428263626 -4.852374855360636 -2.212266570865964 6.148061131430375 -1.2338593609215383 0.6665831440012551 -7.710144870518339 -5.171102943894933 -11.665141322858663 -9.944889484257128 -2.60095177575683 -7.9558014996200805 -6.146280292175597 -10.735135433477563 -9.093463711141414 -1.5485358594913912 -11.878512038201965 -7.932263771985308 -10.08180279090519 -13.996793028007184 -13.312592976360465 -14.30814693349875 -10.399174658866581
13.346693386773547 -6.5162876997922226 -10.7573992367589 -9.134835077628622 -9.57541128944726 -12.260890745862607 -11.684887800694348 -4.825605063577242 -2.176640400910781 6.199553156723582 -1.2069410180616909 0.6935204796157604 -7.6897373929230755 -5.145705343896253 -11.6545328673159 -9.930706132719209 -2.566656956027782 -7.936421576225816 -6.1226604317777245 -10.72299749108538 -9.076862108551076 -1.5133193274490253 -11.869904043041934 -7.91387237520631 -10.06855341052848 -13.996389514749426 -13.308974505340208 -14.309983431897349 -10.388716111643959
13.40681362725451 -6.493617455314418 -10.745352674794617 -9.118497398642766 -9.561996443665812 -12.25342919404369 -11.67556436620691 -4.798821501254827 -2.1410074636438026 6.251017743182172 -1.1800287582985365 0.720459249011999 -7.669309086445229 -5.120295990689762 -11.643896340875283 -9.916501401878605 -2.53235426693178 -7.917022402544657 -6.099024774092321 -10.710832458915807 -9.06023727392311 -1.4780948363209312 -11.861266444867002 -7.895462973031151 -10.055281082470522 -13.995950559552204 -13.305322537395233 -14.311783550445137 -10.378236174347588
13.46693386773547 -6.4709431626137 -10.73328753091241 -9.10214709008816 -9.548569596081684 -12.245943374525936 -11.666218738248961 -4.772038374448907 -2.1053853065942185 6.302431431945263 -1.1531366404005712 0.7473853623298656 -7.648871765023817 -5.094888559677834 -11.633239851699965 -9.902284737628595 -2.498060758100913 -7.897615397392667 -6.075386330015977 -10.698649024363984 -9.04359957990561 -1.4428797881592104 -11.852606595901616 -7.8770465852846705 -10.041994896362691 -13.995480402957037 -13.301642534645433 -14.313550676401404 -10.367742847787316
13.527054108216433 -6.448225389044939 -10.721177423735426 -9.08575250078048 -9.535102660471146 -12.238412533809466 -11.656827878282225 -4.745211204069718 -2.0697185812353958 6.353869029942875 -1.1262198825403575 0.7743436314254883 -7.628388758085436 -5.0694402556638565 -11.622538749046864 -9.888027106523555 -2.4637227191686972 -7.8781651537005155 -6.051704481608695 -10.686420660761584 -9.026917024034997 -1.4076193426705785 -11.843902299615845 -7.858589000510499 -10.028666957768149 -13.99496690441003 -13.297918416903086 -14.315275413696698 -10.357211642530828
13.587174348697394 -6.4254853341475915 -10.709036742324862 -9.069330772376851 -9.521610871634056 -12.230848115901551 -11.64740442695587 -4.718363835188902 -2.0340368106453255 6.405290904639231 -1.0993022377298263 0.8013102711717903 -7.607879838844156 -5.043974032916342 -11.61180651555971 -9.87374427433749 -2.4293688239908495 -7.85869077990547 -6.028001048118714 -10.674161833337141 -9.010206934562532 -1.3723427687824952 -11.83516575500926 -7.8401086688295685 -10.015312429375562 -13.99441698734213 -13.294159176882 -14.316963242088468 -10.346655898909667
