web/models/linear/53/-16_776_0_004.dat
# %ECSV 1.0
# ---
# datatype:
# - {name: time, datatype: float64}
# - {name: sdss_u, datatype: float64}
# - {name: sdss_g, datatype: float64}
# - {name: sdss_r, datatype: float64}
# - {name: sdss_i, datatype: float64}
# - {name: sdss_z, datatype: float64}
# - {name: Clear, datatype: float64}
# - {name: johnson_B, datatype: float64}
# - {name: johnson_V, datatype: float64}
# - {name: johnson_R, datatype: float64}
# - {name: johnson_I, datatype: float64}
# - {name: ukirt_J, datatype: float64}
# - {name: ukirt_H, datatype: float64}
# - {name: ukirt_K, datatype: float64}
# meta: !!omap
# - comment: [M=-16.775510204081634, dM=0.004039351362401992]
# schema: astropy-2.0
time sdss_u sdss_g sdss_r sdss_i sdss_z Clear johnson_B johnson_V johnson_R johnson_I ukirt_J ukirt_H ukirt_K
[from data line 177]
13.341708542713567 -16.721618355502855 -16.721618355502855 -16.721618355502855 -16.721618355502855 -16.721618355502855 -16.721618355502855 -16.721618355502855 -16.721618355502855 -16.721618355502855 -16.721618355502855 -16.721618355502855 -16.721618355502855 -16.721618355502855
13.417085427135678 -16.72131388178207 -16.72131388178207 -16.72131388178207 -16.72131388178207 -16.72131388178207 -16.72131388178207 -16.72131388178207 -16.72131388178207 -16.72131388178207 -16.72131388178207 -16.72131388178207 -16.72131388178207 -16.72131388178207
13.492462311557787 -16.721009408061285 -16.721009408061285 -16.721009408061285 -16.721009408061285 -16.721009408061285 -16.721009408061285 -16.721009408061285 -16.721009408061285 -16.721009408061285 -16.721009408061285 -16.721009408061285 -16.721009408061285 -16.721009408061285
13.567839195979898 -16.7207049343405 -16.7207049343405 -16.7207049343405 -16.7207049343405 -16.7207049343405 -16.7207049343405 -16.7207049343405 -16.7207049343405 -16.7207049343405 -16.7207049343405 -16.7207049343405 -16.7207049343405 -16.7207049343405
13.64321608040201 -16.720400460619718 -16.720400460619718 -16.720400460619718 -16.720400460619718 -16.720400460619718 -16.720400460619718 -16.720400460619718 -16.720400460619718 -16.720400460619718 -16.720400460619718 -16.720400460619718 -16.720400460619718 -16.720400460619718
13.718592964824118 -16.720095986898933 -16.720095986898933 -16.720095986898933 -16.720095986898933 -16.720095986898933 -16.720095986898933 -16.720095986898933 -16.720095986898933 -16.720095986898933 -16.720095986898933 -16.720095986898933 -16.720095986898933 -16.720095986898933
13.79396984924623 -16.719791513178148 -16.719791513178148 -16.719791513178148 -16.719791513178148 -16.719791513178148 -16.719791513178148 -16.719791513178148 -16.719791513178148 -16.719791513178148 -16.719791513178148 -16.719791513178148 -16.719791513178148 -16.719791513178148
13.86934673366834 -16.719487039457366 -16.719487039457366 -16.719487039457366 -16.719487039457366 -16.719487039457366 -16.719487039457366 -16.719487039457366 -16.719487039457366 -16.719487039457366 -16.719487039457366 -16.719487039457366 -16.719487039457366 -16.719487039457366
13.944723618090451 -16.71918256573658 -16.71918256573658 -16.71918256573658 -16.71918256573658 -16.71918256573658 -16.71918256573658 -16.71918256573658 -16.71918256573658 -16.71918256573658 -16.71918256573658 -16.71918256573658 -16.71918256573658 -16.71918256573658
14.020100502512562 -16.718878092015796 -16.718878092015796 -16.718878092015796 -16.718878092015796 -16.718878092015796 -16.718878092015796 -16.718878092015796 -16.718878092015796 -16.718878092015796 -16.718878092015796 -16.718878092015796 -16.718878092015796 -16.718878092015796
14.095477386934672 -16.718573618295014 -16.718573618295014 -16.718573618295014 -16.718573618295014 -16.718573618295014 -16.718573618295014 -16.718573618295014 -16.718573618295014 -16.718573618295014 -16.718573618295014 -16.718573618295014 -16.718573618295014 -16.718573618295014
14.170854271356783 -16.71826914457423 -16.71826914457423 -16.71826914457423 -16.71826914457423 -16.71826914457423 -16.71826914457423 -16.71826914457423 -16.71826914457423 -16.71826914457423 -16.71826914457423 -16.71826914457423 -16.71826914457423 -16.71826914457423
14.246231155778894 -16.717964670853444 -16.717964670853444 -16.717964670853444 -16.717964670853444 -16.717964670853444 -16.717964670853444 -16.717964670853444 -16.717964670853444 -16.717964670853444 -16.717964670853444 -16.717964670853444 -16.717964670853444 -16.717964670853444
14.321608040201003 -16.71766019713266 -16.71766019713266 -16.71766019713266 -16.71766019713266 -16.71766019713266 -16.71766019713266 -16.71766019713266 -16.71766019713266 -16.71766019713266 -16.71766019713266 -16.71766019713266 -16.71766019713266 -16.71766019713266
14.396984924623114 -16.717355723411877 -16.717355723411877 -16.717355723411877 -16.717355723411877 -16.717355723411877 -16.717355723411877 -16.717355723411877 -16.717355723411877 -16.717355723411877 -16.717355723411877 -16.717355723411877 -16.717355723411877 -16.717355723411877
14.472361809045225 -16.717051249691092 -16.717051249691092 -16.717051249691092 -16.717051249691092 -16.717051249691092 -16.717051249691092 -16.717051249691092 -16.717051249691092 -16.717051249691092 -16.717051249691092 -16.717051249691092 -16.717051249691092 -16.717051249691092
14.547738693467336 -16.716746775970307 -16.716746775970307 -16.716746775970307 -16.716746775970307 -16.716746775970307 -16.716746775970307 -16.716746775970307 -16.716746775970307 -16.716746775970307 -16.716746775970307 -16.716746775970307 -16.716746775970307 -16.716746775970307
14.623115577889447 -16.716442302249526 -16.716442302249526 -16.716442302249526 -16.716442302249526 -16.716442302249526 -16.716442302249526 -16.716442302249526 -16.716442302249526 -16.716442302249526 -16.716442302249526 -16.716442302249526 -16.716442302249526 -16.716442302249526
14.698492462311556 -16.71613782852874 -16.71613782852874 -16.71613782852874 -16.71613782852874 -16.71613782852874 -16.71613782852874 -16.71613782852874 -16.71613782852874 -16.71613782852874 -16.71613782852874 -16.71613782852874 -16.71613782852874 -16.71613782852874
14.773869346733667 -16.715833354807955 -16.715833354807955 -16.715833354807955 -16.715833354807955 -16.715833354807955 -16.715833354807955 -16.715833354807955 -16.715833354807955 -16.715833354807955 -16.715833354807955 -16.715833354807955 -16.715833354807955 -16.715833354807955
14.849246231155778 -16.715528881087174 -16.715528881087174 -16.715528881087174 -16.715528881087174 -16.715528881087174 -16.715528881087174 -16.715528881087174 -16.715528881087174 -16.715528881087174 -16.715528881087174 -16.715528881087174 -16.715528881087174 -16.715528881087174
14.924623115577887 -16.71522440736639 -16.71522440736639 -16.71522440736639 -16.71522440736639 -16.71522440736639 -16.71522440736639 -16.71522440736639 -16.71522440736639 -16.71522440736639 -16.71522440736639 -16.71522440736639 -16.71522440736639 -16.71522440736639
15.0 -16.714919933645604 -16.714919933645604 -16.714919933645604 -16.714919933645604 -16.714919933645604 -16.714919933645604 -16.714919933645604 -16.714919933645604 -16.714919933645604 -16.714919933645604 -16.714919933645604 -16.714919933645604 -16.714919933645604
