web/models/linear/53/-16_776_0_016.dat
# %ECSV 1.0
# ---
# datatype:
# - {name: time, datatype: float64}
# - {name: sdss_u, datatype: float64}
# - {name: sdss_g, datatype: float64}
# - {name: sdss_r, datatype: float64}
# - {name: sdss_i, datatype: float64}
# - {name: sdss_z, datatype: float64}
# - {name: Clear, datatype: float64}
# - {name: johnson_B, datatype: float64}
# - {name: johnson_V, datatype: float64}
# - {name: johnson_R, datatype: float64}
# - {name: johnson_I, datatype: float64}
# - {name: ukirt_J, datatype: float64}
# - {name: ukirt_H, datatype: float64}
# - {name: ukirt_K, datatype: float64}
# meta: !!omap
# - comment: [M=-16.775510204081634, dM=0.01631635942893885]
# schema: astropy-2.0
time sdss_u sdss_g sdss_r sdss_i sdss_z Clear johnson_B johnson_V johnson_R johnson_I ukirt_J ukirt_H ukirt_K
[from data line 118]
8.894472361809044 -16.630384796095594 -16.630384796095594 -16.630384796095594 -16.630384796095594 -16.630384796095594 -16.630384796095594 -16.630384796095594 -16.630384796095594 -16.630384796095594 -16.630384796095594 -16.630384796095594 -16.630384796095594 -16.630384796095594
8.969849246231155 -16.62915491975673 -16.62915491975673 -16.62915491975673 -16.62915491975673 -16.62915491975673 -16.62915491975673 -16.62915491975673 -16.62915491975673 -16.62915491975673 -16.62915491975673 -16.62915491975673 -16.62915491975673 -16.62915491975673
9.045226130653266 -16.627925043417864 -16.627925043417864 -16.627925043417864 -16.627925043417864 -16.627925043417864 -16.627925043417864 -16.627925043417864 -16.627925043417864 -16.627925043417864 -16.627925043417864 -16.627925043417864 -16.627925043417864 -16.627925043417864
9.120603015075377 -16.626695167079 -16.626695167079 -16.626695167079 -16.626695167079 -16.626695167079 -16.626695167079 -16.626695167079 -16.626695167079 -16.626695167079 -16.626695167079 -16.626695167079 -16.626695167079 -16.626695167079
9.195979899497488 -16.625465290740134 -16.625465290740134 -16.625465290740134 -16.625465290740134 -16.625465290740134 -16.625465290740134 -16.625465290740134 -16.625465290740134 -16.625465290740134 -16.625465290740134 -16.625465290740134 -16.625465290740134 -16.625465290740134
9.271356783919597 -16.624235414401273 -16.624235414401273 -16.624235414401273 -16.624235414401273 -16.624235414401273 -16.624235414401273 -16.624235414401273 -16.624235414401273 -16.624235414401273 -16.624235414401273 -16.624235414401273 -16.624235414401273 -16.624235414401273
9.346733668341708 -16.623005538062408 -16.623005538062408 -16.623005538062408 -16.623005538062408 -16.623005538062408 -16.623005538062408 -16.623005538062408 -16.623005538062408 -16.623005538062408 -16.623005538062408 -16.623005538062408 -16.623005538062408 -16.623005538062408
9.422110552763819 -16.621775661723543 -16.621775661723543 -16.621775661723543 -16.621775661723543 -16.621775661723543 -16.621775661723543 -16.621775661723543 -16.621775661723543 -16.621775661723543 -16.621775661723543 -16.621775661723543 -16.621775661723543 -16.621775661723543
9.497487437185928 -16.620545785384678 -16.620545785384678 -16.620545785384678 -16.620545785384678 -16.620545785384678 -16.620545785384678 -16.620545785384678 -16.620545785384678 -16.620545785384678 -16.620545785384678 -16.620545785384678 -16.620545785384678 -16.620545785384678
9.572864321608039 -16.619315909045813 -16.619315909045813 -16.619315909045813 -16.619315909045813 -16.619315909045813 -16.619315909045813 -16.619315909045813 -16.619315909045813 -16.619315909045813 -16.619315909045813 -16.619315909045813 -16.619315909045813 -16.619315909045813
9.64824120603015 -16.618086032706948 -16.618086032706948 -16.618086032706948 -16.618086032706948 -16.618086032706948 -16.618086032706948 -16.618086032706948 -16.618086032706948 -16.618086032706948 -16.618086032706948 -16.618086032706948 -16.618086032706948 -16.618086032706948
9.72361809045226 -16.616856156368083 -16.616856156368083 -16.616856156368083 -16.616856156368083 -16.616856156368083 -16.616856156368083 -16.616856156368083 -16.616856156368083 -16.616856156368083 -16.616856156368083 -16.616856156368083 -16.616856156368083 -16.616856156368083
9.798994974874372 -16.61562628002922 -16.61562628002922 -16.61562628002922 -16.61562628002922 -16.61562628002922 -16.61562628002922 -16.61562628002922 -16.61562628002922 -16.61562628002922 -16.61562628002922 -16.61562628002922 -16.61562628002922 -16.61562628002922
9.874371859296481 -16.614396403690353 -16.614396403690353 -16.614396403690353 -16.614396403690353 -16.614396403690353 -16.614396403690353 -16.614396403690353 -16.614396403690353 -16.614396403690353 -16.614396403690353 -16.614396403690353 -16.614396403690353 -16.614396403690353
9.949748743718592 -16.61316652735149 -16.61316652735149 -16.61316652735149 -16.61316652735149 -16.61316652735149 -16.61316652735149 -16.61316652735149 -16.61316652735149 -16.61316652735149 -16.61316652735149 -16.61316652735149 -16.61316652735149 -16.61316652735149
10.025125628140703 -16.611936651012623 -16.611936651012623 -16.611936651012623 -16.611936651012623 -16.611936651012623 -16.611936651012623 -16.611936651012623 -16.611936651012623 -16.611936651012623 -16.611936651012623 -16.611936651012623 -16.611936651012623 -16.611936651012623
10.100502512562812 -16.61070677467376 -16.61070677467376 -16.61070677467376 -16.61070677467376 -16.61070677467376 -16.61070677467376 -16.61070677467376 -16.61070677467376 -16.61070677467376 -16.61070677467376 -16.61070677467376 -16.61070677467376 -16.61070677467376
10.175879396984923 -16.609476898334893 -16.609476898334893 -16.609476898334893 -16.609476898334893 -16.609476898334893 -16.609476898334893 -16.609476898334893 -16.609476898334893 -16.609476898334893 -16.609476898334893 -16.609476898334893 -16.609476898334893 -16.609476898334893
10.251256281407034 -16.60824702199603 -16.60824702199603 -16.60824702199603 -16.60824702199603 -16.60824702199603 -16.60824702199603 -16.60824702199603 -16.60824702199603 -16.60824702199603 -16.60824702199603 -16.60824702199603 -16.60824702199603 -16.60824702199603
10.326633165829145 -16.607017145657164 -16.607017145657164 -16.607017145657164 -16.607017145657164 -16.607017145657164 -16.607017145657164 -16.607017145657164 -16.607017145657164 -16.607017145657164 -16.607017145657164 -16.607017145657164 -16.607017145657164 -16.607017145657164
10.402010050251256 -16.6057872693183 -16.6057872693183 -16.6057872693183 -16.6057872693183 -16.6057872693183 -16.6057872693183 -16.6057872693183 -16.6057872693183 -16.6057872693183 -16.6057872693183 -16.6057872693183 -16.6057872693183 -16.6057872693183
10.477386934673365 -16.604557392979437 -16.604557392979437 -16.604557392979437 -16.604557392979437 -16.604557392979437 -16.604557392979437 -16.604557392979437 -16.604557392979437 -16.604557392979437 -16.604557392979437 -16.604557392979437 -16.604557392979437 -16.604557392979437
10.552763819095476 -16.603327516640572 -16.603327516640572 -16.603327516640572 -16.603327516640572 -16.603327516640572 -16.603327516640572 -16.603327516640572 -16.603327516640572 -16.603327516640572 -16.603327516640572 -16.603327516640572 -16.603327516640572 -16.603327516640572
10.628140703517587 -16.602097640301707 -16.602097640301707 -16.602097640301707 -16.602097640301707 -16.602097640301707 -16.602097640301707 -16.602097640301707 -16.602097640301707 -16.602097640301707 -16.602097640301707 -16.602097640301707 -16.602097640301707 -16.602097640301707
10.703517587939697 -16.600867763962842 -16.600867763962842 -16.600867763962842 -16.600867763962842 -16.600867763962842 -16.600867763962842 -16.600867763962842 -16.600867763962842 -16.600867763962842 -16.600867763962842 -16.600867763962842 -16.600867763962842 -16.600867763962842
10.778894472361808 -16.599637887623977 -16.599637887623977 -16.599637887623977 -16.599637887623977 -16.599637887623977 -16.599637887623977 -16.599637887623977 -16.599637887623977 -16.599637887623977 -16.599637887623977 -16.599637887623977 -16.599637887623977 -16.599637887623977
10.854271356783919 -16.598408011285112 -16.598408011285112 -16.598408011285112 -16.598408011285112 -16.598408011285112 -16.598408011285112 -16.598408011285112 -16.598408011285112 -16.598408011285112 -16.598408011285112 -16.598408011285112 -16.598408011285112 -16.598408011285112
10.92964824120603 -16.597178134946247 -16.597178134946247 -16.597178134946247 -16.597178134946247 -16.597178134946247 -16.597178134946247 -16.597178134946247 -16.597178134946247 -16.597178134946247 -16.597178134946247 -16.597178134946247 -16.597178134946247 -16.597178134946247
11.00502512562814 -16.595948258607383 -16.595948258607383 -16.595948258607383 -16.595948258607383 -16.595948258607383 -16.595948258607383 -16.595948258607383 -16.595948258607383 -16.595948258607383 -16.595948258607383 -16.595948258607383 -16.595948258607383 -16.595948258607383
11.08040201005025 -16.594718382268518 -16.594718382268518 -16.594718382268518 -16.594718382268518 -16.594718382268518 -16.594718382268518 -16.594718382268518 -16.594718382268518 -16.594718382268518 -16.594718382268518 -16.594718382268518 -16.594718382268518 -16.594718382268518
11.15577889447236 -16.593488505929653 -16.593488505929653 -16.593488505929653 -16.593488505929653 -16.593488505929653 -16.593488505929653 -16.593488505929653 -16.593488505929653 -16.593488505929653 -16.593488505929653 -16.593488505929653 -16.593488505929653 -16.593488505929653
11.231155778894472 -16.592258629590788 -16.592258629590788 -16.592258629590788 -16.592258629590788 -16.592258629590788 -16.592258629590788 -16.592258629590788 -16.592258629590788 -16.592258629590788 -16.592258629590788 -16.592258629590788 -16.592258629590788 -16.592258629590788
11.306532663316581 -16.591028753251923 -16.591028753251923 -16.591028753251923 -16.591028753251923 -16.591028753251923 -16.591028753251923 -16.591028753251923 -16.591028753251923 -16.591028753251923 -16.591028753251923 -16.591028753251923 -16.591028753251923 -16.591028753251923
11.381909547738692 -16.589798876913058 -16.589798876913058 -16.589798876913058 -16.589798876913058 -16.589798876913058 -16.589798876913058 -16.589798876913058 -16.589798876913058 -16.589798876913058 -16.589798876913058 -16.589798876913058 -16.589798876913058 -16.589798876913058
11.457286432160803 -16.588569000574193 -16.588569000574193 -16.588569000574193 -16.588569000574193 -16.588569000574193 -16.588569000574193 -16.588569000574193 -16.588569000574193 -16.588569000574193 -16.588569000574193 -16.588569000574193 -16.588569000574193 -16.588569000574193
11.532663316582914 -16.587339124235328 -16.587339124235328 -16.587339124235328 -16.587339124235328 -16.587339124235328 -16.587339124235328 -16.587339124235328 -16.587339124235328 -16.587339124235328 -16.587339124235328 -16.587339124235328 -16.587339124235328 -16.587339124235328
11.608040201005025 -16.586109247896463 -16.586109247896463 -16.586109247896463 -16.586109247896463 -16.586109247896463 -16.586109247896463 -16.586109247896463 -16.586109247896463 -16.586109247896463 -16.586109247896463 -16.586109247896463 -16.586109247896463 -16.586109247896463
11.683417085427134 -16.584879371557598 -16.584879371557598 -16.584879371557598 -16.584879371557598 -16.584879371557598 -16.584879371557598 -16.584879371557598 -16.584879371557598 -16.584879371557598 -16.584879371557598 -16.584879371557598 -16.584879371557598 -16.584879371557598
11.758793969849245 -16.583649495218737 -16.583649495218737 -16.583649495218737 -16.583649495218737 -16.583649495218737 -16.583649495218737 -16.583649495218737 -16.583649495218737 -16.583649495218737 -16.583649495218737 -16.583649495218737 -16.583649495218737 -16.583649495218737
11.834170854271356 -16.58241961887987 -16.58241961887987 -16.58241961887987 -16.58241961887987 -16.58241961887987 -16.58241961887987 -16.58241961887987 -16.58241961887987 -16.58241961887987 -16.58241961887987 -16.58241961887987 -16.58241961887987 -16.58241961887987
11.909547738693465 -16.581189742541007 -16.581189742541007 -16.581189742541007 -16.581189742541007 -16.581189742541007 -16.581189742541007 -16.581189742541007 -16.581189742541007 -16.581189742541007 -16.581189742541007 -16.581189742541007 -16.581189742541007 -16.581189742541007
11.984924623115576 -16.57995986620214 -16.57995986620214 -16.57995986620214 -16.57995986620214 -16.57995986620214 -16.57995986620214 -16.57995986620214 -16.57995986620214 -16.57995986620214 -16.57995986620214 -16.57995986620214 -16.57995986620214 -16.57995986620214
12.060301507537687 -16.578729989863277 -16.578729989863277 -16.578729989863277 -16.578729989863277 -16.578729989863277 -16.578729989863277 -16.578729989863277 -16.578729989863277 -16.578729989863277 -16.578729989863277 -16.578729989863277 -16.578729989863277 -16.578729989863277
12.135678391959798 -16.57750011352441 -16.57750011352441 -16.57750011352441 -16.57750011352441 -16.57750011352441 -16.57750011352441 -16.57750011352441 -16.57750011352441 -16.57750011352441 -16.57750011352441 -16.57750011352441 -16.57750011352441 -16.57750011352441
12.21105527638191 -16.576270237185547 -16.576270237185547 -16.576270237185547 -16.576270237185547 -16.576270237185547 -16.576270237185547 -16.576270237185547 -16.576270237185547 -16.576270237185547 -16.576270237185547 -16.576270237185547 -16.576270237185547 -16.576270237185547
12.286432160804019 -16.575040360846682 -16.575040360846682 -16.575040360846682 -16.575040360846682 -16.575040360846682 -16.575040360846682 -16.575040360846682 -16.575040360846682 -16.575040360846682 -16.575040360846682 -16.575040360846682 -16.575040360846682 -16.575040360846682
12.36180904522613 -16.573810484507817 -16.573810484507817 -16.573810484507817 -16.573810484507817 -16.573810484507817 -16.573810484507817 -16.573810484507817 -16.573810484507817 -16.573810484507817 -16.573810484507817 -16.573810484507817 -16.573810484507817 -16.573810484507817
12.43718592964824 -16.572580608168952 -16.572580608168952 -16.572580608168952 -16.572580608168952 -16.572580608168952 -16.572580608168952 -16.572580608168952 -16.572580608168952 -16.572580608168952 -16.572580608168952 -16.572580608168952 -16.572580608168952 -16.572580608168952
12.51256281407035 -16.571350731830087 -16.571350731830087 -16.571350731830087 -16.571350731830087 -16.571350731830087 -16.571350731830087 -16.571350731830087 -16.571350731830087 -16.571350731830087 -16.571350731830087 -16.571350731830087 -16.571350731830087 -16.571350731830087
12.58793969849246 -16.570120855491222 -16.570120855491222 -16.570120855491222 -16.570120855491222 -16.570120855491222 -16.570120855491222 -16.570120855491222 -16.570120855491222 -16.570120855491222 -16.570120855491222 -16.570120855491222 -16.570120855491222 -16.570120855491222
12.663316582914572 -16.568890979152357 -16.568890979152357 -16.568890979152357 -16.568890979152357 -16.568890979152357 -16.568890979152357 -16.568890979152357 -16.568890979152357 -16.568890979152357 -16.568890979152357 -16.568890979152357 -16.568890979152357 -16.568890979152357
12.738693467336683 -16.567661102813492 -16.567661102813492 -16.567661102813492 -16.567661102813492 -16.567661102813492 -16.567661102813492 -16.567661102813492 -16.567661102813492 -16.567661102813492 -16.567661102813492 -16.567661102813492 -16.567661102813492 -16.567661102813492
12.814070351758794 -16.566431226474627 -16.566431226474627 -16.566431226474627 -16.566431226474627 -16.566431226474627 -16.566431226474627 -16.566431226474627 -16.566431226474627 -16.566431226474627 -16.566431226474627 -16.566431226474627 -16.566431226474627 -16.566431226474627
12.889447236180903 -16.565201350135762 -16.565201350135762 -16.565201350135762 -16.565201350135762 -16.565201350135762 -16.565201350135762 -16.565201350135762 -16.565201350135762 -16.565201350135762 -16.565201350135762 -16.565201350135762 -16.565201350135762 -16.565201350135762
12.964824120603014 -16.5639714737969 -16.5639714737969 -16.5639714737969 -16.5639714737969 -16.5639714737969 -16.5639714737969 -16.5639714737969 -16.5639714737969 -16.5639714737969 -16.5639714737969 -16.5639714737969 -16.5639714737969 -16.5639714737969
13.040201005025125 -16.562741597458036 -16.562741597458036 -16.562741597458036 -16.562741597458036 -16.562741597458036 -16.562741597458036 -16.562741597458036 -16.562741597458036 -16.562741597458036 -16.562741597458036 -16.562741597458036 -16.562741597458036 -16.562741597458036
13.115577889447234 -16.56151172111917 -16.56151172111917 -16.56151172111917 -16.56151172111917 -16.56151172111917 -16.56151172111917 -16.56151172111917 -16.56151172111917 -16.56151172111917 -16.56151172111917 -16.56151172111917 -16.56151172111917 -16.56151172111917
