web/models/kne/49/mosfit_kn_0.144270_0.1240_10.0000.dat
# %ECSV 1.0
# ---
# datatype:
# - {name: time, datatype: float64}
# - {name: PS1_g, datatype: float64}
# - {name: PS1_i, datatype: float64}
# - {name: PS1_r, datatype: float64}
# - {name: PS1_w, datatype: float64}
# - {name: PS1_y, datatype: float64}
# - {name: PS1_z, datatype: float64}
# - {name: swift_uvot_B, datatype: float64}
# - {name: swift_uvot_U, datatype: float64}
# - {name: swift_uvot_uvm2, datatype: float64}
# - {name: swift_uvot_uvw1, datatype: float64}
# - {name: swift_uvot_uvw2, datatype: float64}
# - {name: swift_uvot_V, datatype: float64}
# - {name: johnson_B, datatype: float64}
# - {name: johnson_I, datatype: float64}
# - {name: johnson_R, datatype: float64}
# - {name: johnson_U, datatype: float64}
# - {name: johnson_V, datatype: float64}
# - {name: sdss_g, datatype: float64}
# - {name: sdss_i, datatype: float64}
# - {name: sdss_r, datatype: float64}
# - {name: sdss_u, datatype: float64}
# - {name: sdss_z, datatype: float64}
# - {name: ATLAS_c, datatype: float64}
# - {name: ATLAS_o, datatype: float64}
# - {name: ukirt_H, datatype: float64}
# - {name: ukirt_J, datatype: float64}
# - {name: ukirt_K, datatype: float64}
# - {name: Clear, datatype: float64}
# meta: !!omap
# - comment: [kappa = 10.0, type = rprocess, mass = 0.1442699905917794, velocity = 0.12399999999999999, theta_obs = 0.0, tfloor = 1000.0]
# schema: astropy-2.0
time PS1_g PS1_i PS1_r PS1_w PS1_y PS1_z swift_uvot_B swift_uvot_U swift_uvot_uvm2 swift_uvot_uvw1 swift_uvot_uvw2 swift_uvot_V johnson_B johnson_I johnson_R johnson_U johnson_V sdss_g sdss_i sdss_r sdss_u sdss_z ATLAS_c ATLAS_o ukirt_H ukirt_J ukirt_K Clear
[from data line 286]
17.25450901803607 -1.5721884223434657 -8.08796536289206 -5.550827256336959 -6.695640706668158 -10.581005853704681 -9.597903026030092 1.0174515015067065 5.599537712955733 16.96402635137854 4.343541941157039 6.414990561553427 -3.191156921225489 0.3294217579130138 -9.298013232142043 -6.885957323869143 4.914007697021113 -3.719636372992345 -0.9715500563488355 -8.029007927373435 -5.41872792136644 6.18516866502409 -9.950506972675122 -3.933542921863733 -7.198632473888562 -13.865862076076441 -12.470786118543591 -14.680808428668024 -8.189261124594509
17.314629258517034 -1.5318157646336594 -8.062953117910219 -5.519678801839731 -6.669633883635466 -10.56269840410824 -9.576801997164672 1.0639735773629588 5.659354757028634 17.04163772075002 4.386470051280238 6.4600893741776275 -3.153613483128262 0.3729887701947871 -9.275179653943113 -6.859001853595104 4.971724877526629 -3.6844248377944107 -0.9297842809979429 -8.003838044226104 -5.3870045516434395 6.244480771004195 -9.93068331673129 -3.899943778883568 -7.172632038463167 -13.858243560061394 -12.45830058776839 -14.676682493130746 -8.16815550245499
17.374749498997996 -1.4913655869499465 -8.037878426257095 -5.4884624999129805 -6.643567864398214 -10.544335057589418 -9.555641876002134 1.1105797678007157 5.719271837993283 17.11934135688654 4.429462454807851 6.505266137611102 -3.1159935764265905 0.41663122174961104 -9.252286530804465 -6.831989744760947 5.029538312635651 -3.649144933672212 -0.8879397705823067 -7.978605702526842 -5.355211941306326 6.303892162996867 -9.910803829451993 -3.866276357570726 -7.146572298966181 -13.850581745595123 -12.445766287017912 -14.672517635999307 -8.14699907354644
17.43486973947896 -1.4508072934274985 -8.012720559711202 -5.457153683858493 -6.617421277518432 -10.525899387905557 -9.534404441904965 1.1573046139200727 5.779332042634806 17.197191815573923 4.47255139512686 6.550554492914632 -3.078268426830893 0.4603817412260331 -9.229314535453856 -6.804899047815607 5.08748972788651 -3.6137694102617575 -0.8459850366124755 -7.953290074025077 -5.32332505397612 6.363445594124162 -9.890851120812396 -3.832514409542487 -7.1204318953636125 -13.842867067918919 -12.433170529228653 -14.668306532540514 -8.125773621943999
17.494989979959918 -1.4101712656077403 -7.987500225897026 -5.425776928142003 -6.591215444754379 -10.507407874858998 -9.513107935133913 1.204113855058101 5.839492736613892 17.27513534170169 4.515704916927241 6.595921098851921 -3.0404666413863817 0.5042079258884653 -9.206283003317168 -6.777751706619413 5.145537802394021 -3.5783254209301925 -0.803951340055864 -7.927911966597705 -5.2913688274233905 6.4230987392476635 -9.870842632842152 -3.7986840416502154 -7.094232152844597 -13.835109265852912 -12.42052612404988 -14.664056716538523 -8.104497382850262
17.55511022044088 -1.3694847082762074 -7.9622359763012795 -5.394354241971175 -6.564969456361975 -10.488875287708463 -9.491768700785368 1.2509768147035671 5.899715746714502 17.353123879671607 4.558894446203521 6.64133611400549 -3.002613842167066 0.5480807736607181 -9.18320925675075 -6.750567362561449 5.203645540735138 -3.5428372760735245 -0.7618666722202327 -7.9024900211912374 -5.259365597803551 6.4828137014133524 -9.850793992820766 -3.764808628359031 -7.067992165671466 -13.82731707327684 -12.40784455430603 -14.659774946826436 -8.083186677698162
17.615230460921843 -1.328731526161544 -7.936916935944058 -5.362872667503282 -6.538672089280766 -10.470293024967408 -9.470377188806243 1.2979116721053863 5.960023771297909 17.43118624967376 4.602136974599791 6.686817254121685 -2.9646949019000894 0.592017453608747 -9.160083161492214 -6.723334496264262 5.261834917797266 -3.5072906586716863 -0.7197144665074262 -7.877013310296146 -5.227302212724467 6.542612998488249 -9.83069609206268 -3.7308743689746215 -7.041700720190569 -13.819485513328472 -12.395119194281426 -14.655457428579444 -8.061831951086642
17.675350701402806 -1.2878642054062972 -7.911510872901157 -5.33129387399077 -6.512290135452012 -10.451635519855653 -9.44890505143034 1.3449720562380996 6.020483683156019 17.50940696326882 4.645482499038778 6.732416725914462 -2.9266651184643715 0.6360686166018288 -9.136874657704485 -6.696019001716913 5.32017069766577 -3.471643237015482 -0.6774458260773741 -7.851449447014609 -5.195139765701242 6.602562990459706 -9.81052187221609 -3.6968404954840572 -7.015324621345833 -13.81159965714591 -12.382330274377276 -14.651092707964748 -8.040404893079227
17.73547094188377 -1.2469211570759597 -7.886043953123831 -5.2996489192128315 -6.485850527476238 -10.432923588342451 -9.42737533420651 1.392114645772019 6.08104155202934 17.587718076852298 4.688890659642695 6.778092380676309 -2.888560660610307 0.6801933134521716 -9.113608171888014 -6.668648580169106 5.3786006209012065 -3.4359293162549926 -0.6351002741234346 -7.825824723461814 -5.162909776870919 6.662610141732657 -9.790293360067466 -3.6627400018588574 -6.988890804160377 -13.803671783524399 -12.36949396115518 -14.646690270990577 -8.018928517326547
17.795591182364728 -1.2059139247497264 -7.860524083517273 -5.2679471639415 -6.459361388205753 -10.414163544889323 -9.40579501485077 1.4393264340860312 6.1416812177521685 17.66609935007917 4.732349371447526 6.823831579036309 -2.850392412468559 0.7243792445443338 -9.090291093688016 -6.6412315968239115 5.437109018646378 -3.4001592329020065 -0.5926896858507114 -7.80014708458717 -5.13062174587013 6.722738403441024 -9.77001723361063 -3.628582814773491 -6.962407397232724 -13.79570566349427 -12.3566151846755 -14.642253054754162 -7.9974097801452615
17.85571142284569 -1.1648517829971716 -7.834957629301549 -5.23619613637619 -6.432829249746508 -10.395360479802953 -9.38416971485907 1.486596974524258 6.202389708204112 17.744534585508248 4.77584894705112 6.869624176189447 -2.812169123933164 0.7686165331991786 -9.066929373851124 -6.613774779260216 5.495683311568882 -3.364341296705768 -0.5502236014097761 -7.774422926116902 -5.098283312950329 6.78293489104167 -9.749698874095465 -3.594376911420394 -6.935880938661665 -13.787704349093167 -12.34369792584335 -14.637783442309845 -7.975854277430212
17.915831663326653 -1.1236743472211508 -7.809303602661792 -5.204347109828138 -6.406211906858754 -10.376481866201761 -9.362463375289618 1.5339944173497677 6.263251996161543 17.82313101452084 4.81945284539826 6.915536490132187 -2.773833969957285 0.8129695252162745 -9.043484784882267 -6.586234791677666 5.554405790547381 -3.328421713275966 -0.5076398810436267 -7.748611063938924 -5.065845016768904 6.843283927409569 -9.72930386657195 -3.560070482963411 -6.9092692372319675 -13.77964882721036 -12.33071702296275 -14.633266836741308 -7.954226036635692
17.975951903807616 -1.0824133211352027 -7.7835836117347235 -5.172425724567216 -6.3795315892116555 -10.357544900634341 -9.34069503197481 1.581483008430159 6.324223574713805 17.90183264481646 4.863127794435869 6.96153374610773 -2.735416810339111 0.8574044337136895 -9.019977499233349 -6.558634493921212 5.613233328273644 -3.292428796504507 -0.4649711454286276 -7.722733210085462 -5.033332880744119 6.90374133012309 -9.708850403935525 -3.5256907602683363 -6.882594525758456 -13.77154925008952 -12.317685835862749 -14.628711084947684 -7.932544049152543
18.036072144288575 -1.0410787908631924 -7.757804571012361 -5.140440163080928 -6.3527953970793405 -10.338555108178902 -9.318870788674563 1.6290513848120802 6.3852903295927455 17.980621823437005 4.906863244911683 7.007604904703811 -2.696927157506537 0.9019105137148526 -8.996413980060353 -6.530981199319553 5.672152238338864 -3.2563715815187573 -0.42222777015780366 -7.696796312322061 -5.000755208902987 6.964293080977697 -9.688344328860907 -3.491246417585945 -6.855863910185498 -13.763408922957721 -12.304608681421366 -14.62411876395217 -7.910814396972121
18.096192384769537 -0.9996902716483191 -7.731979806097673 -5.108406222400603 -6.326017023073405 -10.31952310791091 -9.297002393557161 1.6766775444343984 6.446424885326021 18.05946422489082 4.9506387695906895 7.053728582664927 -2.658383402870677 0.9464669817191014 -8.972806670942603 -6.503288987216263 5.731135991868779 -3.2202675038972624 -0.3794298330946333 -7.670813759984068 -4.968128035604025 7.024912000884935 -9.667796870406686 -3.456754218748781 -6.829091087681629 -13.755234137876345 -12.291493821855449 -14.619494748272233 -7.889048779132395
18.1563126252505 -0.9582083138508324 -7.706082554211875 -5.076292080503695 -6.299168915786595 -10.30042766911988 -9.275066304780122 1.7244060155671093 6.507682781035893 18.138429910185124 4.994495797824374 7.099948103575922 -2.6197484228700434 0.9911158602264221 -8.949130616689402 -6.475529585323632 5.790238365587655 -3.184081444539399 -0.33653673785311256 -7.644758662689064 -4.935419056478292 7.085653199892938 -9.647185570196903 -3.422180327487112 -6.802248518055052 -13.747012505759757 -12.278324846508555 -14.614829538036494 -7.867223731182111
18.216432865731463 -0.9166286119678624 -7.680109943137392 -5.04409429647156 -6.272248109749423 -10.281266539924978 -9.25306000958825 1.7722416728327672 6.569070138848154 18.21752668534781 5.03843886706381 7.14626821716649 -2.581018178811612 1.0358617293700652 -8.925383150404517 -6.447699973432884 5.849465271753125 -3.1478096138003027 -0.29354405154842667 -7.618628134932575 -4.90262477605226 7.146522743360588 -9.626508046841522 -3.387521068763597 -6.775333242947674 -13.738742768762327 -12.265100047046891 -14.610122198447238 -7.845336755216188
18.276553106212425 -0.874968472530746 -7.65407379475711 -5.011826882620856 -6.2452667526670425 -10.262049143346488 -9.23099393139454 1.8201650056903673 6.630562687949997 18.296724121450506 5.08244985988437 7.192669960979764 -2.5422089815081543 1.080686155481448 -8.901575312752794 -6.419812646134251 5.908793187867907 -3.111467480042511 -0.25046957960029204 -7.592434055264867 -4.869759416746877 7.207496533337832 -9.605774265527174 -3.3527913113019814 -6.748357414677084 -13.73043051566336 -12.251826758305773 -14.605377062011067 -7.823398234154748
18.336673346693384 -0.8332557302175836 -7.627993091121947 -4.979512353537281 -6.218244349244149 -10.242790592882631 -9.208884798913761 1.8681446245393374 6.69212134846946 18.37597320538096 5.126499650128427 7.23912282895094 -2.5033470581375576 1.1255595038856432 -8.877724822912054 -6.391887643605199 5.968184252191129 -3.075079885814131 -0.20734196014801753 -7.566195496180406 -4.836845833550125 7.268535775312532 -9.58500020595034 -3.3180149538095094 -6.721340541319751 -13.722084671578754 -12.238516721920616 -14.60060102714104 -7.801424814711524
18.396793587174347 -0.7914643841011326 -7.6018502085147865 -4.9471297466172715 -6.191162758046076 -10.22347691581082 -9.186717112952447 1.916209882555443 6.753782748528341 18.455320145397437 5.170615532436322 7.285655377485224 -2.4644079434607784 1.1705094625018082 -8.853815251998231 -6.363906362552563 6.027673922975694 -3.0386237047855476 -0.1641344361223851 -7.539894750320055 -4.803862744477545 7.329676810512193 -9.56417109015998 -3.2831697032902873 -6.694264490840336 -13.71369710235445 -12.225159149011676 -14.595787867156245 -7.779401060341371
18.45691382765531 -0.7495561729381883 -7.575619182739537 -4.9146481973893685 -6.163995272038001 -10.204087509314235 -9.1644680282249 1.9644039659450108 6.815600762100704 18.534832767164662 5.214837606544922 7.332309600989287 -2.4253556224237665 1.2155767574755278 -8.829822391973334 -6.335841418329385 6.087314355663949 -3.00206489786557 -0.12080763587128729 -7.5135057307023345 -4.77077881326597 7.390973094662954 -9.54326513469816 -3.2482227524794105 -6.667102566945342 -13.705255785526711 -12.211738115932105 -14.590928364567846 -7.757304244773309
18.517034068136272 -0.7075678795155582 -7.549325078898512 -4.882097445931528 -6.136767651286892 -10.184642319596033 -9.14215962863631 2.0126853883881504 6.877523723452956 18.61444623261544 5.259127371437984 7.379045176405526 -2.3862247479838965 1.260722227356364 -8.805769636243525 -6.307719271328492 6.147055500103711 -2.965436279388862 -0.07739940497447861 -7.487053621800328 -4.737624230296582 7.45237334262951 -9.522303429636949 -3.21320567670611 -6.639880531883655 -13.696772478672033 -12.198269106645474 -14.586031595906553 -7.7351563444129035
18.577154308617235 -0.6655106327327331 -7.522975518806803 -4.849486514334895 -6.109487715461395 -10.165147432941541 -9.119798641198749 2.061041608812574 6.939536042539647 18.694141086251147 5.303473217057064 7.425849926590363 -2.3470258175846874 1.3059340281158567 -8.781664105848474 -6.279547964877204 6.206882244522276 -2.928747803951077 -0.033921191858290456 -7.460546081788024 -4.704408153833377 7.513862072418878 -9.50129240806449 -3.178128039176844 -6.612606210336356 -13.688250810049654 -12.184756868756137 -14.581100382872146 -7.712964044951747
18.637274549098194 -0.6233949914782322 -7.496577737264225 -4.816823964134933 -6.082162882949511 -10.145608628605913 -9.097391452875456 2.109460729179319 7.001622928923474 18.773898898766085 5.347864143104619 7.472712302950569 -2.307768793328358 1.3512009272377552 -8.757512560293154 -6.251335127075895 6.266780252961819 -2.892008914728767 0.009616141779122955 -7.433990379843696 -4.6711392752418845 7.5754245959351785 -9.480238176901796 -3.1429989123188484 -6.585287025681268 -13.679694227070412 -12.171205911371315 -14.57613740742479 -7.690733686963007
18.697394789579157 -0.5811722528502905 -7.470098664246851 -4.784070496857655 -6.054759153012341 -10.125999653361237 -9.07490895823793 2.1579977161496346 7.063852943930744 18.85380588331567 5.392351141133922 7.519685739785885 -2.268407821761927 1.396574749594311 -8.733284164116448 -6.2230458995813125 6.3268158994688655 -2.8551762822158873 0.05326271050771325 -7.407353290015131 -4.6377776938509285 7.637128944013689 -9.459112984496798 -3.107776535353821 -6.55788898894885 -13.67108739190799 -12.157595934193937 -14.571130901257943 -7.668436339631803
18.75751503006012 -0.5388510172196881 -7.443544199229208 -4.75123309162063 -6.02728257988506 -10.106325222817585 -9.052356366011658 2.2066428809951057 7.126214053949251 18.933847022449196 5.436925230044469 7.566760827232791 -2.2289510167217346 1.4420463354696762 -8.708984432073283 -6.194686518942352 6.386977514318122 -2.8182576133902844 0.09700966710225245 -7.380640740227431 -4.604330493000628 7.698963163709109 -9.437921817488029 -3.072468304007643 -6.530418159542926 -13.662433127573957 -12.14393062274821 -14.566083066077463 -7.646077188515328
18.817635270541082 -0.49644812556067563 -7.416925847152935 -4.718325382453976 -5.999744973697236 -10.086594508310291 -9.0297438220807 2.255377237059432 7.188682632358887 19.01399277289165 5.4815688256736905 7.613919123796325 -2.1894142553826095 1.4875977631104005 -8.684624106835692 -6.1662691213432845 6.44724220416953 -2.7812679486551035 0.14083968562424332 -7.353864290143957 -4.570811513619404 7.760903797541214 -9.41667437015587 -3.0370886802706742 -6.502886351715915 -13.653736869195113 -12.13021711271299 -14.560998112177204 -7.6236663164409
18.877755511022045 -0.453993518843685 -7.390264024771849 -4.685371582802915 -5.97216729349439 -10.06682376573087 -9.007089322274364 2.304167017029969 7.251216622735459 19.09419051144511 5.526250675183491 7.661127832751827 -2.149825757121236 1.5331971848172328 -8.660222242434223 -6.137815218195819 6.507569234013413 -2.744233984081565 0.18472196181683387 -7.327044452902349 -4.537245339634648 7.822909099120956 -9.395387820786727 -3.001663358487381 -6.475314526954197 -13.645008205358964 -12.116468025444663 -14.55588344369099 -7.601221588639522
