web/models/kne/49/mosfit_kn_0.500000_0.2023_10.0000.dat
# %ECSV 1.0
# ---
# datatype:
# - {name: time, datatype: float64}
# - {name: PS1_g, datatype: float64}
# - {name: PS1_i, datatype: float64}
# - {name: PS1_r, datatype: float64}
# - {name: PS1_w, datatype: float64}
# - {name: PS1_y, datatype: float64}
# - {name: PS1_z, datatype: float64}
# - {name: swift_uvot_B, datatype: float64}
# - {name: swift_uvot_U, datatype: float64}
# - {name: swift_uvot_uvm2, datatype: float64}
# - {name: swift_uvot_uvw1, datatype: float64}
# - {name: swift_uvot_uvw2, datatype: float64}
# - {name: swift_uvot_V, datatype: float64}
# - {name: johnson_B, datatype: float64}
# - {name: johnson_I, datatype: float64}
# - {name: johnson_R, datatype: float64}
# - {name: johnson_U, datatype: float64}
# - {name: johnson_V, datatype: float64}
# - {name: sdss_g, datatype: float64}
# - {name: sdss_i, datatype: float64}
# - {name: sdss_r, datatype: float64}
# - {name: sdss_u, datatype: float64}
# - {name: sdss_z, datatype: float64}
# - {name: ATLAS_c, datatype: float64}
# - {name: ATLAS_o, datatype: float64}
# - {name: ukirt_H, datatype: float64}
# - {name: ukirt_J, datatype: float64}
# - {name: ukirt_K, datatype: float64}
# - {name: Clear, datatype: float64}
# meta: !!omap
# - comment: [kappa = 10.0, type = rprocess, mass = 0.5000000000045836, velocity = 0.20233333333333337, theta_obs = 0.0, tfloor = 1000.0]
# schema: astropy-2.0
time PS1_g PS1_i PS1_r PS1_w PS1_y PS1_z swift_uvot_B swift_uvot_U swift_uvot_uvm2 swift_uvot_uvw1 swift_uvot_uvw2 swift_uvot_V johnson_B johnson_I johnson_R johnson_U johnson_V sdss_g sdss_i sdss_r sdss_u sdss_z ATLAS_c ATLAS_o ukirt_H ukirt_J ukirt_K Clear
[from data line 451]
27.174348697394787 -29.111575192419643 -28.16484765241123 -28.57801363407841 -28.756535813843165 -27.62556090871337 -27.85079421057457 -29.200819263704265 -30.810247921180345 -32.37607312814202 -31.98103995343672 -32.61064532662195 -28.842707055517185 -29.204514013423676 -28.465524980286443 -28.699323824247386 -30.47015184390257 -28.844241463959182 -29.176797144704185 -28.184800591425372 -28.579558070085156 -29.73088328527753 -27.799137952094757 -28.95064267928788 -28.43698461747257 -26.470604033310728 -27.10203827839912 -25.891748391966548 -28.660938163952245
27.23446893787575 -29.130802854815308 -28.183700667990994 -28.597009261618567 -28.77563712157828 -27.64427418025619 -27.86956139483479 -29.220148338208826 -30.82986977038578 -32.39651283280313 -32.0013232507096 -32.631381533853414 -28.861803874445464 -29.22383939747521 -28.48433992355811 -28.718289564330927 -30.489714546220956 -28.863334693122265 -29.19605543405213 -28.203657206097823 -28.598552680343108 -29.750457081711872 -27.817892657949432 -28.969803059419803 -28.455930936048404 -26.48911650728635 -27.120645870140514 -25.910193276850176 -28.680028391071062
27.294589178356713 -29.150010800967383 -28.202538654588327 -28.61598808411971 -28.794720315632283 -27.662974152840665 -27.88831461387531 -29.239456412126305 -30.849466889115256 -32.416917183724635 -32.0215733039692 -32.65207847693566 -28.880882619936987 -29.243143828710036 -28.50314031046586 -28.73723887355337 -30.50925327429405 -28.882409894825575 -29.215293620435983 -28.22249874707147 -28.617530497832036 -29.770006761022554 -27.836633553208276 -28.98894457442511 -28.474861067052828 -26.507618149556414 -27.139241464438655 -25.928628155249612 -28.699100649977805
27.354709418837675 -29.169198989968343 -28.221361517873795 -28.634950027295538 -28.813785336270072 -27.681660712867746 -27.90705376148905 -29.25874345957598 -30.86903929563933 -32.437286329715306 -32.0417902340233 -32.67273635399525 -28.89994323222477 -29.26242728066088 -28.521926041383747 -28.756171673355155 -30.528768037378395 -28.90146700874977 -29.234511667443144 -28.241325120518965 -28.636491448137882 -29.789532334197766 -27.855360529938018 -29.008067173457803 -28.493774929143747 -26.526108819503463 -27.15782493336638 -25.94705287764286 -28.71815487909748
27.414829659318634 -29.18836796259944 -28.240169731164073 -28.653895589859797 -28.832832700734468 -27.700334309127204 -27.925779295887256 -29.27801004015007 -30.888587604604574 -32.45762104621061 -32.06197478262078 -32.693356000699794 -28.9189862283319 -29.281690312197032 -28.54069758290103 -28.775088457057027 -30.548259438906513 -28.920506551232418 -29.253710121494052 -28.26013680039429 -28.655436029807984 -29.809034406813026 -27.87407404415438 -29.027171384849346 -28.512673012131824 -26.544588931324885 -27.176396707402386 -25.965467846767694 -28.73719159342592
27.474949899799597 -29.20751751533766 -28.258963042916392 -28.67282453827169 -28.85186218854214 -27.71899467278722 -27.94449095486817 -29.297255963859545 -30.908111665825277 -32.477921301050294 -32.08212689217363 -32.713937429578266 -28.938011387772644 -29.300932732799566 -28.559454678720552 -28.793988987276713 -30.56772732056179 -28.93952830128949 -29.272888783112183 -28.278933535605386 -28.67436400918745 -29.828512822115254 -27.892773832106634 -29.046256996127315 -28.531555076133195 -26.56305819198099 -27.194956504871683 -25.983872761615793 -28.756210570814602
27.53507014028056 -29.226647876252674 -28.27774162292929 -28.69173706424201 -28.870874007368688 -27.73764195251543 -27.963188895212863 -29.31648147506711 -30.92761177141206 -32.49818752636918 -32.10224696527469 -32.7344811253802 -28.957018918079022 -29.320154786202103 -28.57819749284107 -28.81287345106624 -30.58717196472139 -28.958532465857814 -29.292047885248262 -28.297715496500384 -28.693275577844695 -29.847967864344476 -27.91146004868395 -29.065324224580884 -28.550421305167255 -26.581516720392454 -27.213504458686497 -26.002267731269445 -28.775212016978493
27.595190380761522 -29.245759615309073 -28.296505975431483 -28.710633696761878 -28.889868704292052 -27.756276628605683 -27.981873606411618 -29.33568716203401 -30.947088563136322 -32.51842051984994 -32.12233576712398 -32.75498794410808 -28.976009366076784 -29.339357059965167 -28.59692652292897 -28.831742372162765 -30.60659400226194 -28.977519591097614 -29.311188003354385 -28.316483187929524 -28.71217126460758 -29.867400166456637 -27.930133181234513 -29.084373628064117 -28.56927221955207 -26.59996496305737 -27.232041031257737 -26.020653191019885 -28.794196476822247
27.655310621242485 -29.26485248057258 -28.315255803390542 -28.72951415571018 -28.90884601146638 -27.774898387777913 -28.000544781415844 -29.354872785526418 -30.966541839106636 -32.538620190234546 -32.14239318270012 -32.77545783638152 -28.994982463903487 -29.358539314358584 -28.6156414674847 -28.850595466837927 -30.62599322366489 -28.99648940867944 -29.330308889294425 -28.335236313283918 -28.731050789247465 -29.886809520398767 -27.948792921254135 -29.10340494624453 -28.588107533210376 -26.61840258393434 -27.250565897231507 -26.039028797329827 -28.813163680942147
27.715430861723444 -29.28392658819252 -28.33399116940649 -28.74837852382301 -28.927806026301877 -27.793507273214537 -28.019202470863434 -29.37403847666638 -30.985971774327297 -32.55878684123953 -32.1624194885872 -32.795891154299376 -29.013938308834046 -29.377701679926535 -28.634342383778694 -28.869432813546815 -30.64536979498864 -29.015442015331413 -29.34941066370337 -28.353974935668553 -28.749914234369527 -29.906196093941002 -27.96743931764226 -29.122418285365104 -28.60692732181059 -26.636829598871433 -27.269079085312633 -26.057394557007086 -28.8321137249479
27.775551102204407 -29.302982246740648 -28.352712324643736 -28.767227073877137 -28.94674903735213 -27.81210351520599 -28.03784691306335 -29.39318456002755 -31.00537874020576 -32.57892098104341 -32.18241516437631 -32.81628845729531 -29.032877189223527 -29.39684448062851 -28.653029517250285 -28.88825468047773 -30.664724078100953 -29.03437769882595 -29.368493639950604 -28.372699306790157 -28.76876187260862 -29.925560250773025 -27.986072606839496 -29.141413943407724 -28.62573185055485 -26.65524620871446 -27.28758081020615 -26.07575066114181 -28.851046895485766
27.83567134268537 -29.322020119783847 -28.371419867943928 -28.786060429120912 -28.965675685722676 -27.83068768897076 -28.056478692314464 -29.412311717142458 -31.02476347075516 -32.599023495991375 -32.202381064944575 -32.83665068855406 -29.051799745872355 -29.41596839731265 -28.67170346026847 -28.907061685707138 -30.684056796337213 -29.053297099311926 -29.38755848699504 -28.391410026103383 -28.787594327050723 -29.944902716264323 -28.00469337103106 -29.160392572045666 -28.644521734154473 -26.673652955266892 -27.306071629458817 -26.094097640439685 -28.869963831545515
27.895791583166332 -29.341039390581116 -28.390112952511064 -28.80487775396677 -28.984585143903896 -27.849258937023365 -28.075096955221817 -29.431419139851986 -31.044125183208813 -32.61909368000257 -32.22231646721511 -32.85697717142148 -29.070705151380658 -29.435072621476856 -28.690363363088178 -28.92585299124158 -30.703367161724994 -29.07219938907019 -29.406604390653737 -28.410106247092077 -28.806410762040144 -29.96422270345006 -28.023300755863225 -29.179353348870354 -28.663296133048277 -26.692048966213978 -27.32455067769484 -26.1124346177446 -28.888863704527434
27.955911823647295 -29.360041616576904 -28.408793052238295 -28.8236805538987 -29.00347894058008 -27.867818702571316 -28.093703156800593 -29.45050840862721 -31.063465525082936 -32.63913337317247 -32.24222317231122 -32.87726981730529 -29.089594933863687 -29.454158732726196 -28.70901069120861 -28.944630095892123 -30.72265680816618 -29.091086095386625 -29.425632915294297 -28.428789444443883 -28.82521268284634 -29.983521848814387 -28.04189621360722 -29.198297816073104 -28.68205654170712 -26.710435641159048 -27.34301937509411 -26.130762978120675 -28.907748040459627
28.016032064128254 -29.379025439224744 -28.427458791543092 -28.84246745959585 -29.022355710853773 -27.8863656041786 -28.112295917840875 -29.469578169961583 -31.082783158015452 -32.659141284982866 -32.262099878341864 -32.897527354604215 -29.108467728668803 -29.47322537734149 -28.727644067417188 -28.963391628971042 -30.741924394165984 -29.1099558534154 -29.44464270386007 -28.447458242731454 -28.843998720114996 -30.00279881147982 -28.0604783645264 -29.217224611789128 -28.700801588550977 -26.72881159076478 -27.361476335979873 -26.149081329715283 -28.926615473748427
28.076152304609217 -29.397991824954115 -28.446111068091042 -28.861239394694955 -29.04121639740911 -27.904900514319877 -28.130876120506496 -29.488629409289963 -31.102079122853397 -32.67911861613941 -32.28194775340755 -32.91775104341674 -29.12732447806689 -29.492273540039257 -28.746264382484085 -28.982138508622352 -30.7611709493101 -29.128809604741136 -29.463634728490735 -28.466113540273152 -28.862769797307948 -30.022054623171446 -28.079048088531504 -29.2361346898619 -28.71953218815081 -26.747177651775452 -27.37992241394668 -26.167390497377752 -28.945466944868254
28.13627254509018 -29.41694050068266 -28.464749568219165 -28.87999606077468 -29.060060712921292 -27.923423104657008 -28.149443442091346 -29.507661864908858 -31.12135319129237 -32.6990652367434 -32.30176664675353 -32.93794079097367 -29.146164894658614 -29.51130295867515 -28.764871318715663 -29.00087043318034 -30.78039623847926 -29.147647061548213 -29.482608719510743 -28.484755023788004 -28.881525615905392 -30.041289050075406 -28.097605061602273 -29.255027769683313 -28.738248036728855 -26.765533475235404 -27.398357269729594 -26.18569012534532 -28.964302165117548
28.196392785571142 -29.435872415089133 -28.48337517416164 -28.89873836517003 -29.078889583141585 -27.941934233070214 -28.167998749843708 -29.52667650385016 -31.14060638386091 -32.71898232152582 -32.32155770172438 -32.958097829266606 -29.164989903782665 -29.530314599588245 -28.78346575168073 -29.019588304672805 -30.799601271331547 -29.166469148513055 -29.50156563111399 -28.503383576141168 -28.900267083072944 -30.060503103914034 -28.11615014880891 -29.273904787777685 -28.75695003286074 -26.78387988446836 -27.41678174295121 -26.203981025433706 -28.983122058118056
28.256513026052104 -29.454786680787084 -28.50198697212864 -28.917465403943012 -29.097702111243304 -27.960432976367127 -28.186541124170095 -29.54567244625488 -31.159837842963007 -32.73886908002327 -32.341320113065045 -32.978221393583226 -29.183798608691422 -29.549307582619896 -28.802046764996422 -29.038291217048748 -30.81878518570794 -29.18527496860866 -29.520504578158793 -28.521998283788896 -28.91899329481218 -30.079695923410164 -28.13468242971476 -29.292764851787503 -28.77563726911884 -26.80221594322466 -27.43519490347394 -26.222262257126406 -29.001925726092583
28.316633266533064 -29.473684885926623 -28.52058647193262 -28.936178716550387 -29.116499858483387 -27.978920815533517 -28.205072057152254 -29.564651301813864 -31.17904924094601 -32.758727363971424 -32.3610556964789 -32.99831340193993 -29.20259257005257 -29.568283516654418 -28.82061586059389 -29.056980703509698 -30.837949641240147 -29.204066081728804 -29.53942715527548 -28.5406006572895 -28.93770579037721 -30.09886917060351 -28.153203393824366 -29.31160953559189 -28.79431127463663 -26.820543091469165 -27.45359821062973 -26.240535246693742 -29.020714727831294
28.376753507014026 -29.492565940595377 -28.53917256234789 -28.9548771996896 -29.135281727251705 -27.99739663181958 -28.22359043291586 -29.58361198674683 -31.198239512241308 -32.77855616340047 -32.38076342951094 -33.018372865879755 -29.221370690376258 -29.58724131766392 -28.83917192516756 -29.075655659046575 -30.857093568617763 -29.222841390154258 -29.55833227437644 -28.5591895856148 -28.956403466418354 -30.11802177691015 -28.17171192458817 -29.330437745232363 -28.81297094329277 -26.838860200073494 -27.471990540136737 -26.258798861636304 -29.03948796493257
28.43687374749499 -29.511430232827287 -28.557745579438105 -28.97356120903332 -29.154048087588293 -28.01586074229375 -28.24209657583264 -29.602554903487512 -31.21740910132006 -32.79835604453755 -32.40044385340919 -33.038400397013135 -29.24013333942342 -29.606181387535816 -28.857715289578618 -29.09431643518043 -30.87621740376217 -29.24160126312511 -29.57722032781957 -28.577765405321056 -28.975086678477027 -30.137154179877594 -28.190208344678656 -29.349249859209685 -28.831616623907408 -26.85716755920795 -27.49037219484304 -26.2770533831825 -29.058245805751906
28.49699398797595 -29.53027788258197 -28.576305597370855 -28.992230836009387 -29.17279904355162 -28.034313204425967 -28.26059054978984 -29.62148018471676 -31.23655817804705 -32.81812728537126 -32.42009722382642 -33.058396313751025 -29.258880621040444 -29.62510385846619 -28.876246023418563 -29.112963119680508 -30.89532130896978 -29.26034580402646 -29.596091439381986 -28.59632819100927 -28.99375551786635 -30.156266543243895 -28.20869271648906 -29.368045989063614 -28.850248401869347 -26.87546520273869 -27.50874321973315 -26.295298837363386 -29.07698835284899
28.557114228456914 -29.549109282393307 -28.594852958022887 -29.010886441614083 -29.191534970153867 -28.052754341564174 -28.279072685260296 -29.640388236992525 -31.25568718990584 -32.837870451780304 -32.43972408241664 -33.078361226067784 -29.277612909953962 -29.644009136481756 -28.89476446349037 -29.131596069496688 -30.9144057234023 -29.279075387078063 -29.614946005809646 -28.61487828503659 -29.01241034545432 -30.175359307752636 -28.227165368834815 -29.386826518043065 -28.86886663149614 -26.893753427761858 -27.527103924278684 -26.31353551254399 -29.0957159795998
28.617234468937873 -29.567924662698744 -28.613387845134746 -29.029528227203603 -29.21025608165685 -28.071184320389122 -28.29754315548337 -29.659279303697172 -31.274796418079784 -32.85758593452668 -32.45932479744377 -33.09829556560155 -29.29633042017968 -29.662897464473502 -28.913270788861595 -29.15021548225485 -30.93347092055363 -29.297790225827246 -29.633784261426666 -28.633415871586063 -29.03105136247932 -30.194432748360427 -28.245626473429102 -29.405591668016182 -28.887471507986806 -26.91203237680895 -27.545454462391987 -26.33176354322996 -29.114428898750422
28.677354709418836 -29.586723710622636 -28.63190991025988 -29.048155857711606 -29.228962052761958 -28.08960277954503 -28.316001604060617 -29.678153081888496 -31.293885588734565 -32.877273545078864 -32.478899162525444 -33.11819917590095 -29.315032826305575 -29.68176853911738 -28.93176464754352 -29.16882102004599 -30.952516620655956 -29.316489994500255 -29.652605896334645 -28.65194060254673 -29.049678233787386 -30.213486586432783 -28.264075672718008 -29.42434111953606 -28.906062691582353 -26.930301670339137 -27.563794463087756 -26.349982543862428 -29.133126783815957
28.7374749498998 -29.605507431263405 -28.650420097864835 -29.066770300541158 -29.247653867736965 -28.10801064120401 -28.334448961744645 -29.697010593350328 -31.312955772210103 -32.896934492993054 -32.49844835921678 -33.1380733180283 -29.333721112153103 -29.70062338157192 -28.95024697790617 -29.18741364543176 -30.97154388419237 -29.335175676318826 -29.67141192065073 -28.67045342296212 -29.06829192662501 -30.23252188431984 -28.28251389546084 -29.443075866648325 -28.924641141695915 -26.948562198816216 -27.58212483179742 -26.368193394324347 -29.151810617150513
