web/models/kne/49/mosfit_kn_0.144270_0.0457_3.6500.dat
# %ECSV 1.0
# ---
# datatype:
# - {name: time, datatype: float64}
# - {name: PS1_g, datatype: float64}
# - {name: PS1_i, datatype: float64}
# - {name: PS1_r, datatype: float64}
# - {name: PS1_w, datatype: float64}
# - {name: PS1_y, datatype: float64}
# - {name: PS1_z, datatype: float64}
# - {name: swift_uvot_B, datatype: float64}
# - {name: swift_uvot_U, datatype: float64}
# - {name: swift_uvot_uvm2, datatype: float64}
# - {name: swift_uvot_uvw1, datatype: float64}
# - {name: swift_uvot_uvw2, datatype: float64}
# - {name: swift_uvot_V, datatype: float64}
# - {name: johnson_B, datatype: float64}
# - {name: johnson_I, datatype: float64}
# - {name: johnson_R, datatype: float64}
# - {name: johnson_U, datatype: float64}
# - {name: johnson_V, datatype: float64}
# - {name: sdss_g, datatype: float64}
# - {name: sdss_i, datatype: float64}
# - {name: sdss_r, datatype: float64}
# - {name: sdss_u, datatype: float64}
# - {name: sdss_z, datatype: float64}
# - {name: ATLAS_c, datatype: float64}
# - {name: ATLAS_o, datatype: float64}
# - {name: ukirt_H, datatype: float64}
# - {name: ukirt_J, datatype: float64}
# - {name: ukirt_K, datatype: float64}
# - {name: Clear, datatype: float64}
# meta: !!omap
# - comment: [kappa = 3.65, type = rprocess, mass = 0.1442699905917794, velocity = 0.04566666666666669, theta_obs = 0.0, tfloor = 1000.0]
# schema: astropy-2.0
time PS1_g PS1_i PS1_r PS1_w PS1_y PS1_z swift_uvot_B swift_uvot_U swift_uvot_uvm2 swift_uvot_uvw1 swift_uvot_uvw2 swift_uvot_V johnson_B johnson_I johnson_R johnson_U johnson_V sdss_g sdss_i sdss_r sdss_u sdss_z ATLAS_c ATLAS_o ukirt_H ukirt_J ukirt_K Clear
[from data line 311]
18.75751503006012 -8.728898389014432 -12.27384557255224 -10.93255008047997 -11.192812489865798 -13.478390860172436 -13.0232662198644 -7.304976698793296 -5.23206702718733 2.067180423163994 -3.7449392391691734 -1.830388602307543 -9.750993257955304 -7.542397804517144 -13.079830973957797 -11.596469323218212 -5.535179050765066 -9.935798242574288 -8.398373165962774 -12.247231871565027 -10.891995384985975 -4.53999400789268 -13.165246957080807 -9.854110814199064 -11.672159727309879 -14.760152634687365 -14.280270834881302 -14.930046833169078 -11.819855112516482
18.817635270541082 -8.708678593554566 -12.262620302497993 -10.91769125037537 -11.180127847024064 -13.471006103526104 -13.014335180325407 -7.281348837371083 -5.20104432974227 2.112600353090685 -3.71981226389618 -1.8056294683316696 -9.732788383113437 -7.519745634667267 -13.069766959894686 -11.58321825207872 -5.505278548138712 -9.918324349008374 -8.377340496158983 -12.235905833955876 -10.876929516313663 -4.50937132297895 -13.156848186857317 -9.837317668470824 -11.65972050581166 -14.75854126414697 -14.276020213213288 -14.930251008948135 -11.809496633357881
18.877755511022045 -8.688416958105698 -12.251358383546513 -10.902793623734972 -11.167410132682853 -13.463587570201057 -13.005369030621328 -7.257676067614006 -5.169971219037315 2.1580667597962817 -3.694662306395013 -1.7808432135039207 -9.714541182546157 -7.497051534774503 -13.059667414685833 -11.569931821022028 -5.4753282247353425 -9.900810310418978 -8.356265444337403 -12.224543088813942 -10.86182424971259 -4.478697615284286 -13.14841523127198 -9.820487251399594 -11.647246279447359 -14.756901993125823 -14.271738951412443 -14.93042948687865 -11.799108647068675
18.937875751503004 -8.668114124577233 -12.240060291622932 -10.88785774510086 -11.154659841996697 -13.456135662847135 -12.996368202724398 -7.233959096180139 -5.1388485351147395 2.203578498490086 -3.6694899831629075 -1.7560304100571353 -9.696252261898223 -7.474316198228216 -13.049532792823683 -11.556610550741173 -5.445328902722945 -9.883256723448087 -8.335148667660679 -12.213144114096082 -10.846680133094946 -4.447973719799805 -13.139948513691664 -9.803620139204092 -11.63473754904853 -14.755235113052137 -14.267427392270589 -14.930582523685645 -11.788691604634156
18.997995991983966 -8.647740298501407 -12.228706137174452 -10.872859724961561 -11.141855487554508 -13.448634721252049 -12.98731533272722 -7.210164373233773 -5.10763457699964 2.249193038372252 -3.644260063383608 -1.7311561784535487 -9.677894040170234 -7.451507163656718 -13.039344485263744 -11.543232337687865 -5.415240119547821 -9.865636823325337 -8.313959476486712 -12.201688909454163 -10.831473046655766 -4.417158375177035 -13.13143125994781 -9.786690318356612 -11.62217309973574 -14.753531326517365 -14.26307333000169 -14.930702824486238 -11.778226587537297
19.05811623246493 -8.627312080386247 -12.217307069819494 -10.857812916499903 -11.129009098118878 -13.441093565550464 -12.978220178388735 -7.186310565921988 -5.076352489514413 2.294878463390721 -3.618992018435225 -1.7062397280916062 -9.659481896801953 -7.428642513015852 -13.02911293812474 -11.529809567967153 -5.38508434279133 -9.84796555200793 -8.292714964161423 -12.190188685748016 -10.816216468330069 -4.386274485716282 -13.122872906807945 -9.769712311681786 -11.60956482060909 -14.75179595156019 -14.258683684095866 -14.930794606476743 -11.76772421484042
19.118236472945892 -8.606828096243788 -12.205862213383547 -10.84271624392434 -11.11611971679217 -13.433511530868927 -12.969081989263334 -7.162396111591579 -5.045000295470423 2.340637486451624 -3.5936841263307424 -1.6812793134266033 -9.64101456736418 -7.405720746680164 -13.018837340292599 -11.516341265084488 -5.354859660159132 -9.830241693178932 -8.271413711839433 -12.178642561400466 -10.800909309568052 -4.355320097265505 -13.114272735615238 -9.752684936894589 -11.596911774931087 -14.750028642606804 -14.254257963455109 -14.930857625369283 -11.757183661087094
19.178356713426854 -8.586310543969304 -12.194386466505787 -10.827587556329625 -11.10320340278765 -13.425900394416335 -12.959913799783376 -7.138445979756965 -5.013608966928214 2.386427457321518 -3.5683623757736345 -1.6563006051919547 -9.62251262154621 -7.38276603828265 -13.008531646393184 -11.50284397009423 -5.324596136082828 -9.812485221425343 -8.250078577606477 -12.167065517001348 -10.785569588793003 -4.324325862687051 -13.105643347835105 -9.73562759915156 -11.584229840400422 -14.748236477705273 -14.249805395032931 -14.930897480423242 -11.746619088471082
19.238476953907814 -8.56574309575132 -12.182868946463703 -10.812413772709117 -11.090248398590656 -13.418251598456017 -12.950706115270325 -7.114441777267607 -4.982155626392686 2.4322798839639654 -3.5430074353870817 -1.6312844431120008 -9.603960946157965 -7.35976059909984 -12.998185678369946 -11.489305590549847 -5.294271575123279 -9.794681477210625 -8.228692741549306 -12.155446609001022 -10.770184097420916 -4.293269145925951 -13.096975574564844 -9.718526052143357 -11.57150741059338 -14.74641439892348 -14.245319321338686 -14.930910215839324 -11.736020154746551
19.298597194388776 -8.545110564936014 -12.171299530789454 -10.797182726104904 -11.077243777682515 -13.410557184177048 -12.941450104560186 -7.090366394239346 -4.950618990228115 2.4782240451325928 -3.5176013662769985 -1.6062130348782975 -9.585345480486104 -7.336687887362267 -12.987789970160499 -11.475714885191188 -5.263865328113788 -9.77681682619245 -8.207240559192694 -12.143775658373954 -10.75474054869348 -4.262128886170888 -13.088260889161347 -9.701367050857037 -11.558733695570602 -14.744557707899247 -14.240793553772944 -14.930892160839926 -11.725377254693488
19.35871743486974 -8.524421193618554 -12.159683776780383 -10.781901059993952 -11.064195524539997 -13.402821560000824 -12.932150638476365 -7.066229092166046 -4.919010524370755 2.5242441395103805 -3.492153759946159 -1.5810958284457253 -9.56667386642317 -7.313556877726771 -12.977349732370797 -11.462078023141437 -5.233388528957807 -9.758898696408911 -8.185730515549725 -12.13205825267428 -10.739245647517102 -4.230916432515031 -13.079504004737021 -9.684157811573701 -11.545914617073478 -14.74266908460439 -14.236231563012057 -14.93084545201915 -11.714695676917604
19.4188376753507 -8.503685409075246 -12.148028705776763 -10.76657717330356 -11.051111195804868 -13.39505028917495 -12.922813867526806 -7.04204159319061 -4.887344750842182 2.5703201806448535 -3.466676744478167 -1.5559447885475772 -9.547955772840535 -7.290378922315885 -12.96687154563805 -11.448402794922565 -5.202855277761309 -9.740936480661142 -8.164173346134316 -12.120301451577777 -10.723707871832744 -4.199646159756387 -13.070710870151476 -9.666907455775782 -11.533057653416527 -14.740751895838532 -14.231637720607802 -14.930772764897496 -11.703982091201386
19.478957915831664 -8.482911227148495 -12.136339726290721 -10.751217529529118 -11.037996603611333 -13.387247662809667 -12.913444532998977 -7.017812905962365 -4.855632822237812 2.616436836101827 -3.441179591818137 -1.5307690593076049 -9.5291986368862 -7.267162745162196 -12.956360480658155 -11.434695197103483 -5.172276404854525 -9.722937404040353 -8.14257730288869 -12.108510692984709 -10.708133746008759 -4.16832910918739 -13.061886071994557 -9.64962299649022 -11.520168561119277 -14.738808747657291 -14.227015403614638 -14.930676174884264 -11.693241628283229
19.539078156312623 -8.462066727978783 -12.124595509414515 -10.73579652225419 -11.024828756117309 -13.37939688103896 -12.904024008764239 -6.993507083888267 -4.8238300635351195 2.662655514056273 -3.415624798816967 -1.5055314722588196 -9.510372888537841 -7.24387358848983 -12.945796582351818 -11.420931558962916 -5.141608558950825 -9.704872787590444 -8.12090950804663 -12.096664529520709 -10.692497412419328 -4.13692106730398 -13.053011621155015 -9.632276583264527 -11.507224618279004 -14.736829669900043 -14.222351519564656 -14.930547864875281 -11.682454066159256
19.599198396793586 -8.441163909305516 -12.11280412642541 -10.720323810652346 -11.01161634254245 -13.371504334520008 -12.894559362401825 -6.96913761728987 -4.791953193393379 2.7089532028673853 -3.3900263409007887 -1.4802458211079847 -9.491489651219364 -7.220524515177157 -12.93518741391151 -11.407120837266753 -5.110867971915411 -9.686753435708704 -8.099182314664528 -12.084771076633327 -10.676808621430816 -4.10543858277709 -13.04409435253202 -9.614878708633299 -11.494234422430072 -14.734818521601355 -14.217651085502075 -14.930390897057853 -11.671627071695596
19.65931863727455 -8.420200263512054 -12.100963937208924 -10.704797405617956 -10.998357588931373 -13.36356875328427 -12.88504917411652 -6.944701668198362 -4.759998653374868 2.755334767301922 -3.364381198664805 -1.4549090741214452 -9.472546607155056 -7.1971127943723125 -12.924531448736147 -11.393261212550094 -5.080051196409336 -9.668577111826389 -8.077393136768638 -12.072828684674217 -10.661065361900555 -4.073878135472313 -13.03513290106455 -9.597427201452433 -11.481196226718176 -14.732774593287289 -14.212913136133201 -14.93020473959447 -11.660759101587779
19.71943887775551 -8.399195890940607 -12.089088440988398 -10.6892334750132 -10.985067018217975 -13.35560080978313 -12.875505255902446 -6.920221850027747 -4.727994492370371 2.8017616654062723 -3.3387127762297015 -1.429544375106143 -9.453562393839434 -7.173660306040674 -12.913841329753517 -11.379367655665835 -5.049185461057945 -9.650361905457581 -8.055562672201173 -12.06085092699734 -10.645283957593126 -4.042267490680942 -13.026138683739905 -9.579939621228224 -11.468124402293434 -14.730704292755853 -14.208146029830749 -14.929994456129625 -11.64986295040098
19.779559118236474 -8.378147353611318 -12.0771753760906 -10.673629283458048 -10.97174217984243 -13.347598743633515 -12.865925644951872 -6.895694278692154 -4.695935853428406 2.848240569403548 -3.3130169337666966 -1.4041475909321686 -9.434533834204554 -7.150163303856289 -12.903114948160354 -11.365437653112657 -5.0182660585705925 -9.632104743766481 -8.033687376800795 -12.048835528935093 -10.629461644547291 -4.010601844435602 -13.017109810039038 -9.562412981135537 -11.45501653630916 -14.728606615483791 -14.203348417001996 -14.929759280785662 -11.638936475575985
19.839679358717433 -8.357027867109146 -12.065206842829443 -10.657963342977297 -10.958363801665723 -13.339548457606654 -12.856294709727276 -6.871088786194718 -4.663785238761182 2.8948229370505603 -3.2872623000036145 -1.378687601057805 -9.415436106278811 -7.126592631606211 -12.892335559251748 -11.351451356108157 -4.987256602089094 -9.613781563189717 -8.011739662240185 -12.036764491464087 -10.613576721287323 -3.978844082114943 -13.008031186561944 -9.544823924192851 -11.441853573984115 -14.726473206572962 -14.198509317409991 -14.929492670887237 -11.627962740630888
19.899799599198396 -8.33585257331265 -12.053193019433195 -10.642247838857823 -10.944942829951056 -13.331458003794872 -12.846621359357133 -6.846422404581381 -4.631563766777216 2.9414797489943796 -3.261466477128909 -1.3531818049088638 -9.396283252173447 -7.102964771139288 -12.881512697398485 -11.337420051518087 -4.956177594010153 -9.595405995091609 -7.989735119757082 -12.024648048602664 -10.597641490201823 -3.947015109501013 -12.998911425786677 -9.527185681121981 -11.428646349862195 -14.724308910257605 -14.193635042657993 -14.929198459637812 -11.616951392045376
19.95991983967936 -8.314619759936317 -12.041132796470677 -10.626481419624216 -10.931478062851525 -13.323326529680894 -12.83690463713718 -6.82169319192437 -4.599268993075913 2.988214335838621 -3.2356273809686438 -1.3276280983112652 -9.377073690752955 -7.079277858181111 -12.870645332372003 -11.323342509481098 -4.925026668108547 -9.576976517564082 -7.967671982663873 -12.012485084356292 -10.581654584032485 -3.9151125090834427 -12.989749609917585 -9.509496774332913 -11.41539368268539 -14.722113263745392 -14.188724952241428 -14.92887630802487 -11.60590138948459
20.02004008016032 -8.293343164824165 -12.029035414233373 -10.610675144365409 -10.917979426745923 -13.315161347536755 -12.827152632874679 -6.796916601225479 -4.566920075758478 3.0350004038764817 -3.209760927942273 -1.3020422222050096 -9.357820166940655 -7.05554684237303 -12.859742120120583 -11.309228970103995 -4.893822424641609 -9.558505499944923 -7.945564396144977 -12.000284889581678 -10.56562716897206 -3.8831552482633214 -12.98055355875146 -9.491769204285738 -11.402105402582503 -14.719890666987713 -14.183784778448752 -14.928529697357858 -11.594821476843542
20.080160320641284 -8.272016903692112 -12.016896969020578 -10.594824310685897 -10.904442711198268 -13.306959400194742 -12.817361947441412 -6.7720859942551135 -4.534508738787828 3.0818492942084825 -3.1838601558571606 -1.276417241828781 -9.338517232789869 -7.031765317746736 -12.84879941496608 -11.295075104264242 -4.862556837582456 -9.539987669280448 -7.923406296857269 -11.988043538582733 -10.549554494110023 -3.85113513744896 -12.971319994929189 -9.473997851665086 -11.388777353036375 -14.717639342169178 -14.17881215896953 -14.9281572540964 -11.583707966193622
20.140280561122243 -8.25062282373862 -12.004705335522416 -10.578914359379166 -10.890854874788563 -13.298711143693307 -12.80752199448079 -6.747180919114824 -4.5020095514335345 3.128795841844913 -3.1579038494925267 -1.2507320835278821 -9.319148060560309 -7.007913530592273 -12.837805876987833 -11.280867477518203 -4.831205230892792 -9.521406721483954 -7.901178986444339 -11.97574883873358 -10.533421853262421 -3.81902700348137 -12.962038700246126 -9.456166898312652 -11.375396635592754 -14.715353649455288 -14.173799669072105 -14.927754571977284 -11.57254940932761
20.200400801603205 -8.22917087594508 -11.992467216031049 -10.562953306937306 -10.877223115803254 -13.290421887367057 -12.797638644910325 -6.722212565653748 -4.469436378226614 3.175821008748671 -3.131903518208627 -1.2249981195853397 -9.299721883364953 -6.984002310026817 -12.82676778667031 -11.266613518109605 -4.7997810670456005 -9.502771620870652 -7.878892710167911 -11.9634075289075 -10.517237339872452 -3.786844573417749 -12.95271535136246 -9.438285040973273 -11.361970380667916 -14.713036794670376 -14.168751477053368 -14.927324193538796 -11.561352151449587
20.260521042084168 -8.207664397346708 -11.980184882298293 -10.546943857109596 -10.863549867166498 -13.282093445122563 -12.787713896920927 -6.697184677639473 -4.43679383689128 3.222918442287381 -3.105862959352432 -1.1992190790897825 -9.280241802171549 -6.960035286911989 -12.815687277850973 -11.252315743273524 -4.768288833997715 -9.4840853851087 -7.856550901706907 -11.95102189298197 -10.501003682213241 -3.754592420964311 -12.943351884234033 -9.420355205716895 -11.348501004014402 -14.710689900864523 -14.163669022440944 -14.92686702436547 -11.550118346960954
20.32064128256513 -8.186116394644909 -11.967867086613797 -10.530896482802543 -10.849844519003042 -13.273732743797808 -12.777755413957284 -6.672111887050899 -4.404100067333339 3.2700632830796446 -3.0797971890416416 -1.173409824871626 -9.26071988864064 -6.936026611034304 -12.804572548945139 -11.237983844998862 -4.736746144184735 -9.46535972626094 -7.834166953279684 -11.938600731085138 -10.48473145572256 -3.7222885078314327 -12.933955705378537 -9.402388749165755 -11.334997809931675 -14.70831713354444 -14.158557734160231 -14.926386358021054 -11.538856261880852
