web/models/kne/49/mosfit_kn_0.005245_0.4060_10.0000.dat
# %ECSV 1.0
# ---
# datatype:
# - {name: time, datatype: float64}
# - {name: PS1_g, datatype: float64}
# - {name: PS1_i, datatype: float64}
# - {name: PS1_r, datatype: float64}
# - {name: PS1_w, datatype: float64}
# - {name: PS1_y, datatype: float64}
# - {name: PS1_z, datatype: float64}
# - {name: swift_uvot_B, datatype: float64}
# - {name: swift_uvot_U, datatype: float64}
# - {name: swift_uvot_uvm2, datatype: float64}
# - {name: swift_uvot_uvw1, datatype: float64}
# - {name: swift_uvot_uvw2, datatype: float64}
# - {name: swift_uvot_V, datatype: float64}
# - {name: johnson_B, datatype: float64}
# - {name: johnson_I, datatype: float64}
# - {name: johnson_R, datatype: float64}
# - {name: johnson_U, datatype: float64}
# - {name: johnson_V, datatype: float64}
# - {name: sdss_g, datatype: float64}
# - {name: sdss_i, datatype: float64}
# - {name: sdss_r, datatype: float64}
# - {name: sdss_u, datatype: float64}
# - {name: sdss_z, datatype: float64}
# - {name: ATLAS_c, datatype: float64}
# - {name: ATLAS_o, datatype: float64}
# - {name: ukirt_H, datatype: float64}
# - {name: ukirt_J, datatype: float64}
# - {name: ukirt_K, datatype: float64}
# - {name: Clear, datatype: float64}
# meta: !!omap
# - comment: [kappa = 10.0, type = rprocess, mass = 0.005244756555828381, velocity = 0.406, theta_obs = 0.0, tfloor = 1000.0]
# schema: astropy-2.0
time PS1_g PS1_i PS1_r PS1_w PS1_y PS1_z swift_uvot_B swift_uvot_U swift_uvot_uvm2 swift_uvot_uvw1 swift_uvot_uvw2 swift_uvot_V johnson_B johnson_I johnson_R johnson_U johnson_V sdss_g sdss_i sdss_r sdss_u sdss_z ATLAS_c ATLAS_o ukirt_H ukirt_J ukirt_K Clear
[from data line 353]
21.28256513026052 13.401862093479444 4.520033280280167 7.995104058317999 6.027180246814012 0.9968432317548981 2.4145191966020363 16.94176867004393 23.600712767938845 37.48930807196802 19.5662953000134 22.079311806493052 11.36137878635023 15.737831353077741 2.966519973858216 5.936552740583216 22.569711588687092 10.406356451181475 14.21440219479388 4.601289232393153 8.22359271781444 24.10181829811367 1.8410915845800346 9.97418062806064 5.521768103450864 -3.952144146160598 -1.802654850670907 -5.312432826633769 3.741286203052674
21.34268537074148 13.414333401131291 4.532504587932014 8.007575365969863 6.039651554465877 1.0093145394067626 2.426990504253883 16.954239977695778 23.6131840755907 37.50177937961987 19.578766607665255 22.091783114144906 11.373850094002094 15.750302660729588 2.978991281510063 5.949024048235063 22.58218289633895 10.41882775883334 14.226873502445745 4.613760540045 8.236064025466288 24.114289605765524 1.8535628922318814 9.986651935712505 5.5342394111027104 -3.9396728385087334 -1.7901835430190425 -5.299961518981922 3.7537575107045384
21.402805611222444 13.426777100551597 4.544948287352302 8.020019065390152 6.052095253886165 1.0217582388270507 2.439434203674171 16.966683677116066 23.625627775010987 37.51422307904017 19.591210307085543 22.104226813565194 11.386293793422382 15.762746360149876 2.991434980930369 5.961467747655351 22.594626595759244 10.431271458253628 14.239317201866033 4.626204239465306 8.248507724886593 24.126733305185812 1.8660065916521873 9.999095635132793 5.546683110523016 -3.9272291390884453 -1.7777398435987544 -5.287517819561616 3.7662012101248266
21.462925851703407 13.439193252963886 4.5573644397646085 8.032435217802458 6.064511406298472 1.0341743912393575 2.451850356086478 16.979099829528373 23.638043927423293 37.526639231452464 19.60362645949785 22.116642965977494 11.398709945834689 15.775162512562183 3.003851133342658 5.973883900067658 22.607042748171544 10.443687610665934 14.25173335427834 4.638620391877595 8.260923877298882 24.13914945759812 1.8784227440644763 10.0115117875451 5.559099262935305 -3.9148129866761385 -1.7653236911864476 -5.275101667149327 3.7786173625371333
21.52304609218437 13.451581929396799 4.569753116197521 8.044823894235353 6.076900082731367 1.0465630676722526 2.464239032519391 16.991488505961286 23.650432603856196 37.53902790788537 19.616015135930756 22.1290316424104 11.411098622267584 15.787551188995096 3.0162398097755707 5.986272576500553 22.619431424604446 10.45607628709883 14.264122030711235 4.651009068310508 8.273312553731795 24.15153813403102 1.8908114204973892 10.023900463977995 5.571487939368218 -3.9024243102432434 -1.7529350147535525 -5.262712990716414 3.7910060389700284
21.58316633266533 13.463943213308998 4.58211440010972 8.057185178147552 6.0892613666435835 1.0589243515844515 2.4766003164315897 17.003849789873485 23.662793887768395 37.55138919179757 19.628376419842954 22.141392926322606 11.423459906179783 15.799912472907295 3.0286010936877696 5.998633860412769 22.631792708516645 10.468437571011028 14.276483314623434 4.663370352222707 8.285673837643994 24.16389941794322 1.903172704409588 10.036261747890194 5.583849223280417 -3.8900630263310445 -1.7405737308413536 -5.250351706804215 3.8033673228822273
21.64328657314629 13.476277193153603 4.594448379954308 8.069519157992158 6.101595346488171 1.071258331429057 2.4889342962761773 17.016183769718072 23.675127867612993 37.56372317164217 19.640710399687553 22.153726906167204 11.435793886024388 15.812246452751882 3.0409350735323573 6.010967840257357 22.64412668836124 10.480771550855634 14.28881729446804 4.675704332067312 8.298007817488582 24.17623339778782 1.9155066842541935 10.0485957277348 5.5961832031250225 -3.877729046486439 -1.7282397509967482 -5.23801772695961 3.8157013027268327
21.703406813627254 13.48858396800157 4.606755154802293 8.081825932840143 6.113902121336157 1.0835651062770424 2.501241071124163 17.028490544566058 23.68743464246098 37.57602994649015 19.653017174535538 22.16603368101519 11.448100660872374 15.824553227599868 3.0532418483803427 6.0232746151053425 22.656433463209225 10.49307832570362 14.301124069316025 4.68801110691528 8.310314592336567 24.188540172635804 1.927813459102179 10.060902502582785 5.60848997797299 -3.8654222716384536 -1.7159329761487627 -5.2257109521116245 3.828008077574818
21.763527054108216 13.500863627668078 4.619034814468783 8.094105592506633 6.126181781002646 1.0958447659435322 2.5135207307906526 17.040770204232548 23.699714302127468 37.58830960615665 19.665296834202028 22.17831334068168 11.460380320538864 15.836832887266358 3.0655215080468503 6.035554274771832 22.668713122875726 10.50535798537011 14.313403728982514 4.700290766581787 8.322594252003075 24.200819832302294 1.9400931187686687 10.073182162249275 5.620769637639498 -3.853142611971964 -1.703653316482273 -5.213431292445135 3.840287737241308
21.82364729458918 13.513116276208503 4.631287463009208 8.106358241047058 6.1384344295430715 1.1080974144839573 2.5257733793310777 17.053022852772973 23.711966950667893 37.600562254697074 19.677549482742453 22.190565989222105 11.472632969079289 15.849085535806783 3.0777741565872576 6.047806923312257 22.68096577141615 10.517610633910534 14.32565637752294 4.712543415122212 8.3348469005435 24.21307248084272 1.9523457673090938 10.0854348107897 5.633022286179923 -3.8408899634315388 -1.6914006679418478 -5.20117864390471 3.852540385781733
21.883767535070138 13.525342017632163 4.643513204432885 8.118583982470735 6.1506601709667486 1.1203231559076166 2.5379991207547548 17.06524859419665 23.72419269209157 37.612787996120744 19.68977522416612 22.20279173064577 11.484858710502948 15.86131127723046 3.0899998980109347 6.060032664735934 22.693191512839817 10.529836375334211 14.337882118946617 4.724769156545872 8.34707264196716 24.225298222266396 1.964571508732753 10.097660552213377 5.645248027603582 -3.8286642220078617 -1.6791749265181708 -5.18895290248105 3.8647661272053924
21.9438877755511 13.537540951510234 4.655712138310957 8.130782916348807 6.16285910484482 1.132522089785688 2.5501980546328262 17.07744752807472 23.73639162596964 37.62498692999881 19.70197415804419 22.214990664523842 11.49705764438102 15.873510211108531 3.102198831889006 6.072231598614006 22.705390446717892 10.542035309212283 14.350081052824688 4.736968090423943 8.35927157584523 24.237497156144467 1.9767704426108246 10.109859486091448 5.657446961481654 -3.8164652881297902 -1.6669759926400993 -5.176753968602979 3.876965061083464
22.004008016032063 13.54971317188248 4.667884358683185 8.142955136721035 6.175031325217049 1.1446943101579343 2.5623702750050548 17.08961974844695 23.74856384634187 37.63715915037104 19.714146378416427 22.227162884896078 11.509229864753266 15.88568243148076 3.1143710522612347 6.084403818986234 22.717562667090128 10.554207529584511 14.362253273196917 4.749140310796189 8.37144379621746 24.249669376516696 1.9889426629830709 10.122031706463677 5.6696191818539 -3.8042930677575617 -1.6548037722678708 -5.164581748230733 3.88913728145571
22.064128256513026 13.561858782919263 4.680029969719968 8.155100747757817 6.187176936253831 1.1568399211947167 2.574515886041837 17.101765359483732 23.760709457378653 37.64930476140783 19.726291989453212 22.239308495932864 11.521375475790048 15.897828042517542 3.126516663298017 6.096549430023017 22.7297082781269 10.566353140621294 14.374398884233699 4.761285921832972 8.383589407254242 24.26181498755348 2.0010882740198532 10.134177317500459 5.681764792890682 -3.7921474567207794 -1.6426581612310884 -5.15243613719395 3.9012828924924925
22.12424849699399 13.573977885853594 4.692149072654317 8.167219850692149 6.19929603918818 1.1689590241290482 2.5866349889761864 17.11388446241808 23.772828560312995 37.66142386434216 19.73841109238755 22.251427598867203 11.53349457872438 15.909947145451891 3.1386357662323663 6.108668532957366 22.74182738106125 10.578472243555625 14.386517987168048 4.773405024767303 8.39570851018859 24.27393409048782 2.0132073769541847 10.146296420434808 5.693883895825014 -3.780028353786448 -1.630539058296757 -5.140317034259619 3.913401995426824
22.184368737474948 13.586070572598175 4.704241759398897 8.17931253743673 6.2113887259327605 1.1810517108736285 2.5987276757207667 17.12597714916266 23.784921247057575 37.67351655108674 19.75050377913213 22.263520285611783 11.54558726546896 15.922039832196472 3.1507284529769466 6.120761219701946 22.753920067805822 10.590564930300205 14.39861067391261 4.7854977115118835 8.407801196933171 24.2860267772324 2.025300063698765 10.15838910717937 5.705976582569594 -3.7679356670418676 -1.6184463715521766 -5.128224347515038 3.9254946821714043
22.24448897795591 13.598136949084534 4.7163081358852565 8.191378913923089 6.223455102419102 1.1931180873599878 2.610794052207126 17.13804352564902 23.796987623543934 37.6855829275731 19.76257015561849 22.27558666209813 11.55765364195532 15.934106208682813 3.162794829463306 6.132827596188288 22.76598644429218 10.602631306786565 14.41067705039897 4.797564087998243 8.41986757341953 24.29809315371876 2.0373664401851244 10.17045548366573 5.718042959055953 -3.755869290555508 -1.6063799950658173 -5.116157971028679 3.9375610586577636
22.304609218436873 13.610177115216917 4.72834830201764 8.20341908005549 6.235495268551503 1.2051582534923888 2.6228342183395092 17.150083691781404 23.809027789676325 37.697623093705495 19.77461032175088 22.287626828230533 11.56969380808772 15.946146374815214 3.174834995595689 6.144867762320689 22.778026610424575 10.614671472918966 14.422717216531371 4.809604254130644 8.431907739551914 24.31013331985115 2.0494066063175254 10.182495649798131 5.730083125188337 -3.7438291244231072 -1.5943398289334163 -5.104117804896278 3.9496012247901646
22.364729458917836 13.622191171032725 4.7403623578334475 8.215433135871297 6.247509324367311 1.2171723093081965 2.634848274155317 17.162097747597212 23.821041845492132 37.709637149521306 19.786624377566692 22.299640884046333 11.581707863903528 15.958160430631022 3.186849051411497 6.156881818136497 22.79004066624038 10.626685528734773 14.434731272347179 4.821618309946434 8.443921795367721 24.322147375666958 2.0614206621333153 10.194509705613939 5.742097181004144 -3.7318150686072995 -1.5823257731176086 -5.092103749080488 3.9616152806059723
22.4248496993988 13.634179208142267 4.752350394942972 8.227421172980822 6.259497361476836 1.2291603464177214 2.646836311264842 17.174085784706737 23.833029882601657 37.72162518663083 19.798612414676217 22.31162892115587 11.593695901013053 15.970148467740547 3.1988370885210218 6.1688698552460215 22.802028703349915 10.638673565844298 14.446719309456704 4.8336063470559765 8.455909832477246 24.334135412776483 2.073408699242858 10.206497742723464 5.754085218113687 -3.7198270314977746 -1.5703377360080837 -5.0801157119709455 3.9736033177154972
22.484969939879758 13.64614132693493 4.7643125137356535 8.239383291773485 6.271459480269517 1.2411224652103847 2.658798430057523 17.186047903499418 23.84499200139433 37.73358730542351 19.810574533468888 22.32359103994854 11.605658019805716 15.982110586533228 3.210799207313703 6.1808319740387025 22.813990822142586 10.65063568463698 14.458681428249385 4.84556846584864 8.467871951269927 24.346097531569157 2.0853708180355213 10.218459861516145 5.76604733690635 -3.7078649127050936 -1.5583756172154204 -5.068153593178282 3.9855654365081605
22.54509018036072 13.65807762722877 4.776248814029493 8.251319592067325 6.283395780563357 1.2530587655042247 2.670734730351363 17.197984203793258 23.85692830168817 37.745523605717345 19.822510833762728 22.33552734024238 11.617594320099556 15.994046886827068 3.222735507607543 6.1927682743325425 22.82592712243642 10.662571984930802 14.470617728543207 4.85750476614248 8.479808251563767 24.358033831862997 2.0973071183293612 10.230396161809967 5.77798363720019 -3.6959286124112714 -1.5464393169215804 -5.056217292884442 3.9975017368020005
22.605210420841683 13.669988197750111 4.788159384550816 8.263230162588666 6.29530635108468 1.2649693360255654 2.682645300872686 17.20989477431458 23.8688388722095 37.75743417623868 19.83442140428406 22.347437910763713 11.629504890620897 16.00595745734839 3.2346460781288657 6.2046788448538654 22.83783769295776 10.674482555452142 14.482528299064548 4.86941533666382 8.491718822085108 24.369944402384327 2.109217688850702 10.242306732331308 5.789894207721531 -3.6840180418899307 -1.5345287464002397 -5.0443067223631015 4.009412307323341
22.665330661322646 13.681873141814265 4.800044328614987 8.27511510665282 6.307191295148833 1.2768542800897187 2.694530244936857 17.22177971837875 23.880723816273665 37.76931912030283 19.84630634834821 22.359322854827862 11.64138983468505 16.017842401412544 3.246531022193037 6.216563788918019 22.849722637021912 10.686367499516296 14.494413243128701 4.881300280727974 8.503603766149261 24.38182934644849 2.1211026329148552 10.254191676395461 5.801779151785684 -3.6721330978257773 -1.5226438023360864 -5.032421778298948 4.0212972513874945
22.725450901803605 13.693732556228984 4.811903743029706 8.286974521067538 6.3190507095635695 1.2887136945044375 2.7063896593515757 17.23363913279347 23.89258323068838 37.78117853471756 19.85816576276294 22.371182269242592 11.653249249099769 16.02970181582728 3.2583904366077556 6.228423203332755 22.861582051436642 10.698226913931014 14.506272657543438 4.8931596951426926 8.51546318056398 24.393688760863206 2.132962047329574 10.266051090810198 5.813638566200403 -3.6602736834110585 -1.5107843879213676 -5.020562363884229 4.033156665802213
22.785571142284567 13.705566538275722 4.823737725076445 8.298808503114277 6.330884691610308 1.3005476765511759 2.718223641398314 17.24547311484021 23.90441721273512 37.7930125167643 19.86999974480968 22.38301625128933 11.665083231146507 16.04153579787402 3.270224418654494 6.240257185379494 22.87341603348338 10.710060895977753 14.518106639590176 4.904993677189431 8.527297162610719 24.405522742909945 2.1447960293763124 10.277885072856936 5.8254725482471414 -3.64843970136432 -1.4989504058746292 -5.008728381837491 4.044990647848952
22.84569138276553 13.717375178401028 4.835546365201733 8.310617143239583 6.342693331735596 1.3123563166764818 2.7300322815236022 17.257281754965497 23.916225852860418 37.804821156889595 19.881808384934974 22.394824891414626 11.676891871271813 16.053344437999307 3.282033058779782 6.252065825504782 22.885224673608676 10.721869536103059 14.529915279715464 4.916802317314737 8.539105802736024 24.417331383035243 2.1566046695016183 10.289693712982224 5.837281188372447 -3.6366310612390143 -1.4871417657493233 -4.996919741712185 4.056799287974258
22.905811623246493 13.729158571468698 4.847329758269421 8.32240053630727 6.354476724803284 1.3241397097441698 2.7418156745912903 17.269065148033185 23.928009245928106 37.816604549957276 19.893591778002662 22.406608284482306 11.688675264339501 16.065127831066995 3.29381645184747 6.26384921857247 22.897008066676356 10.733652929170747 14.541698672783152 4.928585710382407 8.550889195803695 24.42911477610293 2.1683880625692886 10.301477106049912 5.849064581440118 -3.624847668171326 -1.4753583726816353 -4.985136348644515 4.068582681041946
22.965931863727455 13.740916814200066 4.859088001000789 8.334158779038638 6.366234967534652 1.3358979524755377 2.753573917322658 17.280823390764553 23.939767488659474 37.828362792688644 19.90535002073403 22.41836652721368 11.70043350707087 16.076886073798363 3.305574694578838 6.275607461303838 22.908766309407724 10.745411171902115 14.55345691551452 4.940343953113793 8.562647438535063 24.4408730188343 2.180146305300674 10.31323534878128 5.8608228241714855 -3.6130894254399584 -1.4636001299502674 -4.973378105913129 4.0803409237733135
