web/models/kne/49/mosfit_kn_0.001000_0.4217_3.6500.dat
# %ECSV 1.0
# ---
# datatype:
# - {name: time, datatype: float64}
# - {name: PS1_g, datatype: float64}
# - {name: PS1_i, datatype: float64}
# - {name: PS1_r, datatype: float64}
# - {name: PS1_w, datatype: float64}
# - {name: PS1_y, datatype: float64}
# - {name: PS1_z, datatype: float64}
# - {name: swift_uvot_B, datatype: float64}
# - {name: swift_uvot_U, datatype: float64}
# - {name: swift_uvot_uvm2, datatype: float64}
# - {name: swift_uvot_uvw1, datatype: float64}
# - {name: swift_uvot_uvw2, datatype: float64}
# - {name: swift_uvot_V, datatype: float64}
# - {name: johnson_B, datatype: float64}
# - {name: johnson_I, datatype: float64}
# - {name: johnson_R, datatype: float64}
# - {name: johnson_U, datatype: float64}
# - {name: johnson_V, datatype: float64}
# - {name: sdss_g, datatype: float64}
# - {name: sdss_i, datatype: float64}
# - {name: sdss_r, datatype: float64}
# - {name: sdss_u, datatype: float64}
# - {name: sdss_z, datatype: float64}
# - {name: ATLAS_c, datatype: float64}
# - {name: ATLAS_o, datatype: float64}
# - {name: ukirt_H, datatype: float64}
# - {name: ukirt_J, datatype: float64}
# - {name: ukirt_K, datatype: float64}
# - {name: Clear, datatype: float64}
# meta: !!omap
# - comment: [kappa = 3.65, type = rprocess, mass = 0.001, velocity = 0.4216666666666667, theta_obs = 0.0, tfloor = 1000.0]
# schema: astropy-2.0
time PS1_g PS1_i PS1_r PS1_w PS1_y PS1_z swift_uvot_B swift_uvot_U swift_uvot_uvm2 swift_uvot_uvw1 swift_uvot_uvw2 swift_uvot_V johnson_B johnson_I johnson_R johnson_U johnson_V sdss_g sdss_i sdss_r sdss_u sdss_z ATLAS_c ATLAS_o ukirt_H ukirt_J ukirt_K Clear
[from data line 386]
23.266533066132265 19.08708998786695 10.205261174667672 13.680331952705522 11.712408141201536 6.682071126142404 8.099747090989542 22.626996564431437 29.285940662326357 43.17453596635553 25.251523194400907 27.764539700880558 17.046606680737735 21.423059247465247 8.651747868245721 11.621780634970722 28.254939483074608 16.091584345569 19.899630089181404 10.286517126780659 13.908820612201946 29.787046192501183 7.52631947896754 15.659408522448164 11.20699599783837 1.7330837482269261 3.8825730437166164 0.3727950677537373 9.42651409744018
23.326653306613224 19.10016517441976 10.218336361220466 13.693407139258316 11.725483327754329 6.695146312695215 8.112822277542335 22.64007175098424 29.29901584887915 43.18761115290833 25.26459838095371 27.777614887433362 17.059681867290546 21.436134434018047 8.664823054798514 11.634855821523516 28.26801466962741 16.104659532121794 19.912705275734197 10.29959231333347 13.921895798754758 29.800121379053977 7.539394665520351 15.672483709000957 11.22007118439118 1.7461589347797195 3.8956482302694098 0.3858702543065484 9.43958928399299
23.386773547094187 19.113208116247158 10.23137930304788 13.70645008108573 11.738526269581744 6.708189254522612 8.12586521936975 22.653114692811645 29.31205879070656 43.20065409473574 25.277641322781115 27.790657829260766 17.072724809117943 21.449177375845455 8.677865996625929 11.64789876335093 28.281057611454813 16.11770247394921 19.925748217561612 10.312635255160867 13.934938740582155 29.813164320881384 7.552437607347748 15.685526650828372 11.233114126218577 1.7592018766071342 3.9086911720968245 0.3989131961339454 9.452632225820388
23.44689378757515 19.126218974144518 10.24439016094524 13.71946093898309 11.751537127479104 6.721200112419972 8.13887607726711 22.666125550709005 29.325069648603915 43.213664952633096 25.290652180678475 27.803668687158126 17.085735667015303 21.462188233742815 8.690876854523289 11.66090962124829 28.294068469352176 16.130713331846568 19.93875907545897 10.325646113058227 13.947949598479514 29.82617517877874 7.565448465245108 15.698537508725732 11.246124984115937 1.772212734504494 3.9217020299941665 0.41192405403130516 9.465643083717747
23.507014028056112 19.139197897510325 10.257369084311048 13.732439862348897 11.764516050844911 6.734179035785797 8.151855000632917 22.679104474074812 29.338048571969733 43.2266438759989 25.30363110404429 27.81664761052394 17.098714590381128 21.475167157108622 8.703855777889096 11.673888544614098 28.307047392717983 16.143692255212375 19.95173799882478 10.338625036424034 13.960928521845322 29.83915410214456 7.578427388610933 15.711516432091539 11.259103907481744 1.7851916578703013 3.9346809533599916 0.42490297739713023 9.478622007083572
23.567134268537075 19.152145046074835 10.270316232875558 13.745387010913408 11.777463199409421 6.747126184350307 8.164802149197428 22.692051622639323 29.350995720534243 43.23959102456342 25.316578252608803 27.829594759088454 17.11166173894564 21.488114305673133 8.716802926453607 11.686835693178608 28.31999454128249 16.156639403776886 19.96468514738929 10.351572184988544 13.973875670409832 29.85210125070907 7.591374537175444 15.72446358065605 11.272051056046255 1.7981388064348118 3.947628101924502 0.43785012596164075 9.491569155648083
23.627254509018034 19.165060565967522 10.283231752768245 13.758302530806077 11.790378719302108 6.760041704242976 8.177717669090114 22.70496714253201 29.363911240426923 43.252506544456104 25.32949377250148 27.84251027898113 17.124577258838308 21.50102982556582 8.729718446346293 11.699751213071295 28.332910061175177 16.169554923669555 19.977600667281976 10.364487704881231 13.986791190302519 29.86501677060175 7.604290057068113 15.737379100548736 11.284966575938942 1.8110543263274808 3.960543621817171 0.45076564585430967 9.504484675540752
23.687374749498996 19.17794461705416 10.296115803854882 13.771186581892714 11.803262770388745 6.772925755329613 8.190601720176751 22.717851193618646 29.37679529151356 43.26539059554273 25.342377823588116 27.855394330067767 17.137461309924944 21.51391387665245 8.74260249743293 11.712635264157932 28.345794112261814 16.18243897475619 19.990484718368613 10.377371755967868 13.999675241389156 29.877900821688385 7.6171741081547495 15.750263151635373 11.297850627025579 1.8239383774141176 3.973427672903808 0.4636496969409465 9.517368726627389
23.74749498997996 19.19079734615954 10.308968532960261 13.784039310998093 11.816115499494124 6.785778484434992 8.20345444928213 22.730703922724025 29.389648020618935 43.27824332464811 25.355230552693495 27.868247059173147 17.150314039030324 21.526766605757825 8.75545522653831 11.725487993263311 28.358646841367197 16.19529170386157 20.003337447473992 10.390224485073247 14.012527970494535 29.89075355079376 7.630026837260129 15.763115880740752 11.310703356130958 1.8367911065194968 3.986280402009187 0.47650242604632576 9.530221455732768
23.80761523046092 19.20361890196034 10.321790088761063 13.796860866798895 11.828937055294926 6.798600040235794 8.216276005082932 22.743525478524827 29.40246957641974 43.29106488044891 25.368052108494297 27.881068614973948 17.163135594831125 21.53958816155863 8.768276782339111 11.738309549064113 28.371468397167988 16.208113259662372 20.016159003274776 10.403046040874049 14.025349526295336 29.903575106594566 7.64284839306093 15.775937436541536 11.32352491193176 1.8496126623202984 3.9991019578099887 0.48932398184712733 9.54304301153357
23.867735470941884 19.216409438086774 10.334580624887497 13.80965140292533 11.841727591421343 6.811390576362228 8.229066541209367 22.756316014651254 29.41526011254617 43.303855416575345 25.380842644620724 27.893859151100376 17.17592613095756 21.55237869768506 8.781067318465546 11.75110008519053 28.384258933294422 16.220903795788807 20.02894953940121 10.415836577000483 14.038140062421771 29.916365642720997 7.655638929187365 15.78872797266797 11.336315448058194 1.862403198446733 4.011892493936423 0.502114517973562 9.555833547660004
23.927855711422843 19.22916909710752 10.347340283908224 13.822411061946074 11.854487250442087 6.824150235382973 8.241826200230093 22.769075673672 29.42801977156691 43.31661507559608 25.39360230364147 27.90661881012112 17.188685789978305 21.5651383567058 8.793826977486273 11.763859744211274 28.397018592315167 16.23366345480955 20.041709198421955 10.428596236021228 14.050899721442498 29.929125301741735 7.66839858820811 15.801487631688715 11.349075107078939 1.8751628574674777 4.0246521529571675 0.5148741769943066 9.568593206680749
23.987975951903806 19.241898028112008 10.360069214912713 13.835139992950563 11.867216181446576 6.836879166387462 8.254555131234582 22.781804604676488 29.440748702571398 43.32934400660058 25.406331234645958 27.91934774112561 17.201414720982793 21.577867287710294 8.806555908490761 11.776588675215763 28.409747523319655 16.24639238581404 20.054438129426444 10.441325167025717 14.063628652447004 29.941854232746223 7.681127519212598 15.814216562693204 11.361804038083427 1.8878917884719664 4.037381083961656 0.5276031079987953 9.581322137685238
24.04809619238477 19.25459636963417 10.372767556434894 13.847838334472726 11.879914522968757 6.8495775079096255 8.267253472756764 22.79450294619866 29.453447044093572 43.34204234812275 25.41902957616813 27.93204608264778 17.214113062504957 21.59056562923247 8.819254250012943 11.789287016737944 28.422445864841826 16.259090727336222 20.067136470948626 10.45402350854788 14.076326993969168 29.954552574268398 7.693825860734762 15.826914904215386 11.374502379605591 1.900590129994148 4.05007942548382 0.540301449520959 9.594020479207401
24.10821643286573 19.267264282968615 10.385435469769337 13.860506247807187 11.8925824363032 6.862245421244086 8.279921386091207 22.8071708595331 29.466114957428022 43.35471026145719 25.43169748950258 27.94471399598223 17.226780975839418 21.60323354256691 8.831922163347386 11.801954930072387 28.435113778176273 16.271758640670665 20.07980438428307 10.466691421882324 14.088994907303611 29.967220487602848 7.706493774069205 15.839582817549829 11.387170292940034 1.913258043328591 4.062747338818281 0.5529693628554022 9.606688392541862
24.168336673346694 19.279901892883817 10.398073079684522 13.873143857722372 11.905220046218385 6.874883031159271 8.292558996006392 22.819808469448297 29.478752567343207 43.36734787137238 25.444335099417767 27.95735160589742 17.239418585754603 21.615871152482097 8.84455977326257 11.814592539987572 28.447751388091454 16.28439625058585 20.092441994198253 10.479329031797526 14.101632517218796 29.979858097518033 7.719131383984408 15.852220427465014 11.399807902855219 1.9258956532437759 4.075384948733466 0.5656069727706048 9.619326002457047
24.228456913827653 19.292509354897174 10.410680541697879 13.885751319735729 11.917827508231742 6.887490493172628 8.305166458019748 22.832415931461654 29.491360029356564 43.379955333385745 25.456942561431124 27.969959067910775 17.25202604776796 21.62847861449546 8.857167235275945 11.827200002000929 28.46035885010482 16.297003712599206 20.10504945621161 10.491936493810883 14.11423997923217 29.99246555953139 7.731738845997764 15.86482788947837 11.412415364868593 1.9385031152571324 4.087992410746822 0.5782144347839613 9.631933464470404
24.288577154308616 19.30508681001175 10.423257996812474 13.898328774850306 11.930404963346337 6.900067948287205 8.317743913134343 22.84499338657624 29.50393748447115 43.392532788500326 25.469520016545708 27.98253652302536 17.264603502882537 21.64105606961004 8.869744690390522 11.839777457115524 28.4729363052194 16.309581167713784 20.117626911326187 10.50451394892546 14.126817434346748 30.005043014645977 7.744316301112342 15.877405344592948 11.42499281998317 1.9510805703717098 4.1005698658614 0.5907918898985387 9.644510919584981
24.34869739478958 19.31763438827934 10.435805575080064 13.910876353117896 11.94295254161391 6.912615526554795 8.330291491401933 22.85754096484382 29.516485062738738 43.40508036676791 25.482067594813298 27.99508410129295 17.277151081150127 21.653603647877627 8.882292268658112 11.852325035383114 28.48548388348699 16.322128745981374 20.130174489593777 10.51706152719305 14.139365012614338 30.017590592913564 7.756863879379932 15.889952922860537 11.43754039825076 1.9636281486392997 4.1131174441289895 0.6033394681661286 9.65705849785257
24.40881763527054 19.330152239301785 10.448323426102508 13.923394204140358 11.955470392636371 6.925133377577257 8.342809342424378 22.870058815866273 29.529002913761193 43.41759821779036 25.49458544583575 28.007601952315394 17.28966893217259 21.666121498900083 8.894810119680557 11.864842886405558 28.498001734509444 16.334646597003836 20.14269234061624 10.529579378215495 14.151882863636782 30.03010844393602 7.769381730402376 15.902470773883 11.450058249273205 1.9761459996617619 4.125635295151452 0.615857319188573 9.669576348875033
24.468937875751504 19.342640499631383 10.460811686432105 13.935882464469938 11.967958652965969 6.937621637906837 8.355297602753975 22.88254707619587 29.54149117409078 43.430086478119954 25.50707370616534 28.02009021264499 17.302157192502168 21.67860975922967 8.907298380010154 11.877331146735155 28.51048999483904 16.347134857333415 20.155180600945837 10.542067638545092 14.16437112396638 30.042596704265605 7.781869990731973 15.914959034212597 11.462546509602802 1.9886342599913414 4.138123555481031 0.6283455795181703 9.682064609204613
24.529058116232463 19.35509930779908 10.473270494599785 13.948341272637634 11.980417461133648 6.950080446074534 8.367756410921654 22.895005884363556 29.55394998225847 43.44254528628765 25.519532514333026 28.032549020812677 17.314616000669865 21.69106856739737 8.919757188177833 11.889789954902835 28.522948803006727 16.359593665501112 20.167639409113516 10.554526446712789 14.176829932134076 30.055055512433295 7.79432879889967 15.927417842380276 11.4750053177705 2.0010930681590384 4.150582363648728 0.6408043876858671 9.69452341737231
24.589178356713425 19.36752879910042 10.485699985901142 13.960770763938974 11.992846952435006 6.962509937375874 8.380185902223012 22.907435375664907 29.56637947355982 43.454974777589 25.531962005634377 28.044978512114028 17.327045491971205 21.703498058698717 8.93218667947919 11.902219446204192 28.535378294308074 16.37202315680247 20.180068900414874 10.566955938014129 14.189259423435416 30.067485003734646 7.80675829020101 15.939847333681634 11.48743480907184 2.0135225594603785 4.163011854950068 0.6532338789872072 9.70695290867365
24.649298597194388 19.379929112659244 10.498100299459967 13.973171077497817 12.00524726599383 6.974910250934716 8.392586215781837 22.91983568922373 29.578779787118652 43.46737509114782 25.54436231919321 28.05737882567286 17.339445805530048 21.71589837225754 8.944586993038016 11.914619759763017 28.547778607866903 16.384423470361295 20.1924692139737 10.579356251572953 14.201659736994241 30.079885317293478 7.819158603759835 15.952247647240458 11.499835122630664 2.025922873019221 4.1754121685089105 0.6656341925460318 9.719353222232492
24.70941883767535 19.392300376009395 10.510471562810118 13.98554234084795 12.01761852934398 6.987281514284849 8.404957479131987 22.932206952573882 29.591151050468795 43.47974635449797 25.55673358254335 28.069750089023003 17.35181706888018 21.728269635607685 8.956958256388166 11.926991023113168 28.56014987121705 16.396794733711427 20.20484047732384 10.591727514923104 14.214031000344391 30.09225658064362 7.831529867109985 15.964618910590609 11.512206385980814 2.0382941363693536 4.187783431859043 0.6780054558961823 9.731724485582625
24.769539078156313 19.404642727630055 10.522813914430778 13.997884692468627 12.02996088096464 6.9996238659055265 8.417299830752647 22.944549304194553 29.603493402089462 43.492088706118636 25.569075934164022 28.082092440643674 17.364159420500858 21.740611987228352 8.969300608008826 11.939333374733827 28.57249222283771 16.409137085332105 20.21718282894451 10.604069866543782 14.226373351965051 30.104598932264288 7.843872218730663 15.976961262211269 11.524548737601474 2.0506364879900314 4.200125783479721 0.6903478075168601 9.744066837203302
24.829659318637272 19.41695629976369 10.535127486564413 14.010198264602263 12.042274453098276 7.011937438039144 8.429613402886282 22.956862876328177 29.615806974223098 43.50440227825227 25.581389506297647 28.0944060127773 17.376472992634476 21.752925559361987 8.981614180142461 11.951646946867463 28.584805794971345 16.42145065746574 20.229496401078137 10.6163834386774 14.238686924098687 30.116912504397924 7.856185790864281 15.989274834344904 11.53686230973511 2.0629500601236668 4.212439355613356 0.7026613796504777 9.75638040933692
24.889779559118235 19.429241232114904 10.547412418915627 14.022483196953477 12.05455938544949 7.024222370390376 8.441898335237497 22.96914780867939 29.628091906574312 43.516687210603486 25.59367443864886 28.106690945128513 17.38875792498569 21.7652104917132 8.993899112493676 11.963931879218677 28.59709072732256 16.433735589816955 20.24178133342936 10.628668371028613 14.250971856449901 30.129197436749138 7.868470723215495 16.00155976669612 11.549147242086324 2.075234992474881 4.224724287964571 0.7149463120016919 9.768665341688134
24.949899799599198 19.441497649082518 10.55966883588324 14.034739613921072 12.066815802417103 7.0364787873579715 8.45415475220511 22.981404225647005 29.640348323541915 43.528943627571095 25.605930855616474 28.118947362096126 17.401014341953303 21.777466908680815 9.006155529461289 11.97618829618629 28.609347144290176 16.44599200678455 20.25403775039696 10.640924787996227 14.263228273417514 30.14145385371674 7.880727140183108 16.01381618366373 11.561403659053937 2.0874914094424764 4.236980704932166 0.727202728969305 9.780921758655747
