web/models/kne/49/mosfit_kn_0.007937_0.4530_0.5000.dat
# %ECSV 1.0
# ---
# datatype:
# - {name: time, datatype: float64}
# - {name: PS1_g, datatype: float64}
# - {name: PS1_i, datatype: float64}
# - {name: PS1_r, datatype: float64}
# - {name: PS1_w, datatype: float64}
# - {name: PS1_y, datatype: float64}
# - {name: PS1_z, datatype: float64}
# - {name: swift_uvot_B, datatype: float64}
# - {name: swift_uvot_U, datatype: float64}
# - {name: swift_uvot_uvm2, datatype: float64}
# - {name: swift_uvot_uvw1, datatype: float64}
# - {name: swift_uvot_uvw2, datatype: float64}
# - {name: swift_uvot_V, datatype: float64}
# - {name: johnson_B, datatype: float64}
# - {name: johnson_I, datatype: float64}
# - {name: johnson_R, datatype: float64}
# - {name: johnson_U, datatype: float64}
# - {name: johnson_V, datatype: float64}
# - {name: sdss_g, datatype: float64}
# - {name: sdss_i, datatype: float64}
# - {name: sdss_r, datatype: float64}
# - {name: sdss_u, datatype: float64}
# - {name: sdss_z, datatype: float64}
# - {name: ATLAS_c, datatype: float64}
# - {name: ATLAS_o, datatype: float64}
# - {name: ukirt_H, datatype: float64}
# - {name: ukirt_J, datatype: float64}
# - {name: ukirt_K, datatype: float64}
# - {name: Clear, datatype: float64}
# meta: !!omap
# - comment: [kappa = 0.5, type = rprocess, mass = 0.00793700525986525, velocity = 0.45299999999999996, theta_obs = 0.0, tfloor = 1000.0]
# schema: astropy-2.0
time PS1_g PS1_i PS1_r PS1_w PS1_y PS1_z swift_uvot_B swift_uvot_U swift_uvot_uvm2 swift_uvot_uvw1 swift_uvot_uvw2 swift_uvot_V johnson_B johnson_I johnson_R johnson_U johnson_V sdss_g sdss_i sdss_r sdss_u sdss_z ATLAS_c ATLAS_o ukirt_H ukirt_J ukirt_K Clear
[from data line 293]
17.675350701402806 11.962315795275664 3.080486982076387 6.555557760114237 4.58763394861025 -0.4427030664488818 0.9749728983982564 15.502222371840151 22.161166469735065 36.049761773764246 18.12674900180962 20.639765508289273 9.92183248814645 14.298285054873961 1.5269736756544363 4.497006442379436 21.13016529048332 8.966810152977713 12.774855896590118 3.1617429341893732 6.784046419610661 22.66227199990989 0.40154528637625475 8.534634329856878 4.082221805247084 -5.39169044436436 -3.2422011488746865 -6.751979124837549 2.301739904848894
17.73547094188377 11.976025804411492 3.0941969912122147 6.569267769250047 4.601343957746078 -0.42899305731305404 0.9886829075340842 15.515932380975979 22.174876478870893 36.06347178290007 18.14045901094545 20.6534755174251 9.935542497282277 14.311995064009789 1.540683684790264 4.510716451515264 21.143875299619147 8.980520162113523 12.788565905725946 3.175452943325201 6.797756428746489 22.67598200904572 0.4152552955120825 8.548344338992706 4.0959318143829115 -5.37798043522855 -3.2284911397388587 -6.738269115701721 2.3154499139847218
17.795591182364728 11.989706148340602 3.1078773351413247 6.582948113179157 4.61502430167517 -0.41531271338394404 1.0023632514631942 15.529612724905089 22.188556822800003 36.07715212682917 18.15413935487456 20.66715586135421 9.949222841211387 14.325675407938899 1.554364028719374 4.524396795444374 21.15755564354825 8.994200506042633 12.802246249655038 3.189133287254311 6.811436772675599 22.68966235297483 0.4289356394411925 8.562024682921798 4.1096121583120215 -5.36430009129944 -3.2148107958097487 -6.724588771772611 2.3291302579138318
17.85571142284569 12.00335830238652 3.1215294891872425 6.596600267225092 4.628676455721106 -0.40166055933802625 1.016015405509112 15.543264878951007 22.202208976845927 36.0908042808751 18.167791508920477 20.680808015400128 9.962874995257305 14.339327561984817 1.5680161827652919 4.538048949490292 21.171207797594178 9.007852660088568 12.815898403700974 3.202785441300229 6.8250889267215165 22.703314507020753 0.4425877934871103 8.575676836967734 4.123264312357939 -5.3506479372535045 -3.201158641763813 -6.710936617726693 2.3427824119597496
17.915831663326653 12.0169781577221 3.135149344522823 6.610220122560655 4.642296311056668 -0.38804070400244584 1.0296352608446924 15.556884734286587 22.2158288321815 36.104424136210675 18.181411364256057 20.694427870735698 9.976494850592886 14.35294741732038 1.5816360381008723 4.551668804825854 21.184827652929748 9.021472515424131 12.829518259036536 3.216405296635809 6.838708782057097 22.716934362356326 0.4562076488226907 8.589296692303297 4.13688416769352 -5.337028081917942 -3.1875387864282505 -6.697316762391113 2.35640226729533
17.975951903807616 12.03056995976512 3.1487411465658433 6.623811924603675 4.655888113099689 -0.3744489019594255 1.0432270628877127 15.570476536329608 22.229420634224518 36.11801593825369 18.195003166299077 20.708019672778722 9.990086652635906 14.3665392193634 1.5952278401438926 4.565260606868875 21.19841945497277 9.035064317467151 12.843110061079557 3.2299970986788296 6.852300584100117 22.730526164399343 0.46979945086571107 8.602888494346317 4.15047596973654 -5.3234362798749215 -3.17394698438523 -6.683724960348092 2.3699940693383503
18.036072144288575 12.044132413109647 3.16230359991037 6.637374377948202 4.669450566444233 -0.3608864486148988 1.0567895162322394 15.584038989674134 22.242983087569044 36.131578391598225 18.208565619643604 20.721582126123256 10.003649105980433 14.380101672707944 1.6087902934884193 4.578823060213419 21.211981908317306 9.048626770811696 12.856672514424101 3.243559552023356 6.865863037444644 22.74408861774387 0.4833619042102377 8.616450947690861 4.164038423081067 -5.309873826530395 -3.1603845310407035 -6.670162507003566 2.383556522682877
18.096192384769537 12.057665587335986 3.175836774136709 6.650907552174559 4.682983740670572 -0.34735327438854213 1.0703226904585783 15.597572163900473 22.256516261795394 36.145111565824564 18.222098793869943 20.735115300349594 10.017182280206772 14.393634846934283 1.6223234677147582 4.592356234439758 21.225515082543644 9.062159945038035 12.87020568865044 3.257092726249695 6.879396211670983 22.75762179197022 0.49689507843657665 8.6299841219172 4.177571597307406 -5.296340652304038 -3.146851356814347 -6.656629332777227 2.397089696909216
18.1563126252505 12.07116955810509 3.1893407449057953 6.664411522943645 4.696487711439659 -0.33384930361945564 1.0838266612276648 15.611076134669577 22.27002023256448 36.158615536593665 18.235602764639047 20.748619271118688 10.030686250975876 14.40713881770337 1.6358274384838625 4.605860205208844 21.239019053312738 9.075663915807121 12.883709659419527 3.2705966970187994 6.892900182440087 22.771125762739306 0.5103990492056809 8.643488092686287 4.19107556807651 -5.282836681534952 -3.1333473860452603 -6.6431253620081225 2.41059366767832
18.216432865731463 12.084644402400286 3.202815589201009 6.677886367238841 4.709962555734872 -0.3203744593242597 1.0973015055228785 15.624550978964773 22.283495076859687 36.17209038088887 18.249077608934243 20.762094115413895 10.044161095271072 14.420613661998583 1.6493022827790584 4.619335049504058 21.25249389760794 9.089138760102317 12.89718450371474 3.2840715413139954 6.906375026735283 22.784600607034513 0.5238738935008769 8.6569629369815 4.204550412371706 -5.269361837239756 -3.1198725417500643 -6.629650517712927 2.424068511973516
18.276553106212425 12.09809020404867 3.216261390849393 6.691332168887225 4.723408357383256 -0.3069286576758756 1.1107473071712626 15.637996780613157 22.296940878508067 36.18553618253724 18.262523410582627 20.77553991706228 10.057606896919456 14.434059463646967 1.6627480844274425 4.632780851152442 21.265939699256318 9.102584561750701 12.910630305363107 3.2975173429623794 6.919820828383667 22.798046408682893 0.5373196951492609 8.670408738629867 4.21799621402009 -5.255916035591372 -3.1064267401016803 -6.6162047160645425 2.4375143136219
18.336673346693384 12.111507034103983 3.229678220904688 6.704748998942538 4.736825187438551 -0.2935118276205628 1.1241641372265576 15.651413610668452 22.310357708563373 36.19895301259255 18.275940240637922 20.788956747117584 10.071023726974769 14.447476293702262 1.6761649144827375 4.646197681207737 21.27935652931163 9.116001391806014 12.92404713541842 3.310934173017692 6.933237658438962 22.8114632387382 0.5507365252045737 8.68382556868518 4.231413044075403 -5.242499205536059 -3.0930099100463675 -6.60278788600923 2.450931143677213
18.396793587174347 12.124894975782965 3.2430661625836876 6.71813694062152 4.750213129117551 -0.2801238859415811 1.137552078905557 15.664801552347452 22.323745650242365 36.212340954271546 18.289328182316922 20.802344688796573 10.08441166865375 14.460864235381262 1.689552856161737 4.659585622886737 21.29274447099062 9.129389333484996 12.937435077097419 3.324322114696674 6.946625600117962 22.82485118041719 0.5641244668835554 8.697213510364179 4.2448009857543845 -5.229111263857077 -3.079621968367386 -6.589399944330248 2.4643190853561947
18.45691382765531 12.138254104160247 3.2564252909609515 6.731496068998801 4.763572257494815 -0.2667647575642995 1.150911207282821 15.678160680724716 22.337104778619636 36.22570008264882 18.302687310694203 20.815703817173844 10.097770797031032 14.474223363758526 1.7029119845390186 4.6729447512640006 21.306103599367894 9.142748461862277 12.950794205474683 3.3376812430739555 6.959984728495243 22.838210308794462 0.577483595260837 8.710572638741443 4.258160114131666 -5.2157521354797955 -3.0662628399901046 -6.576040815952966 2.4776782137334763
18.517034068136272 12.151584501190218 3.2697556879909406 6.744826466028773 4.776902654524804 -0.2534343605343281 1.16424160431281 15.691491077754705 22.350435175649615 36.23903047967879 18.316017707724175 20.829034214203826 10.111101194061003 14.487553760788515 1.71624238156899 4.68627514829399 21.319433996397866 9.156078858892249 12.964124602504654 3.351011640103927 6.973315125525215 22.85154070582444 0.5908139922908084 8.723903035771414 4.2714905111616375 -5.202421738449824 -3.052932442960133 -6.562710418922995 2.4910086107634477
18.577154308617235 12.164886245121984 3.283057431922707 6.758128209960557 4.79020439845657 -0.24013261660254415 1.1775433482445763 15.704792821686471 22.36373691958139 36.252332223610566 18.32931945165594 20.842335958135592 10.12440293799277 14.500855504720281 1.7295441255007562 4.699576892225756 21.33273574032964 9.169380602824033 12.977426346436438 3.364313384035693 6.986616869456981 22.864842449756217 0.6041157362225746 8.737204779703198 4.284792255093404 -5.18911999451804 -3.0396306990283493 -6.549408674991229 2.504310354695214
18.637274549098194 12.178159416298069 3.2963306030987916 6.771401381136641 4.803477569632655 -0.22685944542647718 1.190816519420661 15.718065992862556 22.377010090757476 36.26560539478665 18.342592622832026 20.855609129311677 10.137676109168854 14.514128675896366 1.742817296676841 4.712850063401841 21.346008911505727 9.182653774000118 12.990699517612523 3.377586555211778 6.9998900406330655 22.878115620932302 0.6173889073986594 8.750477950879283 4.298065426269488 -5.1758468233419554 -3.0263575278522645 -6.536135503815144 2.5175835258712986
18.697394789579157 12.191404087065134 3.309575273865857 6.784646051903707 4.81672224039972 -0.21361477465939416 1.2040611901877263 15.731310663629621 22.39025476152454 36.27885006555371 18.35583729359909 20.86885380007875 10.150920779935937 14.527373346663431 1.7560619674439062 4.726094734168906 21.359253582272792 9.195898444767183 13.003944188379588 3.390831225978843 7.013134711400131 22.891360291699367 0.6306335781657424 8.763722621646348 4.311310097036554 -5.16260215257489 -3.0131128570851993 -6.522890833048061 2.5308281966383817
18.75751503006012 12.204620343025159 3.3227915298258814 6.7978623078637135 4.829938496359745 -0.2003985186993873 1.217277446147751 15.744526919589646 22.403471017484556 36.29206632151374 18.369053549559116 20.882070056038767 10.164137035895944 14.540589602623456 1.7692782234039308 4.7393109901289305 21.372469838232817 9.209114700727207 13.017160444339613 3.4040474819388677 7.026350967360155 22.90457654765938 0.6438498341257493 8.776938877606373 4.324526352996578 -5.149385896614883 -2.9998966011251924 -6.509674577088054 2.5440444525983885
18.817635270541082 12.217808260967544 3.335979447768267 6.811050225806099 4.84312641430213 -0.1872106007570018 1.2304653640901364 15.757714837532031 22.416658935426945 36.305254239456126 18.3822414675015 20.895257973981153 10.17732495383833 14.553777520565841 1.7824661413463163 4.752498908071316 21.3856577561752 9.222302618669593 13.030348362281998 3.4172353998812532 7.039538885302541 22.91776446560177 0.6570377520681348 8.790126795548758 4.337714270938964 -5.136197978672498 -2.986708683182807 -6.496486659145669 2.557232370540774
18.877755511022045 12.230967924369676 3.3491391111703805 6.82420988920823 4.856286077704244 -0.17405093735487043 1.2436250274922678 15.770874500934163 22.429818598829073 36.318413902858246 18.395401130903632 20.908417637383277 10.190484617240461 14.566937183967955 1.7956258047484477 4.76565857147343 21.398817419577323 9.235462282071706 13.043508025684112 3.4303950632833846 7.052698548704672 22.9309241290039 0.6701974154702661 8.803286458950872 4.350873934341095 -5.1230383152703665 -2.9735490197806755 -6.483326995743537 2.5703920339429054
18.937875751503004 12.244099409455806 3.362270596256529 6.837341374294379 4.869417562790392 -0.16091945226872184 1.2567565125783986 15.784005986020293 22.442950083915214 36.33154538794439 18.408532615989763 20.921549122469425 10.20361610232661 14.580068669054103 1.8087572898345785 4.778790056559578 21.41194890466346 9.248593767157855 13.05663951077026 3.4435265483695154 7.065830033790803 22.94405561409004 0.6833289005564147 8.81641794403702 4.364005419427226 -5.109906830184218 -2.960417534694527 -6.470195510657389 2.583523519029054
18.997995991983966 12.257202793505666 3.3753739803063887 6.850444758344221 4.882520946840234 -0.14781606821888005 1.2698598966282582 15.797109370070153 22.456053467965063 36.34464877199424 18.421636000039623 20.934652506519274 10.216719486376451 14.593172053103963 1.821860673884438 4.791893440609438 21.425052288713314 9.261697151207697 13.069742894820102 3.456629932419375 7.078933417840663 22.95715899813989 0.6964322846062565 8.829521328086862 4.3771088034770855 -5.096803446134376 -2.947314150644685 -6.457092126607547 2.5966269030788958
19.05811623246493 12.270278160469825 3.388449347270548 6.86352012530838 4.895596313804393 -0.13474070125472082 1.2829352635924174 15.810184737034312 22.469128834929222 36.357724138958396 18.434711367003782 20.947727873483434 10.22979485334061 14.606247420068122 1.8349360408485973 4.804968807573597 21.438127655677473 9.274772518171856 13.082818261784261 3.4697052993835342 7.092008784804822 22.970234365104048 0.7095076515704157 8.842596695051022 4.390184170441245 -5.083728079170217 -2.934238783680526 -6.444016759643388 2.609702270043055
19.118236472945892 12.283325589250662 3.401496776051367 6.876567554089217 4.90864374258523 -0.12169327247388395 1.2959826923732365 15.823232165815131 22.482176263710052 36.370771567739226 18.4477587957846 20.960775302264263 10.242842282121448 14.619294848848941 1.8479834696294164 4.818016236354416 21.4511750844583 9.287819946952693 13.095865690565098 3.482752728164371 7.105056213585641 22.983281793884878 0.7225550803512526 8.855644123831858 4.403231599222082 -5.07068065038938 -2.921191354899689 -6.430969330862551 2.622749698823892
19.178356713426854 12.296345157212798 3.414516344013503 6.889587122051353 4.921663310547366 -0.10867370451174807 1.3090022603353724 15.836251733777267 22.495195831672188 36.383791135701365 18.460778363746755 20.973794870226396 10.255861850083583 14.632314416811077 1.86100303759157 4.831035804316552 21.464194652420446 9.300839514914829 13.108885258527234 3.495772296126507 7.118075781547795 22.996301361847014 0.7355746483133885 8.868663691793994 4.4162511671842175 -5.057661082427244 -2.908171786937553 -6.417949762900415 2.6357692667860277
19.238476953907814 12.309336947585674 3.4275081343863967 6.902578912424229 4.934655100920242 -0.09568191413887206 1.3219940507082661 15.849243524150161 22.50818762204507 36.396782926074245 18.47377015411963 20.986786660599282 10.26885364045646 14.645306207183971 1.873994827964446 4.844027594689446 21.47718644279332 9.313831305287705 13.12187704890011 3.508764086499383 7.131067571920671 23.009293152219897 0.7485664386862645 8.88165548216687 4.4292429575570935 -5.044669292054368 -2.895179996564677 -6.404957972527539 2.6487610571589038
19.298597194388776 12.322301038260566 3.4404722250612885 6.9155430030991205 4.947619191595152 -0.08271782346398027 1.334958141383158 15.862207614825053 22.521151712719963 36.40974701674914 18.486734244794523 20.999750751274174 10.281817731131351 14.658270297858863 1.8869589186393378 4.856991685364338 21.490150533468224 9.326795395962597 13.134841139575002 3.5217281771742748 7.144031662595562 23.02225724289479 0.7615305293611563 8.89461957284178 4.442207048231985 -5.031705201379476 -2.8822159058897854 -6.391993881852647 2.6617251478337955
19.35871743486974 12.335237511696509 3.453408698497231 6.928479476535063 4.9605556650310945 -0.06978135002803754 1.3478946148191007 15.875144088260996 22.534088186155905 36.42268349018508 18.499670718230465 21.012687224710117 10.294754204567294 14.671206771294806 1.8998953920752806 4.86992815880028 21.503087006904167 9.33973186939854 13.147777613010962 3.5346646506102175 7.156968136031505 23.03519371633073 0.774467002797099 8.907556046277723 4.455143521667928 -5.018768727943534 -2.8692794324538426 -6.379057408416704 2.6746616212697383
