web/models/kne/49/mosfit_kn_0.022361_0.0300_10.0000.dat
# %ECSV 1.0
# ---
# datatype:
# - {name: time, datatype: float64}
# - {name: PS1_g, datatype: float64}
# - {name: PS1_i, datatype: float64}
# - {name: PS1_r, datatype: float64}
# - {name: PS1_w, datatype: float64}
# - {name: PS1_y, datatype: float64}
# - {name: PS1_z, datatype: float64}
# - {name: swift_uvot_B, datatype: float64}
# - {name: swift_uvot_U, datatype: float64}
# - {name: swift_uvot_uvm2, datatype: float64}
# - {name: swift_uvot_uvw1, datatype: float64}
# - {name: swift_uvot_uvw2, datatype: float64}
# - {name: swift_uvot_V, datatype: float64}
# - {name: johnson_B, datatype: float64}
# - {name: johnson_I, datatype: float64}
# - {name: johnson_R, datatype: float64}
# - {name: johnson_U, datatype: float64}
# - {name: johnson_V, datatype: float64}
# - {name: sdss_g, datatype: float64}
# - {name: sdss_i, datatype: float64}
# - {name: sdss_r, datatype: float64}
# - {name: sdss_u, datatype: float64}
# - {name: sdss_z, datatype: float64}
# - {name: ATLAS_c, datatype: float64}
# - {name: ATLAS_o, datatype: float64}
# - {name: ukirt_H, datatype: float64}
# - {name: ukirt_J, datatype: float64}
# - {name: ukirt_K, datatype: float64}
# - {name: Clear, datatype: float64}
# meta: !!omap
# - comment: [kappa = 10.0, type = rprocess, mass = 0.022360679775100388, velocity = 0.030000000000000023, theta_obs = 0.0, tfloor = 1000.0]
# schema: astropy-2.0
time PS1_g PS1_i PS1_r PS1_w PS1_y PS1_z swift_uvot_B swift_uvot_U swift_uvot_uvm2 swift_uvot_uvw1 swift_uvot_uvw2 swift_uvot_V johnson_B johnson_I johnson_R johnson_U johnson_V sdss_g sdss_i sdss_r sdss_u sdss_z ATLAS_c ATLAS_o ukirt_H ukirt_J ukirt_K Clear
[from data line 285]
17.19438877755511 -5.047371244471428 -9.441027081377467 -7.756855871235846 -8.23983712654206 -11.01040898106822 -10.407626723456094 -3.2975182436662207 -0.521317191910615 8.080423784162566 0.32116457888301797 2.2227313985150734 -6.252832436779532 -3.6376738329170917 -10.358459532592061 -8.583701461507147 -0.9304574089043104 -6.514543610943268 -4.639876315157618 -9.40492601929991 -7.694700164440071 0.13621163575926687 -10.602575623620503 -6.506410738580577 -8.734871818523011 -12.846996843579229 -12.113330898666897 -13.192861678026516 -9.095534140854955
17.25450901803607 -5.015408412641644 -9.421991011640642 -7.732600095795021 -8.21921697204548 -10.996961748267573 -10.39190584454099 -3.260530870524124 -0.4735309783700179 8.147147159821838 0.3579781760881855 2.2597104232231016 -6.223564753885332 -3.602417852541557 -10.341148723457422 -8.562104906226235 -0.8842941936607506 -6.486574094691801 -4.6067378205365905 -9.385746136353266 -7.670084100808747 0.1835139223251936 -10.587704844804477 -6.479682238901727 -8.714397508482445 -12.842140419329587 -12.104543981950949 -13.190751585739376 -9.078530788761565
17.314629258517034 -4.983343807535068 -9.402875609568522 -7.708256089121317 -8.19852133672363 -10.98344566881373 -10.37611150654051 -3.223431420738364 -0.42561132980814853 8.214009235247058 0.3948770023557917 2.296786226132778 -6.194197277659932 -3.5670577866486437 -10.323762370226365 -8.540430133279362 -0.838000776832548 -6.458510932865555 -4.573495438432484 -9.366486703174974 -7.645378273229575 0.23094984068666946 -10.572763401052896 -6.452865133512304 -8.693845810845495 -12.837233793552867 -12.095698345914803 -13.188597845877988 -9.06146201536112
17.374749498997996 -4.95118462519665 -9.383685776133213 -7.683829682958638 -8.177755401609144 -10.969864647899943 -10.360248018234426 -3.186227984808535 -0.37756824261967004 8.280996513962254 0.43185306363506415 2.3339508399268785 -6.164736723358762 -3.5316014398145907 -10.30630506950206 -8.518682529416115 -0.7915868759187216 -6.430360631945448 -4.540156574477621 -9.347152646903787 -7.62058857473054 0.27850947531012693 -10.557755457168163 -6.425965690362734 -8.673221895199923 -12.832279344001092 -12.086797068965216 -13.186402348349196 -9.044332367152386
17.43486973947896 -4.918910800979983 -9.364408059135041 -7.659304759399284 -8.156904914084144 -10.956208089973174 -10.344303619822774 -3.1488979276363613 -0.32937354197454005 8.348146673586317 0.4689289259515843 2.371226990129568 -6.135164398204254 -3.496027092518727 -10.28876425489048 -8.496847373330986 -0.7450251563307763 -6.402105191586693 -4.506700563380512 -9.327730442467832 -7.595698698896918 0.32622075010751317 -10.542669697419118 -6.398966530379049 -8.652511594368004 -12.827270873643178 -12.077831943497708 -13.184160303678992 -9.027129455627634
17.494989979959918 -4.886532441114078 -9.34504931658152 -7.634689492176694 -8.135977130845333 -10.942481445349372 -10.328284332665483 -3.1114526200193557 -0.2810413000534415 8.415440738178749 0.5060933178858922 2.408603422666499 -6.105489728215859 -3.460345703477263 -10.271146353053037 -8.474932199422415 -0.6983292919284455 -6.37375373464424 -4.473137807646026 -9.30822698466553 -7.5707169070582125 0.3740697096208834 -10.527511936965048 -6.371876446809033 -8.631722142255764 -12.822211672916895 -12.068807249990241 -13.181874312403055 -9.00985963740272
17.55511022044088 -4.854045689001563 -9.325607005665386 -7.609980812282835 -8.114969354751018 -10.928682736588975 -10.31218794736045 -3.0738876953024628 -0.23256603813040377 8.482885940700356 0.5433506187495145 2.4460846027573138 -6.0757091253003574 -3.4245531096158506 -10.253448999434422 -8.452934242891097 -0.6514939788955519 -6.345302831700807 -4.439464331992049 -9.288639716762557 -7.5456400898209 0.42206177940125045 -10.512280061470936 -6.344692121023883 -8.610850868449074 -12.817100639690649 -12.059721487711277 -13.179543553304514 -8.992520595169715
17.615230460921843 -4.821462063222075 -9.306088936579204 -7.585188031271439 -8.093889843107611 -10.914818166269864 -10.296021319265787 -3.0362161174651012 -0.18396380914522203 8.550460684548607 0.5806879994303853 2.4836576986375616 -6.045833335206628 -3.3886617952214633 -10.23567951051475 -8.430862074913883 -0.6045348136688243 -6.316762874596919 -4.405691993232299 -9.268976490832603 -7.520477660263722 0.4701810391181027 -10.49698068830832 -6.317423567294433 -8.589906004827927 -12.811941506322524 -12.05057952105239 -13.177170968868078 -8.97511955289934
17.675350701402806 -4.788777622961025 -9.28649250953102 -7.560308012119901 -8.07273583603667 -10.900885711423705 -10.279782188900377 -2.9984334256917498 -0.13522901841314527 8.61817236940286 0.6181099401146466 2.5213272721868987 -6.015858692350496 -3.3526675049480876 -10.217835468107392 -8.408712866471905 -0.5574463798469796 -6.288130357929586 -4.371816729437512 -9.249234692852113 -7.495226440557001 0.5184330287871752 -10.481611654447605 -6.290067392239056 -8.568884819305094 -12.806733141858844 -12.041379812833897 -13.174755714134692 -8.957654136851083
17.73547094188377 -4.755983100074257 -9.26681153504532 -7.535333326765503 -8.051500781055765 -10.886880511811707 -10.263465152870932 -2.9605291540752274 -0.08634861050344589 8.686038358769817 0.6556268615595866 2.55910386537369 -5.985776562023351 -3.316560218852342 -10.19991109747859 -8.386479863439053 -0.5102160192020943 -6.259396987841829 -4.33782899321848 -9.229408099840075 -7.469878912006234 0.5668306856093963 -10.466167769309784 -6.262615584927822 -8.54778080359953 -12.801472738509483 -12.032118618158163 -13.17229563916145 -8.940118672689206
17.795591182364728 -4.7230796040006595 -9.247046811570883 -7.51026490353583 -8.030185518792159 -10.872803228394226 -10.247070926205328 -2.922504534296336 -0.037324063303838306 8.754056560488724 0.6932375720759514 2.59698634661422 -5.955587984581546 -3.28034115285988 -10.181907158195866 -8.364163962469508 -0.4628451806338173 -6.230563799175052 -4.303729923173236 -9.209497514405278 -7.444436008191975 0.6153725387236975 -10.450649735811588 -6.235069133125677 -8.526594807584722 -12.796160751227477 -12.022796488153771 -13.169791133819968 -8.922513924967426
17.85571142284569 -4.6900737393862 -9.227202839229953 -7.485108096381072 -8.008794801122576 -10.858657447170081 -10.230603465457229 -2.884366992840227 0.011835448092139211 8.822214601731325 0.730934748712198 2.6349674121365365 -5.925299125869217 -3.2440174696651742 -10.16382787089291 -8.34177010845271 -0.4153427844178669 -6.201636766085216 -4.269526316343448 -9.189507460735573 -7.4189031397289185 0.664049485583984 -10.435061378404118 -6.207433787206398 -8.505331575386741 -12.790799362291414 -12.013416249236373 -13.167243931476625 -8.904844061810024
17.915831663326653 -4.656967029349417 -9.207280695529487 -7.459864166935866 -7.987329759302657 -10.844444049349189 -10.21406373007606 -2.846118228629307 0.06112786410627202 8.890509633435673 0.768716751421064 2.6730454712460596 -5.894911413941213 -3.207590830668558 -10.145674255637697 -8.319299499696584 -0.36771084400658116 -6.172617294805815 -4.235219737322495 -9.169439021979926 -7.393281577950095 0.7128594778257025 -10.419403634640716 -6.179710890981838 -8.483992247514873 -12.785389154631977 -12.003978622734726 -13.164654519994146 -8.887110097949726
17.975951903807616 -4.62374803359074 -9.187272723338236 -7.434523935385879 -7.965782297217654 -10.830157012731334 -10.19744502974076 -2.8077453274510686 0.11056928130079435 8.958963048465339 0.8065963939943903 2.7112334857221723 -5.864414184666551 -3.171048870298993 -10.127439165362599 -8.29674378451876 -0.31993374951853715 -6.1434951396879685 -4.200798402433641 -9.149284499745232 -7.367562031316641 0.7618184687577312 -10.403670075689071 -6.15189055292614 -8.462568776773693 -12.779926632464738 -11.994478959000803 -13.162020213804729 -8.869305018736036
18.036072144288575 -4.590423650094451 -9.167183619462094 -7.409092991378081 -7.944157372956138 -10.815800077882898 -10.180751492801008 -2.7692560473498693 0.1601501113750461 9.02756193019735 0.8445660288161432 2.749523821357315 -5.833813878116534 -3.1343990682276375 -10.109127004221456 -8.27410812200321 -0.27202082232599556 -6.114276538360863 -4.166269410905059 -9.129048615983386 -7.341750149159907 0.8109169457318721 -10.387864691101303 -6.12397877607922 -8.441066113122968 -12.774414067051099 -11.984920203469505 -13.159342814016862 -8.851433170243563
18.096192384769537 -4.556992677295497 -9.147012623542157 -7.383570400850452 -7.922454178314879 -10.801372672312333 -10.163982468304393 -2.730649016288914 0.20987210947787127 9.096308513778833 0.8826270432821564 2.7879179383281785 -5.803109379731553 -3.097640139360966 -10.090737073661568 -8.2513917035429 -0.22397037321087543 -6.08496044822919 -4.1316315219546595 -9.108730606168542 -7.315844981405544 0.860156642822556 -10.37198686796133 -6.0959745429539325 -8.419483465396702 -12.768851180922434 -11.975301945687685 -13.156622138337289 -8.833493880118812
18.1563126252505 -4.523460260341103 -9.12676325178003 -7.357960341785876 -7.900676420084256 -10.786877603290108 -10.147141050711301 -2.6919300172476843 0.25972814015785795 9.165193177470329 0.9207737568875456 2.8264101753530437 -5.7723054963568226 -3.0607776645301716 -10.072272673540496 -8.228598393911792 -0.17578934259380607 -6.055551530976968 -4.0968900299555955 -9.088334005288523 -7.289850749863547 0.9095304786330161 -10.356039599512936 -6.06788233503714 -8.397824538829095 -12.763239691990245 -11.965626403922707 -13.153859555890149 -8.815490402965906
18.216432865731463 -4.489815876474754 -9.106428460942908 -7.3322543711218024 -7.87881665826017 -10.772309331701369 -10.130221085678901 -2.6530871705490986 0.3097330139619816 9.234235562086926 0.9590179288489868 2.86501244442016 -5.741392416137939 -3.023800276312056 -10.05372723081723 -8.20572052062331 -0.12746336918188594 -6.02604036648257 -4.062034096392129 -9.067851732283447 -7.263758907488835 0.9590531323276075 -10.340016974217363 -6.039693058377171 -8.376081937428825 -12.757576388508054 -11.955889303718104 -13.151052601881277 -8.797416298431155
18.276553106212425 -4.456062428559928 -9.086010254571235 -7.306454859820306 -7.8568770047715475 -10.75766946838213 -10.113224342169733 -2.6141237316553854 0.35988273547388894 9.3034302239851 0.9973563656459565 2.9037215931768547 -5.710372852844128 -2.9867111315342005 -10.035102630968044 -8.182760297945705 -0.07899634565254876 -5.996429601372115 -4.027066706948634 -9.047285801416702 -7.237571847716087 1.0087206362000423 -10.323920709416345 -6.011409252027384 -8.354257777575658 -12.751862280870652 -11.946091932192482 -13.148202094825352 -8.779273434702883
18.336673346693384 -4.422201392393106 -9.06550967438502 -7.280563029243758 -7.834858555108024 -10.74295886375241 -10.096151746656403 -2.575041347588388 0.4101753073570793 9.372774389355577 1.03578746528525 2.942536070789409 -5.679248189226194 -2.9495118427974316 -10.016399860040092 -8.159718888373757 -0.030390225248784097 -5.96672059955267 -3.991989377916063 -9.026637259973977 -7.211290801080352 1.058531003519807 -10.307751711096458 -5.983032217813076 -8.332353163692723 -12.746097929583618 -11.936234984522523 -13.145308502811941 -8.761062795129924
18.396793587174347 -4.388239256095705 -9.04493114104957 -7.254584138747493 -7.812765967126953 -10.72818103906842 -10.07900718542805 -2.535847316564502 0.46060170968029746 9.442255942832261 1.074304061433136 2.9814487111061685 -5.648024486746704 -2.9122094419902784 -9.997623062972327 -8.136601142121346 0.018346222491245734 -5.936919229307748 -3.956808786638515 -9.005910552267515 -7.184921084004383 1.108475283550412 -10.291513734171467 -5.954567598071723 -8.310372749272652 -12.740285471048212 -11.926321232675468 -13.142373518255804 -8.742788458673765
18.45691382765531 -4.354171655168759 -9.024271759249594 -7.2285147046134135 -7.790596181068867 -10.71333373226313 -10.061788136191492 -2.4965367020362725 0.5111681247977808 9.511883014234993 1.1129110483979336 3.020464510250186 -5.616697678557288 -2.8747992248912664 -9.978769544646486 -8.113403921115474 0.06721898381606872 -5.90702160557839 -3.9215204358859346 -8.985102767469417 -7.158459166786653 1.158559600164768 -10.27520436424691 -5.926011634253836 -8.288313500270341 -12.734423626574499 -11.91634895015804 -13.13939617841372 -8.72444779477874
18.517034068136272 -4.319990109091982 -9.003525857028247 -7.202347926211754 -7.76834321331588 -10.698412485584221 -10.044489643676062 -2.4570999268812974 0.5618865015981458 9.581671387585398 1.1516178755012523 3.059593066917167 -5.585259854080296 -2.8372720396062374 -9.959834014164521 -8.090121060708217 0.11623964192094116 -5.877020144885347 -3.8861155904449696 -8.964208203317376 -7.131898163075103 1.2087957960738116 -10.258818845684328 -5.897357004608317 -8.266169468771274 -12.72850982140312 -11.90631470291496 -13.136374513575129 -8.706035633764984
18.577154308617235 -4.285699873158553 -8.982697022445336 -7.176088068874353 -7.7460108443440845 -10.683420161131014 -10.02711486418347 -2.4175429000222612 0.6127495455980461 9.651611241826853 1.1904187402716109 3.0988285912323623 -5.553715923724021 -2.7996335858913786 -9.940819837823664 -8.066756503473275 0.16540110192494917 -5.846919607731331 -3.850599658427889 -8.943230467110244 -7.1052423835097045 1.2591766314710462 -10.242360230787977 -5.868608283257828 -8.243944434088988 -12.722545801111414 -11.896220749381515 -13.133309911432656 -8.687555291829874
18.637274549098194 -4.251301218874488 -8.961785483353744 -7.149735382627949 -7.723599310928524 -10.66835696448205 -10.00966401036349 -2.377865911901483 0.6637569434986903 9.721702048347801 1.2293133747967215 3.138170876139107 -5.522066146269336 -2.761884174706339 -9.921727240314688 -8.043310524054228 0.21470304503451454 -5.8167202757929255 -3.814972916358794 -8.92216978797265 -7.078492075988176 1.309701789214941 -10.225828738281564 -5.839765727526753 -8.221638645390215 -12.716531742438304 -11.88606728159838 -13.130202539930947 -8.669007004818763
18.697394789579157 -4.216799502596871 -8.940794896568587 -7.123294214465563 -7.70111246158212 -10.653225811973002 -9.992140298908456 -2.338074986218511 0.7149012570542903 9.791933817585342 1.26829587826693 3.1776140239639585 -5.4903155284635945 -2.724029612510894 -9.902559651798974 -8.019787136037337 0.26413823696300975 -5.786426999839979 -3.779240876415493 -8.901029842298858 -7.051651634397693 1.36036388617514 -10.20922747779526 -5.8108339965402145 -8.199255950978852 -12.710469421074533 -11.87585659913985 -13.127053808694578 -8.650394145211706
18.75751503006012 -4.182188719083015 -8.919721256542399 -7.096759756682118 -7.678546072076493 -10.63802356174353 -9.9745402333226 -2.298163337130009 0.7661909657265478 9.86231770755802 1.307372939791645 3.217164851580542 -5.458458469013093 -2.6860634258406653 -9.883313339112913 -7.996181996635532 0.3137148931898427 -5.756034421262616 -3.7433973523415176 -8.87980660322878 -7.024716188716091 1.4111713247467783 -10.192553098220358 -5.781807912362531 -8.17679215512543 -12.704357037071803 -11.865586290349944 -13.123862349206428 -8.63171307302709
18.817635270541082 -4.147466237686626 -8.898562832307064 -7.07012992002781 -7.655898316934646 -10.622748869686802 -9.956862309414749 -2.2581279835066246 0.8176298209692414 9.932858583745588 1.3465474995095943 3.256826393769533 -5.42649251628711 -2.6479827903316395 -9.863986695560218 -7.972493246267381 0.3634366400296042 -5.725540214198081 -3.707439632639513 -8.85849833066601 -6.99768361953641 1.462127818841008 -10.175804166241456 -5.752685219607141 -8.1542454517189 -12.698193851190103 -11.855255341462561 -13.120627617053147 -8.612962233101094
