web/models/kne/49/mosfit_kn_0.014776_0.2493_10.0000.dat
# %ECSV 1.0
# ---
# datatype:
# - {name: time, datatype: float64}
# - {name: PS1_g, datatype: float64}
# - {name: PS1_i, datatype: float64}
# - {name: PS1_r, datatype: float64}
# - {name: PS1_w, datatype: float64}
# - {name: PS1_y, datatype: float64}
# - {name: PS1_z, datatype: float64}
# - {name: swift_uvot_B, datatype: float64}
# - {name: swift_uvot_U, datatype: float64}
# - {name: swift_uvot_uvm2, datatype: float64}
# - {name: swift_uvot_uvw1, datatype: float64}
# - {name: swift_uvot_uvw2, datatype: float64}
# - {name: swift_uvot_V, datatype: float64}
# - {name: johnson_B, datatype: float64}
# - {name: johnson_I, datatype: float64}
# - {name: johnson_R, datatype: float64}
# - {name: johnson_U, datatype: float64}
# - {name: johnson_V, datatype: float64}
# - {name: sdss_g, datatype: float64}
# - {name: sdss_i, datatype: float64}
# - {name: sdss_r, datatype: float64}
# - {name: sdss_u, datatype: float64}
# - {name: sdss_z, datatype: float64}
# - {name: ATLAS_c, datatype: float64}
# - {name: ATLAS_o, datatype: float64}
# - {name: ukirt_H, datatype: float64}
# - {name: ukirt_J, datatype: float64}
# - {name: ukirt_K, datatype: float64}
# - {name: Clear, datatype: float64}
# meta: !!omap
# - comment: [kappa = 10.0, type = rprocess, mass = 0.014775890654408853, velocity = 0.24933333333333338, theta_obs = 0.0, tfloor = 1000.0]
# schema: astropy-2.0
time PS1_g PS1_i PS1_r PS1_w PS1_y PS1_z swift_uvot_B swift_uvot_U swift_uvot_uvm2 swift_uvot_uvw1 swift_uvot_uvw2 swift_uvot_V johnson_B johnson_I johnson_R johnson_U johnson_V sdss_g sdss_i sdss_r sdss_u sdss_z ATLAS_c ATLAS_o ukirt_H ukirt_J ukirt_K Clear
[from data line 261]
15.751503006012024 8.898849641184938 0.017020827985643194 3.492091606023493 1.5241677945195065 -3.506169220539608 -2.0884932556924873 12.438756217749408 19.097700315644328 32.986295619673506 15.063282847718895 17.576299354198547 6.858366334055723 11.234818900783218 -1.5364924784362897 1.4335402882886925 18.066699136392586 5.90334399888697 9.711389742499374 0.09827678009864727 3.720580265519935 19.598805845819154 -2.6619208677144712 5.471168175766135 1.0187556511563578 -8.455156598455103 -6.3056673029654124 -9.815445278928275 -0.761726249241832
15.811623246492985 8.90911137314248 0.0272825599432025 3.5023533379810523 1.5344295264770658 -3.4959074885820485 -2.078231523734928 12.449017949706967 19.107962047601887 32.99655735163106 15.073544579676437 17.586561086156088 6.868628066013282 11.245080632740777 -1.5262307464787481 1.4438020202462518 18.076960868350145 5.913605730844529 9.721651474456934 0.10853851205618881 3.7308419974774765 19.609067577776713 -2.6516591357569297 5.481429907723694 1.0290173831138993 -8.444894866497544 -6.295405571007853 -9.805183546970733 -0.7514645172842904
15.871743486973948 8.919312013923548 0.037483200724270915 3.512553978762103 1.5446301672581342 -3.485706847800998 -2.0680308829538596 12.459218590488035 19.118162688382956 33.006757992412126 15.083745220457505 17.596761726937157 6.878828706794333 11.255281273521845 -1.5160301056976797 1.4540026610273202 18.087161509131196 5.92380637162558 9.731852115238002 0.11873915283725722 3.741042638258545 19.61926821855778 -2.6414584949758613 5.491630548504762 1.0392180238949678 -8.434694225716493 -6.2852049302268025 -9.794982906189665 -0.741263876503222
15.931863727454909 8.929452983919486 0.047624170720208525 3.5226949487580406 1.554771137254054 -3.47556587780506 -2.057889912957922 12.469359560483973 19.128303658378876 33.01689896240806 15.093886190453443 17.606902696933094 6.88896967679027 11.265422243517783 -1.505889135701742 1.46414363102324 18.097302479127134 5.933947341621518 9.741993085233922 0.12888012283319483 3.7511836082544825 19.6294091885537 -2.6313175249799237 5.501771518500682 1.0493589938909054 -8.424553255720555 -6.275063960230865 -9.784841936193727 -0.7311229065072844
15.991983967935871 8.939535853565665 0.057707040366388185 3.5327778184042202 1.5648540069002337 -3.4654830081588806 -2.0478070433117423 12.479442430130153 19.138386528025055 33.02698183205424 15.103969060099622 17.616985566579274 6.89905254643645 11.275505113163945 -1.4958062660555624 1.4742265006694197 18.107385348773313 5.944030211267697 9.752075954880102 0.1389629924793745 3.761266477900662 19.63949205819988 -2.621234655333744 5.511854388146862 1.059441863537085 -8.414470386074376 -6.264981090584685 -9.774759066547547 -0.7210400368611047
16.052104208416832 8.949561995602355 0.06773318240307802 3.54280396044091 1.5748801489369413 -3.4554568661221907 -2.0377809012750525 12.489468572166842 19.148412670061763 33.03700797409093 15.113995202136312 17.627011708615964 6.90907868847314 11.285531255200652 -1.4857801240188726 1.4842526427061273 18.117411490810003 5.954056353304387 9.76210209691681 0.14898913451606433 3.771292619937352 19.64951820023659 -2.611208513297054 5.521880530183569 1.0694680055737749 -8.404444244037686 -6.254954948547995 -9.764732924510858 -0.7110138948244149
16.112224448897795 8.959532162706552 0.07770334950727431 3.552774127545124 1.5848503160411376 -3.4454866990179767 -2.027810734170856 12.499438739271039 19.15838283716596 33.04697814119513 15.123965369240508 17.63698187572016 6.919048855577354 11.295501422304849 -1.4758099569146763 1.4942228098103236 18.127381657914217 5.964026520408601 9.772072264021006 0.15895930162026062 3.7812627870415483 19.659488367340785 -2.60123834619284 5.531850697287766 1.0794381726779712 -8.394474076933472 -6.244984781443781 -9.754762757406644 -0.7010437277202008
16.172344689378757 8.969447437531954 0.08761862433267709 3.562689402370509 1.5947655908665404 -3.4355714241925916 -2.0178954593454534 12.509354014096441 19.168298111991362 33.056893416020536 15.133880644065911 17.646897150545563 6.928964130402739 11.305416697130251 -1.4658946820892735 1.5041380846357264 18.137296932739602 5.973941795234004 9.781987538846408 0.1688745764456634 3.791178061866951 19.669403642166188 -2.591323071367455 5.5417659721131685 1.089353447503374 -8.384558802108069 -6.235069506618396 -9.744847482581259 -0.6911284528948158
16.23246492985972 8.979308946873648 0.09748013367437025 3.5725509117122023 1.6046271002082335 -3.4257099148508985 -2.0080339500037603 12.519215523438135 19.178159621333055 33.066754925362225 15.143742153407604 17.656758659887256 6.938825639744432 11.315278206471945 -1.4560331727475804 1.5139995939774196 18.147158442081295 5.983803304575679 9.791849048188102 0.17873608578735656 3.801039571208644 19.67926515150788 -2.581461562025762 5.551627481454862 1.099214956845067 -8.374697292766394 -6.225207997276703 -9.734985973239565 -0.6812669435531227
16.29258517034068 8.989118047684972 0.1072892344856946 3.5823600125235444 1.6144362010195579 -3.4159008140395564 -1.998224849192436 12.529024624249459 19.18796872214438 33.07656402617355 15.153551254218929 17.66656776069858 6.948634740555774 11.325087307283269 -1.446224071936256 1.523808694788744 18.156967542892637 5.9936124053870214 9.801658148999426 0.18854518659868091 3.8108486720199686 19.689074252319205 -2.5716524612144376 5.561436582266186 1.1090240576563914 -8.364888191955052 -6.215398896465361 -9.725176872428241 -0.6714578427417806
16.352705410821642 8.998875845582361 0.11704703238308412 3.592117810420916 1.6241939989169296 -3.4061430161421846 -1.9884670512950464 12.538782422146848 19.197726520041762 33.08632182407093 15.163309052116318 17.67632555859597 6.958392538453146 11.334845105180658 -1.4364662740388665 1.5335664926861334 18.16672534079001 6.003370203284393 9.811415946896798 0.19830298449607042 3.820606469917358 19.698832050216577 -2.561894663317048 5.571194380163558 1.118781855553781 -8.35513039405768 -6.205641098567989 -9.715419074530852 -0.6617000448444088
16.412825651302605 9.008583050236467 0.1267542370371899 3.601825015075022 1.6339012035710532 -3.396435811488079 -1.9787598466409406 12.548489626800954 19.207433724695868 33.096029028725034 15.173016256770424 17.686032763250076 6.968099743107252 11.344552309834764 -1.4267590693847607 1.5432736973402392 18.176432545444115 6.013077407938499 9.821123151550903 0.20801018915017622 3.830313674571464 19.7085392548707 -2.5521874586629423 5.580901584817681 1.1284890602078868 -8.345423189403574 -6.1959338939138835 -9.705711869876746 -0.651992840190303
16.472945891783567 9.018240617740414 0.13641180454113666 3.6114825825789687 1.643558771075 -3.386778243984132 -1.9691022791369939 12.558147194304901 19.21709129219981 33.10568659622899 15.18267382427437 17.695690330754022 6.9777573106111985 11.354209877338711 -1.417101501880814 1.552931264844186 18.18609011294806 6.0227349754424635 9.830780719054868 0.21766775665412297 3.8399712420754106 19.718196822374647 -2.5425298911589955 5.590559152321628 1.1381466277118335 -8.33576562189961 -6.186276326409937 -9.696054302372799 -0.6423352726863563
16.53306613226453 9.02784978281435 0.14602096961507272 3.6210917476529048 1.6531679361489182 -3.377169078910196 -1.9594931140630578 12.567756359378837 19.22670045727375 33.115295761302924 15.192282989348307 17.70529949582796 6.987366475685135 11.363819042412647 -1.407492336806878 1.562540429918122 18.195699278021998 6.032344140516382 9.840389884128786 0.22727692172805902 3.8495804071493467 19.727805987448566 -2.5329207260850595 5.600168317395546 1.1477557927857696 -8.326156456825691 -6.176667161336001 -9.686445137298863 -0.6327261076124202
16.59318637274549 9.03741160493892 0.15558279173962575 3.6306535697774756 1.662729758273489 -3.3676072567856252 -1.9499312919385048 12.57731818150339 19.23626227939831 33.12485758342749 15.201844811472878 17.71486131795253 6.996928297809705 11.3733808645372 -1.3979305146823071 1.572102252042675 18.20526110014657 6.041905962640953 9.849951706253357 0.23683874385262982 3.8591422292739175 19.737367809573136 -2.5233589039604887 5.609730139520117 1.1573176149103404 -8.31659463470112 -6.16710533921143 -9.676883315174292 -0.6231642854878494
16.65330661322645 9.046926830285873 0.16509801708659566 3.6401687951244277 1.6722449836204412 -3.358092031438673 -1.9404160665915349 12.58683340685036 19.24577750474527 33.134372808774444 15.21136003681983 17.72437654329948 7.0064435231566575 11.38289608988417 -1.388415289335355 1.5816174773896272 18.21477632549352 6.051421187987905 9.85946693160031 0.24635396919958197 3.8686574546208696 19.74688303492009 -2.5138436786135365 5.619245364867069 1.1668328402572925 -8.307079409354168 -6.157590113864478 -9.66736808982734 -0.6136490601408973
16.713426853707414 9.056396214554105 0.17456740135482818 3.64963817939266 1.6817143678886914 -3.3486226471704406 -1.9309466823233024 12.596302791118593 19.255246889013506 33.14384219304268 15.220829421088062 17.733845927567714 7.01591290742489 11.392365474152403 -1.3789459050671224 1.5910868616578775 18.224245709761753 6.060890572256137 9.868936315868542 0.2558233534678145 3.878126838889102 19.75635241918834 -2.504374294345304 5.6287147491353196 1.176302224525525 -8.297610025085936 -6.148120729596245 -9.657898705559107 -0.6041796758726647
16.773547094188377 9.065820699558174 0.1839918863588963 3.6590626643967283 1.6911388528927418 -3.3391981621663724 -1.9215221973192342 12.60572727612266 19.264671374017574 33.15326667804674 15.23025390609213 17.743270412571782 7.025337392428958 11.40178995915647 -1.3695214200630543 1.6005113466619278 18.23367019476582 6.070315057260205 9.87836080087261 0.2652478384718826 3.8875513238931703 19.76577690419239 -2.494949809341236 5.63813923413937 1.1857267095295931 -8.288185540081868 -6.138696244592177 -9.64847422055504 -0.5947551908685966
16.83366733466934 9.07520125895779 0.19337244575851287 3.668443223796345 1.7005194122923584 -3.329817602766756 -1.9121416379196177 12.615107835522277 19.27405193341719 33.16264723744636 15.239634465491747 17.7526509719714 7.034717951828575 11.411170518556087 -1.3601408606634378 1.6098919060615444 18.243050754165438 6.079695616659822 9.887741360272226 0.2746283978714992 3.896931883292787 19.775157463592006 -2.4855692499416193 5.6475197935389865 1.1951072689292097 -8.278804980682251 -6.1293156851925605 -9.639093661155423 -0.5853746314689801
16.8937875751503 9.08453890458036 0.20271009138108198 3.677780869418932 1.7098570579149452 -3.320479957144169 -1.9028039922970486 12.624445481144846 19.283389579039767 33.17198488306894 15.248972111114316 17.761988617593968 7.044055597451162 11.420508164178656 -1.3508032150408686 1.6192295516841313 18.252388399788025 6.089033262282409 9.897079005894813 0.28396604349408605 3.906269528915356 19.784495109214593 -2.4762316043190324 5.656857439161573 1.2044449145517788 -8.269467335059664 -6.119978039569974 -9.629756015532836 -0.5760369858463932
16.95390781563126 9.093834244233019 0.2120054310337416 3.6870762090715914 1.7191523975676049 -3.3111846174915094 -1.893508652644389 12.633740820797506 19.292684918692427 33.1812802227216 15.258267450766976 17.771283957246627 7.053350937103821 11.429803503831316 -1.341507875388209 1.628524891336791 18.261683739440684 6.098328601935068 9.906374345547473 0.2932613831467279 3.9155648685680156 19.793790448867252 -2.4669362646663906 5.666152778814233 1.2137402542044384 -8.260171995407005 -6.110682699917314 -9.620460675880194 -0.5667416461937336
17.014028056112224 9.103087849995433 0.22125903679613756 3.6963298148339874 1.7284060033300008 -3.3019310117291134 -1.884255046881993 12.642994426559902 19.301938524454822 33.190533828484 15.26752105652939 17.780537563009023 7.062604542866217 11.439057109593712 -1.332254269625813 1.6377784970991869 18.27093734520308 6.107582207697464 9.915627951309869 0.30251498890914164 3.9248184743304293 19.80304405462965 -2.457682658903977 5.675406384576629 1.2229938599668522 -8.250918389644609 -6.101429094154918 -9.61120707011778 -0.5574880404313376
17.074148296593187 9.112300643206428 0.23047183000715066 3.7055426080450005 1.737618796541014 -3.2927182185181003 -1.8750422536709799 12.652207219770915 19.311151317665836 33.199746621695006 15.276733849740385 17.789750356220036 7.0718173360772125 11.448269902804725 -1.3230414764148 1.6469912903102 18.280150138414093 6.1167950009084775 9.924840744520882 0.31172778212013696 3.9340312675414246 19.81225684784066 -2.4484698656929815 5.684619177787642 1.2322066531778475 -8.241705596433595 -6.092216300943905 -9.601994276906785 -0.5482752472203423
17.13426853707415 9.121473518681604 0.2396447054823092 3.714715483520159 1.7467916720161725 -3.2835453430429418 -1.8658693781958213 12.661380095246074 19.320324193140994 33.20891949717018 15.285906725215561 17.798923231695213 7.080990211552389 11.457442778279884 -1.3138686009396237 1.6561641657853585 18.289323013889252 6.125967876383636 9.93401361999604 0.3209006575953133 3.943204143016601 19.82142972331582 -2.439296990217805 5.693792053262801 1.2413795286530238 -8.232532720958437 -6.083043425468746 -9.592821401431609 -0.539102371745166
17.19438877755511 9.130607345344313 0.2487785321450353 3.723849310182885 1.7559254986788986 -3.2744115163802157 -1.8567355515330952 12.6705139219088 19.32945801980372 33.21805332383289 15.29504055187827 17.80805705835792 7.090124038215115 11.46657660494261 -1.3047347742769153 1.6652979924480846 18.298456840551978 6.135101703046362 9.943147446658767 0.3300344842580216 3.9523379696793093 19.830563549978546 -2.430163163555079 5.702925879925527 1.2505133553157322 -8.22339889429571 -6.07390959880602 -9.583687574768883 -0.5299685450824398
17.25450901803607 9.139702596754713 0.25787378355543566 3.7329445615932677 1.7650207500892812 -3.265316264969833 -1.8476403001226949 12.6796091733192 19.33855327121411 33.227148575243284 15.30413580328867 17.81715230976832 7.0992192896254975 11.47567185635301 -1.295639522866515 1.674393243858485 18.30755209196236 6.144196954456745 9.95224269806915 0.33912973566842197 3.9614332210897096 19.83965880138893 -2.4210679121446965 5.712021131335909 1.2596086067261325 -8.214303642885328 -6.064814347395638 -9.5745923233585 -0.5208732936720573
17.314629258517034 9.148759834737916 0.2669310215386389 3.742001799576471 1.7740779880725022 -3.25625902698663 -1.8385830621394916 12.688666411302403 19.347610509197317 33.23620581322648 15.313193041271873 17.826209547751525 7.108276527608701 11.484729094336213 -1.2865822848833117 1.6834504818416882 18.316609329945564 6.153254192439948 9.96129993605237 0.3481869736516252 3.970490459072913 19.84871603937215 -2.4120106741614933 5.72107836931913 1.2686658447093357 -8.205246404902125 -6.0557571094124345 -9.565535085375297 -0.511816055688854
17.374749498997996 9.157779791998575 0.27595097879929753 3.7510217568371473 1.7830979453331608 -3.2472390697259534 -1.829563104878833 12.697686368563062 19.356630466457982 33.24522577048715 15.322212998532532 17.835229505012183 7.117296484869377 11.493749051596872 -1.277562327622653 1.6924704391023468 18.32562928720624 6.162274149700624 9.970319893313029 0.35720693091228384 3.9795104163335715 19.857735996632808 -2.4029907169008347 5.730098326579789 1.2776858019699944 -8.196226447641449 -6.046737152151758 -9.556515128114638 -0.5027960984281776
