web/models/kne/49/mosfit_kn_0.027507_0.0770_0.5000.dat
# %ECSV 1.0
# ---
# datatype:
# - {name: time, datatype: float64}
# - {name: PS1_g, datatype: float64}
# - {name: PS1_i, datatype: float64}
# - {name: PS1_r, datatype: float64}
# - {name: PS1_w, datatype: float64}
# - {name: PS1_y, datatype: float64}
# - {name: PS1_z, datatype: float64}
# - {name: swift_uvot_B, datatype: float64}
# - {name: swift_uvot_U, datatype: float64}
# - {name: swift_uvot_uvm2, datatype: float64}
# - {name: swift_uvot_uvw1, datatype: float64}
# - {name: swift_uvot_uvw2, datatype: float64}
# - {name: swift_uvot_V, datatype: float64}
# - {name: johnson_B, datatype: float64}
# - {name: johnson_I, datatype: float64}
# - {name: johnson_R, datatype: float64}
# - {name: johnson_U, datatype: float64}
# - {name: johnson_V, datatype: float64}
# - {name: sdss_g, datatype: float64}
# - {name: sdss_i, datatype: float64}
# - {name: sdss_r, datatype: float64}
# - {name: sdss_u, datatype: float64}
# - {name: sdss_z, datatype: float64}
# - {name: ATLAS_c, datatype: float64}
# - {name: ATLAS_o, datatype: float64}
# - {name: ukirt_H, datatype: float64}
# - {name: ukirt_J, datatype: float64}
# - {name: ukirt_K, datatype: float64}
# - {name: Clear, datatype: float64}
# meta: !!omap
# - comment: [kappa = 0.5, type = rprocess, mass = 0.027507471329904786, velocity = 0.07700000000000001, theta_obs = 0.0, tfloor = 1000.0]
# schema: astropy-2.0
time PS1_g PS1_i PS1_r PS1_w PS1_y PS1_z swift_uvot_B swift_uvot_U swift_uvot_uvm2 swift_uvot_uvw1 swift_uvot_uvw2 swift_uvot_V johnson_B johnson_I johnson_R johnson_U johnson_V sdss_g sdss_i sdss_r sdss_u sdss_z ATLAS_c ATLAS_o ukirt_H ukirt_J ukirt_K Clear
[from data line 113]
6.853707414829659 -7.742131313892493 -11.265545799883299 -9.932948756179343 -10.18802445368328 -12.460899664694622 -12.009474992445472 -6.326363966478424 -4.271152355662817 2.993578838624253 -2.7700088011047614 -0.8545600840176024 -8.759395793060094 -6.561459087098246 -12.068753000901637 -10.59302923247919 -4.571577627948599 -8.942457954515406 -7.41355179620907 -11.239173331253216 -9.892887748308983 -3.5781182816917934 -12.150183994397477 -8.85915097184169 -10.666775653388694 -13.728850459084166 -13.255282003291844 -13.894402985375523 -10.809507339573656
6.913827655310621 -7.626348259026443 -11.194375726859267 -9.843756284640719 -10.1096067065275 -12.408777228706516 -11.949683884533702 -6.193679135998283 -4.1017915582911435 3.234375131819271 -2.6298405897230555 -0.7162251012564833 -8.653610180423474 -6.433608751092098 -12.00334185218341 -10.511806133140926 -4.407783065540578 -8.840294421429745 -7.293737024213964 -11.167503451709972 -9.802669353246056 -3.410743300252701 -12.09303168439492 -8.760358792827034 -10.589579543765772 -13.70535882917636 -13.218702173289765 -13.879914103659805 -10.742622809591111
6.973947895791583 -7.510974526782146 -11.123392902416231 -9.75483960180311 -10.031519540971505 -12.356763091420806 -11.890028545238565 -6.0614610308567505 -3.933049833598563 3.4738973063026153 -2.4907265468647206 -0.5788279057646437 -8.548144043513101 -6.306260023477396 -11.938100175605861 -10.430880418257235 -4.244578632878195 -8.7384753021049 -7.174349879916413 -11.096023303554574 -9.712720110455066 -3.243957145495191 -12.036017082349275 -8.661954313857052 -10.51265782624796 -13.681894711352134 -13.18218550603621 -13.865435975062217 -10.67606547031815
7.034068136272545 -7.3960139727647345 -11.052601575351968 -9.666203008575156 -9.95376375623481 -12.304861020966538 -11.830513014457615 -5.929714198696231 -3.764931747052618 3.7121437464761415 -2.3526448702868126 -0.4423449938062016 -8.44300236479133 -6.179416685947746 -11.87303201871152 -10.350255728198185 -4.081969309742519 -8.63700514806119 -7.0553942547421755 -11.024737151781157 -9.623044531288105 -3.077765149784266 -11.979144047438197 -8.563939788529087 -10.436013663462074 -13.658460146352807 -13.145734924153023 -13.850969925844757 -10.609834830388802
7.0941883767535066 -7.281469741573936 -10.982005491434421 -9.577850209114906 -9.876339709461366 -12.253074393709742 -11.771140894095673 -5.7984423801173355 -3.5974408960971083 3.949114220277676 -2.215574250725005 -0.306753793435973 -8.338189443701022 -6.053081731610618 -11.808140958071835 -10.269935139534098 -3.9199591210234463 -8.535887842159882 -6.936873309170348 -10.953648755334662 -9.533646524058543 -2.9121716695809674 -11.922416014887602 -8.46631687257581 -10.359649690385204 -13.635056970051894 -13.109353058271294 -13.836517134006934 -10.5439300460651
7.154308617234468 -7.167352548530275 -10.911613441095156 -9.489790963558296 -9.799253278816717 -12.20141056998811 -11.71192019675562 -5.66765783274927 -3.4305914885873356 4.184794001593237 -2.0795034649098905 -0.17204212422408416 -8.233716575828709 -5.92726637844342 -11.743435291197716 -10.189927314192381 -3.758562374403074 -8.435134045064936 -6.818798001925188 -10.882766945442306 -9.444536112527047 -2.747191547259291 -11.865840679103634 -8.369093848704665 -10.283573917583393 -13.611689418326696 -13.07304566161333 -13.822080675543516 -10.478355162966988
7.214428857715431 -7.053659319573757 -10.841424952632295 -9.402023931666186 -9.72250046996269 -12.149869606949917 -11.65285084037734 -5.537357283662444 -3.2643784781071084 4.419194853802659 -1.9444063959831754 -0.0381833984139166 -8.129582250429863 -5.801966821138475 -11.678914646399605 -10.110230639398853 -3.597774675414762 -8.334741990879786 -6.7011650914278675 -10.812091239823616 -9.355712110451684 -2.5828205489145972 -11.809417914313478 -8.272266988902217 -10.20778450558053 -13.588357400671372 -13.03681279791366 -13.80766023755111 -10.413105576014363
7.274549098196393 -6.940399472289407 -10.771447895999913 -9.314557782947954 -9.64608634829112 -12.098458145323878 -11.593940034777575 -5.4075515174883035 -3.0988143077027352 4.652304621742453 -1.8102726247577468 0.09483309901719439 -8.02579651686819 -5.67719283485204 -11.614586458214308 -10.030852741617775 -3.437608589259924 -8.234721116610666 -6.583984202241329 -10.741629543685765 -9.267183440013582 -2.419071736841598 -11.75315463641823 -8.175843484005192 -10.132288498313766 -13.565064771770972 -13.000659680699583 -13.793258618016411 -10.348184677252235
7.3346693386773545 -6.827557750658979 -10.701673572625587 -9.227381334994824 -9.569998298071365 -12.047169754311895 -11.535180504086071 -5.278223527875464 -2.9338769375936202 4.884158345728086 -1.6770642693551703 0.22704508342238272 -7.922346504203078 -5.552927348698166 -11.550442655927544 -9.951782912030726 -3.2780431971998003 -8.13505864560227 -6.467239549692536 -10.671373102334947 -9.178938969889554 -2.255924012498358 -11.69704377420997 -8.079809041896588 -10.05707534773892 -13.541807633484948 -12.964581335998327 -13.778872543648395 -10.28358036522718
7.394789579158316 -6.715147313024641 -10.632112302773855 -9.140506212565107 -9.494244202967295 -11.996013010559867 -11.476581598980786 -5.14938829739502 -2.7695840848233644 5.114736733548193 -1.5447774240475272 0.3584563059345993 -7.819245681429046 -5.4291841873841875 -11.486492966037869 -9.87303149116099 -3.119096153796843 -8.03576732256097 -6.350944613333844 -10.601332284503524 -9.090990604734586 -2.0933956236708084 -11.641094310009148 -7.984174163441082 -9.982154729079067 -13.51859103916622 -12.928584509000538 -13.764505777301268 -10.219298573674589
7.454909819639278 -6.603153258650689 -10.562755559546098 -9.053921463295627 -9.418811847885813 -11.944981618056048 -11.418136189157835 -5.021029201782908 -2.60591424203648 5.344074056270746 -1.413376820006071 0.4891014889829539 -7.716481442646253 -5.305946662456108 -11.42272947865462 -9.79458798667893 -2.960747027037123 -7.936834634834555 -6.235083977255496 -10.531498508070598 -9.00332743957776 -1.931465957092815 -11.585299316292321 -7.888924929289676 -9.907516324561332 -13.495411222243552 -12.89266435425066 -13.750155178745976 -10.15532763308073
7.51503006012024 -6.49157795170666 -10.4936063640133 -8.96762998540737 -9.34370148690471 -11.894078392752547 -11.359847239392487 -4.893149052231776 -2.442870066962204 5.572171604851623 -1.282848095640467 0.6189944091598822 -7.614057180916778 -5.183216852077614 -11.359155089322812 -9.71645468285238 -2.8029988258414673 -7.838263567531613 -6.11966000718029 -10.461874802316782 -8.915952559284808 -1.7701383102685497 -11.529661611517952 -7.794062489380842 -9.833162096555093 -13.47226985517837 -12.856823143107244 -13.735821884868356 -10.091666849920315
7.575150300601202 -6.380414714875826 -10.424661639859174 -8.881627383076118 -9.268906946513287 -11.84330133694706 -11.301712379678577 -4.765740468637595 -2.2804415870091432 5.799047871361826 -1.153167430228112 0.7481581130999762 -7.511967862749505 -5.060987006020529 -11.295766988132716 -9.638627140484594 -2.6458422856199637 -7.740048949786542 -6.004665758871255 -10.392458065664592 -8.828861676590858 -1.6094034525361955 -11.474178866308584 -7.699580148614604 -9.759087561112754 -13.449165771630687 -12.821059402509201 -13.721504821220128 -10.02830992935463
7.635270541082164 -6.269656304403686 -10.355917897050784 -8.795908778359394 -9.194421713751737 -11.792648123766103 -11.243728874478904 -4.638795424047589 -2.1186180516897757 6.024722362934686 -1.0243112759481572 0.876615267605271 -7.410207895555321 -4.939248761371896 -11.232561978118902 -9.561100482706017 -2.489267372916306 -7.642185076213203 -5.890093706196531 -10.323244780619856 -8.74205001344965 -1.4492513622775682 -11.41884840075635 -7.605470750695353 -9.685287823363105 -13.42609763146699 -12.785371412227951 -13.70720279125626 -9.96525031700914
7.695390781563126 -6.159297840864131 -10.287373200996122 -8.710471169182341 -9.120241032286458 -11.742117651314441 -11.18589534514621 -4.51230854671187 -1.9573920329906966 6.249210043597324 -0.8962596439372557 1.0043848977654304 -7.308773853535844 -4.817996324754738 -11.169538317329401 -9.483871564706778 -2.3332672660034537 -7.544668343066243 -5.775938759227799 -10.254232993695389 -8.655514684235737 -1.289675289762684 -11.363668845842891 -7.511729226064432 -9.611759661584074 -13.403064841046602 -12.749758415170918 -13.69291519522127 -9.90248303158987
7.755511022044088 -6.049324755681447 -10.219019074876154 -8.625303733866154 -9.046353271863872 -11.691703648932137 -11.128204685283638 -4.386263540432306 -1.796742557607107 6.47254417290094 -0.7689823397775437 1.131496144846761 -7.207653267694039 -4.697213390417193 -11.106688143697358 -9.406930057507374 -2.1778219820253075 -7.447486410734496 -5.662185851580084 -10.185414173586036 -8.569244896021253 -1.13065504539696 -11.308633310437024 -7.418342111568812 -9.538492960191292 -13.380063761125827 -12.714215635050701 -13.67863906589612 -9.839997114775958
7.8156312625250495 -5.939737269077892 -10.15085694625025 -8.54040752263792 -8.972757446409343 -11.64140766196697 -11.070658449389619 -4.260660762831697 -1.6366693602098967 6.694729929849516 -0.6424667592093587 1.2579605257961082 -7.106847393375511 -4.576899707810739 -11.044012860126557 -9.33027655711583 -2.022931626615734 -7.350640214811414 -5.548835147708058 -10.116789747489516 -8.483241851993295 -0.9721909379552329 -11.253743258712312 -7.325308830836068 -9.465488108478812 -13.357095403776567 -12.678744392567525 -13.664375083206666 -9.777790951564604
7.875751503006012 -5.830522375171974 -10.082879323613732 -8.455772921270661 -8.899443162833691 -11.591224189313838 -11.013250383963857 -4.135485662180499 -1.477153678594387 6.915797469804869 -0.5166859948660014 1.3838037972797292 -7.0063451520517654 -4.4570406788519215 -10.981505526120074 -9.25390186303095 -1.868578338678788 -7.254118776422957 -5.435873193311842 -10.048352175051516 -8.397495972029034 -0.8142649305165683 -11.198992627108755 -7.232617339689149 -9.392736090483744 -13.334156620802434 -12.64334052554 -13.65012068836405 -9.7158547345553
7.935871743486974 -5.72167262813565 -10.015082420580672 -8.371394764874474 -8.826404061547404 -11.541150650750787 -10.955977472528833 -4.010729943650545 -1.3181845431195425 7.13576635277201 -0.3916201408502924 1.5090446855927522 -6.906140607389671 -4.337627745151703 -10.919162666899346 -9.177800874179589 -1.7147518096852754 -7.157916095187439 -5.323292261161736 -9.980097641370893 -8.312002169755797 -0.6568666892048469 -11.144378476181611 -7.140260455569081 -9.320231836349269 -13.311246010722895 -12.608002153590315 -13.635874698598707 -9.654182215210145
7.995991983967936 -5.61317705747987 -9.94746004956328 -8.287265028748543 -8.753631318493387 -11.491182564721445 -10.898834592257334 -3.886381333216785 -1.1597460612944486 7.354662715164452 -0.2672459569743242 1.6337052306327995 -6.806224511719717 -4.218648533665611 -10.856978561643135 -9.101965873989599 -1.561436941379395 -7.0620229815215625 -5.21108099583504 -9.912019917470278 -8.226752463623317 -0.4999809836814606 -11.089895838518622 -7.0482279631447575 -9.24796776891963 -13.288361060790288 -12.572725921542672 -13.621635075056718 -9.59276502477353
8.056112224448897 -5.505025169629647 -9.880006312275373 -8.203376048769506 -8.68111650420305 -11.441315672665588 -10.84181686812979 -3.762428086796482 -1.0018230178618024 7.572511704154061 -0.14354136459539601 1.7578062985190148 -6.706588030495884 -4.100091198117152 -10.794947760118074 -9.026389489579955 -1.4086192822043064 -6.96643065556058 -5.099228534445697 -9.844113065451534 -8.141739232453844 -0.343593236939288 -11.035539988686462 -6.956510090532522 -9.175936646972644 -13.265499404468988 -12.537508653565313 -13.607399904165758 -9.531595171491283
8.11623246492986 -5.397211862109668 -9.812718908928044 -8.119724478874524 -8.60885508432263 -11.391548553362814 -10.784922570129272 -3.6388645294590303 -0.8444077556079497 7.789328254262295 -0.020490916318553598 1.8813620937606292 -6.607227323484229 -3.981949741373296 -10.73306817720826 -8.951068317088026 -1.2562917068406176 -6.87113516575083 -4.987729566875885 -9.77637476555783 -8.05695921806965 -0.18769634697656912 -10.98130923433061 -6.865101770915203 -9.104135051073214 -13.2426603660868 -12.50234938729207 -13.593168600128356 -9.47066808959173
8.176352705410821 -5.289723040369605 -9.74558945902972 -8.036299712587862 -8.536836157422343 -11.34187497642456 -10.728144640040842 -3.515674845320574 -0.6874800370210818 8.005144131478513 0.10193040143551757 2.0043964159794716 -6.508130144503633 -3.8642084324289567 -10.671332040910706 -8.875992307696105 -1.1044348685753502 -6.776124458706875 -4.876569524871268 -9.708796584642148 -7.97240181631512 -0.03227072567678846 -10.927196751487571 -6.773990160645784 -9.032553178145815 -13.219840436740034 -12.467243421204673 -13.57893837868257 -9.409973690009341
8.236472945891784 -5.1825531493898325 -9.678615301829598 -7.953097997914913 -8.465054956819138 -11.292293224528436 -10.67148102182724 -3.392852836945589 -0.5310315906968908 8.219974982881123 0.22373751207648995 2.1269229378154866 -6.409292178025077 -3.746860799323088 -10.609736927918895 -8.801157704793063 -0.9530410265638277 -6.681394141169538 -4.7657426349074505 -9.641375840396318 -7.888063351539181 0.12269136910591172 -10.873200538313252 -6.683169850140089 -8.961187280375551 -13.197038787181137 -12.432189570443287 -13.56470855236793 -9.3495072586345
8.296593186372744 -5.075690379896685 -9.611789538218591 -7.87011052695286 -8.393502301029727 -11.242798225893953 -10.614925943466158 -3.270385251624371 -0.3750453964141085 8.4338481187817 0.34495187378667014 2.248961902284933 -6.31070325267362 -3.629893605799119 -10.548276451210292 -8.72655613131225 -0.8020939386134106 -6.586934181281518 -4.655236684613708 -9.574105589490607 -7.803935030999245 0.27720636751320527 -10.819315015600868 -6.592630029376867 -8.890029171262697 -13.17425261457508 -12.39718404302632 -13.550476905162865 -9.289260260910197
8.356713426853707 -4.969124120653188 -9.545106047736347 -7.787329436437744 -8.322169905877352 -11.19338551776952 -10.558474309113137 -3.1482601809813024 -0.2195061194177581 8.646788512924847 0.4655931452411548 2.370531759573368 -6.212354286701072 -3.5132949240011375 -10.486944951784764 -8.652180088556182 -0.6515789899916523 -6.4927356089769335 -4.545040696602918 -9.506979671688516 -7.720009013477913 0.431289043929759 -10.765535258563386 -6.502360952506354 -8.819071512697434 -13.151479485635294 -12.362223524397622 -13.53624151753772 -9.229224971161951
8.41683366733467 -4.862848449159625 -9.478561842969402 -7.704750620811591 -8.251052863367256 -11.144053107625727 -10.502123761651703 -3.0264709968053713 -0.06440500052635278 8.858812300144724 0.5856753413302589 2.491645289434509 -6.114240547438919 -3.397057908323284 -10.425739699749805 -8.578025524903492 -0.5014879402720961 -6.398793653657504 -4.435148522686294 -9.43999507683527 -7.636281255842157 0.5849476670532461 -10.711858982017866 -6.412356959722381 -8.74831028692821 -13.12871843429148 -12.327306624438526 -13.52200161890156 -9.169396625447899
