web/models/kne/49/mosfit_kn_0.077496_0.0300_3.6500.dat
# %ECSV 1.0
# ---
# datatype:
# - {name: time, datatype: float64}
# - {name: PS1_g, datatype: float64}
# - {name: PS1_i, datatype: float64}
# - {name: PS1_r, datatype: float64}
# - {name: PS1_w, datatype: float64}
# - {name: PS1_y, datatype: float64}
# - {name: PS1_z, datatype: float64}
# - {name: swift_uvot_B, datatype: float64}
# - {name: swift_uvot_U, datatype: float64}
# - {name: swift_uvot_uvm2, datatype: float64}
# - {name: swift_uvot_uvw1, datatype: float64}
# - {name: swift_uvot_uvw2, datatype: float64}
# - {name: swift_uvot_V, datatype: float64}
# - {name: johnson_B, datatype: float64}
# - {name: johnson_I, datatype: float64}
# - {name: johnson_R, datatype: float64}
# - {name: johnson_U, datatype: float64}
# - {name: johnson_V, datatype: float64}
# - {name: sdss_g, datatype: float64}
# - {name: sdss_i, datatype: float64}
# - {name: sdss_r, datatype: float64}
# - {name: sdss_u, datatype: float64}
# - {name: sdss_z, datatype: float64}
# - {name: ATLAS_c, datatype: float64}
# - {name: ATLAS_o, datatype: float64}
# - {name: ukirt_H, datatype: float64}
# - {name: ukirt_J, datatype: float64}
# - {name: ukirt_K, datatype: float64}
# - {name: Clear, datatype: float64}
# meta: !!omap
# - comment: [kappa = 3.65, type = rprocess, mass = 0.07749594937791414, velocity = 0.030000000000000023, theta_obs = 0.0, tfloor = 1000.0]
# schema: astropy-2.0
time PS1_g PS1_i PS1_r PS1_w PS1_y PS1_z swift_uvot_B swift_uvot_U swift_uvot_uvm2 swift_uvot_uvw1 swift_uvot_uvw2 swift_uvot_V johnson_B johnson_I johnson_R johnson_U johnson_V sdss_g sdss_i sdss_r sdss_u sdss_z ATLAS_c ATLAS_o ukirt_H ukirt_J ukirt_K Clear
[from data line 453]
27.294589178356713 -4.739829157071593 -9.56093757102252 -7.7042678755105065 -8.310686189833962 -11.315503276874477 -10.637202050025127 -2.823045176436337 0.31161739863170745 9.524964000389083 0.7768024243200782 2.6897899304729624 -6.0330413899975825 -3.223074998055488 -10.535829280132926 -8.621906440041187 -0.15144938925993434 -6.339755009080059 -4.293426089324477 -9.520100403469929 -7.629727841191549 0.9536390671121175 -10.860962320545369 -6.374014554903518 -8.809527974937783 -13.43803396056204 -12.57355865294931 -13.875610196624846 -9.287925557180507
27.354709418837675 -4.707486572999784 -9.540665999475806 -7.679128635093875 -8.289123337356799 -11.300471295096557 -10.620027895603013 -2.785966742907614 0.3588594061762509 9.58904201921484 0.8129842558202864 2.726471722584215 -6.003137613630288 -3.187765346828972 -10.517192283074863 -8.599416885360053 -0.10573916257610383 -6.31118471509408 -4.259984005249553 -9.499695750140766 -7.604225084700147 1.000456325411463 -10.844622887983437 -6.346676683872001 -8.788045985944617 -13.431129571999756 -12.562936923557436 -13.871321102776156 -9.269851539577942
27.414829659318634 -4.675071466625003 -9.52034039377148 -7.653928130451764 -8.267509367080432 -11.28539379581106 -10.602804443729905 -2.748807425098586 0.40620009181775907 9.653220715133749 0.8492269412858993 2.7632248300677777 -5.973162993774619 -3.152381777398809 -10.49850439622664 -8.57687484769053 -0.059933162001552964 -6.282549095200555 -4.226467685205968 -9.479236900065757 -7.578659766048759 1.0473722419338571 -10.82823660535528 -6.319277016194373 -8.766511739545813 -13.424194838172772 -12.552277967349655 -13.86700698529255 -9.25173476688645
27.474949899799597 -4.64258451129739 -9.499961222174687 -7.628666915660851 -8.24584476909596 -11.270271155511953 -10.585532107131304 -2.7115679789963307 0.45363853508719765 9.71749879551481 0.8855297572377201 2.800048556738638 -5.943118161195014 -3.116925031852031 -10.479766061612949 -8.55428085740198 -0.014032289679957066 -6.253848775299599 -4.192877822049859 -9.458724324335854 -7.553032443609862 1.0943858989413435 -10.811803877084145 -6.291816140742448 -8.744925733826463 -13.417229996070093 -12.541582086618844 -13.862668036167188 -9.233575676366712
27.53507014028056 -4.610018824803248 -9.479523853217682 -7.603339454896076 -8.224124674127147 -11.255099717241812 -10.568206828945126 -2.6742406408460893 0.5011844044269156 9.781888967397162 0.9219003052550083 2.8369506391922674 -5.912996685992938 -3.0813876950955295 -10.460972954484042 -8.531629897073422 0.03197282912583044 -6.225077594189174 -4.159207329371135 -9.438153367263933 -7.527337511433281 1.1415068815546547 -10.795320808595381 -6.264288110930227 -8.723283123154655 -13.41023290447884 -12.530846448433282 -13.858302602079887 -9.215370057633532
27.595190380761522 -4.577381081861116 -9.459032805290484 -7.577951139157122 -8.202353829756568 -11.239883060491547 -10.550832571307804 -2.6368329338871552 0.5488283685838626 9.846378813494209 0.9583312436340923 2.8739236792859804 -5.882804806691849 -3.045776989406072 -10.442129302592466 -8.508926904480713 0.07807312917768494 -6.1962415691504775 -4.125463079148659 -9.41752857157434 -7.501580423787839 1.188725929671559 -10.778791218524972 -6.2366987071089675 -8.701588650362808 -13.403205688806297 -12.520073844753304 -13.853912340288 -9.19712204068194
27.655310621242485 -4.544663923424697 -9.438483124269563 -7.552496047910662 -8.180527029685845 -11.224617272752884 -10.533404994227293 -2.5993365566040714 0.5965807645574019 9.910981914964495 0.994830691088691 2.9109759411949345 -5.8525356468580485 -3.010084986441321 -10.423230479697178 -8.48616651354001 0.12427863387563642 -6.167334111163318 -4.091637494100162 -9.396844957251123 -7.475755185052364 1.23605329174735 -10.762210940406085 -6.209041571075371 -8.679837133270567 -13.39614605726206 -12.509261244097887 -13.849495480836092 -9.178827124033138
27.715430861723444 -4.511873528163264 -9.417878994051279 -7.52697917247815 -8.158648668576394 -11.209305669007179 -10.51592776677591 -2.561758473100709 0.6444329557342601 9.975686781097842 1.031391856332196 2.9481005813936503 -5.8221949821312196 -2.9743183720585837 -10.404280400789478 -8.463353296816091 0.17058095217843638 -6.138360791800747 -4.0577369354618575 -9.376106730741967 -7.449866845131687 1.2834803964242347 -10.745583510766235 -6.181322053359093 -8.658032963139028 -13.389055978866951 -12.498411232587062 -13.845053559257233 -9.160489130791447
27.775551102204407 -4.47901407207306 -9.397223247473061 -7.50140389029939 -8.136721719039546 -11.193950495882294 -10.498403374165122 -2.524103389464286 0.692379111562538 10.04048564303671 1.0680101620329912 2.9852929945694098 -5.791786717693619 -2.938481668448802 -10.385281717870225 -8.440490354797305 0.21697441654404026 -6.109325383284092 -4.023765702457798 -9.355316740243573 -7.423918820627335 1.3310014552890692 -10.728911327041732 -6.153543771155796 -8.636179113843134 -13.381936792308371 -12.487525565656606 -13.840587621568508 -9.14211064955973
27.83567134268537 -4.446085719476454 -9.37651600939489 -7.475770345228909 -8.114746308495153 -11.178551858128376 -10.480831928139747 -2.4863714881356556 0.7404190238474053 10.105378162222284 1.1046854485826079 3.0225530514702794 -5.761311009528083 -2.9025750671633195 -10.366234551797568 -8.417577842782464 0.26345881605895694 -6.080228054321741 -3.989723963883698 -9.334475111624965 -7.39791125495783 1.378616256669929 -10.712194503919896 -6.125706871894003 -8.614275722205491 -13.37478857343642 -12.476604333888426 -13.836097733995627 -9.123691801959435
27.895791583166332 -4.4130818132283345 -9.355752798524168 -7.450073182046832 -8.09271772952707 -11.163106216733372 -10.463209502695818 -2.4485552591021174 0.7885620459301281 10.170376611109525 1.1414250522341445 3.0598882270143126 -5.7307616362569584 -2.8665913992536436 -10.3471347183591 -8.39461091147528 0.31004321919545286 -6.051062847065826 -3.955604865246549 -9.31357734025644 -7.371838724487958 1.4263340734880003 -10.695429273579489 -6.097805605190576 -8.592318102956185 -13.367609250543937 -12.465644796097271 -13.831582297386385 -9.105228520241457
27.955911823647295 -4.380000739625718 -9.334932538086704 -7.424311110796573 -8.070634851063154 -11.147612725443636 -10.445535155794143 -2.410652879604892 0.8368104623552599 10.235483925092549 1.1782307565257182 3.097300368454633 -5.700137090311633 -2.830528939836942 -10.32798121547269 -8.371588413749784 0.35672983397246905 -6.021828334001513 -3.9214067448067347 -9.292622344069859 -7.345699920735935 1.474157167058685 -10.67861473802079 -6.0698385823915935 -8.57030513707068 -13.360398339216955 -12.454646303964337 -13.827040943838183 -9.086719837169213
28.016032064128254 -4.346850457478979 -9.31406061555176 -7.398490558529431 -8.0485033253097 -11.132075651731821 -10.427813612103574 -2.3726733219136795 0.8851531392922676 10.300685353096576 1.2150938314791309 3.134780653519297 -5.669444814343845 -2.794396291687477 -10.308779082617498 -8.348516223968396 0.4035078460684606 -5.992531684733337 -3.887137796536031 -9.271615539391682 -7.319501347900701 1.5220744879879078 -10.661755447745627 -6.041812690201471 -8.54824247131912 -13.353158368436747 -12.443612183027282 -13.8224756417787 -9.068170662040131
28.076152304609217 -4.313620914381815 -9.293130255476747 -7.372603432276836 -8.026316040940298 -11.116489641123888 -10.410038933928423 -2.334605247014877 0.9336041899392458 10.36599942494744 1.25202532860941 3.1723403339487146 -5.638675410862313 -2.758182625423324 -10.28952199161279 -8.325387004938431 0.45039094297311133 -5.963163893056078 -3.852787670368496 -9.250550115388663 -7.293234810211882 1.5701000311978497 -10.644845701456127 -6.0137192444742915 -8.52612302188163 -13.345886196856556 -12.432538281471535 -13.817883963086269 -9.049574846535133
28.13627254509018 -4.280321037439947 -9.272147499651133 -7.346656939883793 -8.004079335070902 -11.100859478812595 -10.392216419682683 -2.296458719361719 0.9821511225135817 10.431409609838923 1.2890154594520102 3.2099695096382033 -5.607837228689097 -2.721897587346018 -10.270215593347054 -8.302207340007037 0.49736699256219163 -5.933732997988128 -3.8183655571997477 -9.229432146149037 -7.266907602587249 1.6182213999629802 -10.627890601001813 -5.985565968119726 -8.503953119033199 -13.338584658094613 -12.421428326899056 -13.81326811196457 -9.030937892276434
28.196392785571142 -4.246950049814711 -9.25111183676167 -7.32065046618029 -7.9817926682207485 -11.085184765866636 -10.374345623109118 -2.2582328602612654 1.030795047608937 10.496917307517549 1.3260650926700994 3.247669095335152 -5.576929543601257 -2.6855403543382157 -10.250859414070572 -8.278976694568112 0.5444370635681818 -5.904238323516464 -3.7838706569203318 -9.208261118046472 -7.240519099967333 1.666439690720054 -10.610889724792543 -5.957352194930987 -8.481732234164578 -13.331253530675811 -12.410282018243437 -13.808627923805934 -9.012259343439268
28.256513026052104 -4.213511435382227 -9.230025633428482 -7.294586831135312 -7.95945851863296 -11.069467380276006 -10.356428621096736 -2.2199315960784913 1.079531102682765 10.562516057097323 1.3631704249286796 3.2854352598623717 -5.545955616168208 -2.6491146984684772 -10.23145566963952 -8.255697657568792 0.5915964280443721 -5.874683019744606 -3.7493065561344174 -9.187039410561653 -7.214072155331355 1.7147500744024669 -10.593845076778923 -5.9290809409976575 -8.459462849098607 -13.32389393448169 -12.399100823588112 -13.803964273572118 -8.993541357189141
28.316633266533064 -4.179998168062884 -9.208884156869779 -7.268460381042363 -7.937071920781342 -11.053703582988152 -10.338461266148116 -2.1815470005984237 1.1283691589505198 10.628218786961302 1.400339174061536 3.3232758759418037 -5.514908877454759 -2.6126130572782853 -10.21199994107069 -8.232365113364299 0.6388546564118226 -5.845060799172345 -3.714666020745767 -9.165762266365771 -7.18756104212348 1.7631623381653583 -10.576752677462977 -5.900746139288433 -8.437140019704685 -13.316503680073096 -12.387881846498255 -13.799275471303075 -8.974779645503173
28.376753507014026 -4.146408864572422 -9.187686485243471 -7.242270011387717 -7.914631906865672 -11.037892649841528 -10.3204427516825 -2.143077511170982 1.1773111774102143 10.694028006393413 1.437572864760455 3.3611925286138846 -5.483788035105548 -2.57603395531746 -10.19249137104839 -8.20897808437029 0.6862136424232258 -5.815370441884402 -3.6799476263645303 -9.14442875918656 -7.160984639559285 1.8116784222386784 -10.559611759365275 -5.872346600308447 -8.41476278956165 -13.309082354385724 -12.376624533259067 -13.794561204048533 -8.955973382924167
28.43687374749499 -4.112750457918324 -9.166437315173397 -7.216021323057156 -7.892143397117746 -11.02203830227845 -10.302377197436154 -2.104530944137447 1.2263474596156068 10.759930898313531 1.4748639147499358 3.3991775452307285 -5.452599576047644 -2.5393848837402406 -10.172934352861358 -8.185541687185076 0.7336639651265987 -5.785618195182367 -3.6451585107218776 -9.123043610785562 -7.134348616445614 1.8602887000057144 -10.542426290052944 -5.843888320384902 -8.392336076800948 -13.301632162918063 -12.365331784088214 -13.789823187799522 -8.93712684035016
28.49699398797595 -4.079013411826136 -9.145130216547948 -7.189706637742468 -7.8695996510411526 -11.006135457585788 -10.284258967042277 -2.065896542168267 1.2754913967202166 10.825944999617093 1.5122227760267575 3.437241585182932 -5.4213345815134 -2.50265557658603 -10.153322881530055 -8.162048969603283 0.7812186103901798 -5.755795518752611 -3.610288855472419 -9.101600357645747 -7.1076451957064 1.9090064509632754 -10.525190859813716 -5.815363065091397 -8.369853165509191 -13.294150125012612 -12.353999658819921 -13.78505911993546 -8.918234195678814
28.557114228456914 -4.045209279776731 -9.12377300829343 -7.163335282107646 -7.847008858528017 -10.990190307958887 -10.266094918181992 -2.027187332757282 1.3247268115889634 10.892048991235384 1.5496368144014743 3.4753718350810883 -5.390003861713802 -2.4658585049948774 -10.13366426804635 -8.138508432198918 0.8288618703022334 -5.725912808160751 -3.57535055535374 -9.080106860231822 -7.080883819057231 1.957815620923391 -10.507912067372054 -5.786780821957489 -8.347322236488903 -13.286639901017166 -12.34263297698474 -13.780271843218939 -8.89930254835793
28.617234468937873 -4.011332690639922 -9.102362074283388 -7.136902936190452 -7.824367227744453 -10.974199997213887 -10.247881881808283 -1.9883972560510366 1.3740612556022926 10.958252736522095 1.5871119212313727 3.5135743172778224 -5.358602394249304 -2.4289878936498472 -10.113955137136383 -8.114916174710427 0.8766010636143019 -5.695965263005893 -3.540338080296479 -9.058559483822801 -7.054060109993685 2.006723695905599 -10.490586874495182 -5.758136955291029 -8.32473951577903 -13.279099821567788 -12.331229528180659 -13.775460070910038 -8.880328628264582
28.677354709418836 -3.9773905518386776 -9.080902095310481 -7.110415180853487 -7.801679657221072 -10.958168234713437 -10.22962396434151 -1.9495341000980126 1.4234850644407795 11.024543493836362 1.6246405582365324 3.551841392748042 -5.3271366445742645 -2.3920512023733704 -10.094199866924633 -8.091277290955869 0.9244268028337889 -5.6659591066783195 -3.505258541602352 -9.036962934205022 -7.02717971779073 2.055721082426629 -10.473219234950761 -5.729437436779801 -8.302109900864068 -13.271532083958382 -12.319792202581288 -13.77062551156074 -8.86131668438427
28.7374749498998 -3.9433732132010313 -9.059386562915712 -7.083864245337779 -7.778939327896168 -10.942089875097505 -10.211315460090393 -1.9105869790123287 1.473011789465062 11.090938994049711 1.6622332881179607 3.5901838400850363 -5.295597585780432 -2.3550380452416104 -10.074392379397061 -8.067584748016891 0.972352228873319 -5.635885697713101 -3.4701020038122543 -9.015310669176486 -7.000234771301184 2.104821219217925 -10.455803673213353 -5.7006739350154945 -8.27942659662094 -13.263933670763775 -12.308317011499613 -13.765765834377246 -8.842260828702013
28.79759519038076 -3.909282303633397 -9.037816590348644 -7.0572514538511655 -7.756147403350102 -10.925965804300333 -10.192957346811031 -1.8715577276322037 1.5226391675617814 11.157436205633108 1.6998883388062507 3.62859988925338 -5.263986743934155 -2.317950193766127 -10.054533718928404 -8.043839774563477 1.0203751361982571 -5.605746520998573 -3.434870143817932 -8.993603808277744 -6.97322660919701 2.154021855585153 -10.438341136705755 -5.671847862299604 -8.256690773297404 -13.25630511650157 -12.296804651730715 -13.76088145997995 -8.823162079678806
28.857715430861724 -3.8751228171219765 -9.016195565650378 -7.030580844424499 -7.733307426908702 -10.90979870869484 -10.174552597381403 -1.8324519762219638 1.5723602166123565 11.224025917384296 1.737600267516442 3.6670840299815812 -5.232308794863994 -2.280793044467679 -10.034627055469773 -8.020046061858938 1.0684887401698506 -5.575546081944631 -3.399568102952273 -8.971845757748369 -6.9461593186383475 2.2033160588050826 -10.420834489627513 -5.642963536638863 -8.233905976291389 -13.248648015556766 -12.285257218473154 -13.755973629500458 -8.804023513007024
28.917835671342683 -3.8408846028177024 -8.994516640170023 -7.0038442417762425 -7.710412228345387 -10.893583172898076 -10.15609520697021 -1.7932582739640701 1.6221891910466903 11.29072675699081 1.7753801654368577 3.7056475887471376 -5.2005542408523135 -2.243555675851909 -10.01466599340506 -7.996196214369651 1.116706863388266 -5.545275291087568 -3.364185430471096 -8.950029633505086 -6.919024618150615 2.252717965615929 -10.403277970137434 -5.614012196317937 -8.211065058965374 -13.240959191923663 -12.273670513616429 -13.751039889935937 -8.784838939943569
