web/models/kne/49/mosfit_kn_0.018177_0.5000_0.5000.dat
# %ECSV 1.0
# ---
# datatype:
# - {name: time, datatype: float64}
# - {name: PS1_g, datatype: float64}
# - {name: PS1_i, datatype: float64}
# - {name: PS1_r, datatype: float64}
# - {name: PS1_w, datatype: float64}
# - {name: PS1_y, datatype: float64}
# - {name: PS1_z, datatype: float64}
# - {name: swift_uvot_B, datatype: float64}
# - {name: swift_uvot_U, datatype: float64}
# - {name: swift_uvot_uvm2, datatype: float64}
# - {name: swift_uvot_uvw1, datatype: float64}
# - {name: swift_uvot_uvw2, datatype: float64}
# - {name: swift_uvot_V, datatype: float64}
# - {name: johnson_B, datatype: float64}
# - {name: johnson_I, datatype: float64}
# - {name: johnson_R, datatype: float64}
# - {name: johnson_U, datatype: float64}
# - {name: johnson_V, datatype: float64}
# - {name: sdss_g, datatype: float64}
# - {name: sdss_i, datatype: float64}
# - {name: sdss_r, datatype: float64}
# - {name: sdss_u, datatype: float64}
# - {name: sdss_z, datatype: float64}
# - {name: ATLAS_c, datatype: float64}
# - {name: ATLAS_o, datatype: float64}
# - {name: ukirt_H, datatype: float64}
# - {name: ukirt_J, datatype: float64}
# - {name: ukirt_K, datatype: float64}
# - {name: Clear, datatype: float64}
# meta: !!omap
# - comment: [kappa = 0.5, type = rprocess, mass = 0.018176879801416274, velocity = 0.5, theta_obs = 0.0, tfloor = 1000.0]
# schema: astropy-2.0
time PS1_g PS1_i PS1_r PS1_w PS1_y PS1_z swift_uvot_B swift_uvot_U swift_uvot_uvm2 swift_uvot_uvw1 swift_uvot_uvw2 swift_uvot_V johnson_B johnson_I johnson_R johnson_U johnson_V sdss_g sdss_i sdss_r sdss_u sdss_z ATLAS_c ATLAS_o ukirt_H ukirt_J ukirt_K Clear
[from data line 233]
14.06813627254509 9.71664052951347 0.8348117163141922 4.309882494352024 2.3419586828480554 -2.6883783322110766 -1.2707023673639384 13.256547106077956 19.91549120397287 33.80408650800204 15.881073736047426 18.394090242527078 7.676157222384254 12.052609789111767 -0.7187015901077585 2.2513311766172412 18.884490024721117 6.721134887215501 10.529180630827906 0.9160676684271785 4.538371153848466 20.416596734147696 -1.84412997938594 6.288959064094666 1.836546539484889 -7.637365710126573 -5.487876414636881 -8.997654390599743 0.05606463908669923
14.128256513026052 9.729701082317597 0.8478722691183194 4.322943047156151 2.355019235652165 -2.6753177794069494 -1.2576418145598112 13.269607658882084 19.928551756776997 33.81714706080617 15.894134288851554 18.407150795331205 7.689217775188381 12.065670341915894 -0.7056410373036313 2.2643917294213685 18.897550577525244 6.734195440019628 10.542241183632033 0.9291282212313057 4.551431706652593 20.429657286951823 -1.8310694265818128 6.302019616898793 1.8496070922890162 -7.624305157322445 -5.474815861832754 -8.984593837795616 0.06912519189082644
14.188376753507013 9.742737997764905 0.860909184565628 4.33597996260346 2.3680561510994735 -2.6622808639596407 -1.2446048991125025 13.282644574329392 19.941588672224306 33.83018397625347 15.907171204298862 18.420187710778514 7.70225469063569 12.078707257363202 -0.6926041218563226 2.277428644868677 18.910587492972553 6.747232355466937 10.555278099079342 0.9421651366786143 4.564468622099902 20.44269420239913 -1.8180325111345041 6.315056532346102 1.8626440077363249 -7.611268241875137 -5.461778946385445 -8.971556922348308 0.08216210733813512
14.248496993987976 9.755751477590575 0.8739226643912978 4.34899344242913 2.3810696309251433 -2.649267384133971 -1.2315914192868327 13.295658054155062 19.954602152049972 33.843197456079146 15.920184684124532 18.433201190604183 7.71526817046136 12.091720737188872 -0.6795906420306528 2.290442124694347 18.923600972798223 6.760245835292607 10.568291578905011 0.9551786165042842 4.577482101925572 20.455707682224798 -1.8050190313088343 6.3280700121717715 1.8756574875619947 -7.598254762049467 -5.448765466559776 -8.958543442522638 0.09517558716380492
14.308617234468937 9.768741713605227 0.8869129004059495 4.361983678443799 2.3940598669398128 -2.6362771481193015 -1.218601183272181 13.308648290169714 19.967592388064634 33.856187692093805 15.933174920139184 18.446191426618835 7.728258406476029 12.104710973203524 -0.6666004060160011 2.3034323607089986 18.936591208812892 6.773236071307276 10.58128181491968 0.9681688525189358 4.5904723379402235 20.46869791823946 -1.7920287952941827 6.341060248186441 1.8886477235766463 -7.5852645260347975 -5.435775230545106 -8.945553206507986 0.10816582317847434
14.3687374749499 9.781708891918921 0.8998800787196437 4.374950856757476 2.407027045253489 -2.623309969805625 -1.2056340049584868 13.321615468483408 19.980559566378318 33.86915487040749 15.946142098452878 18.45915860493253 7.741225584789706 12.117678151517218 -0.6536332277023069 2.316399539022693 18.94955838712657 6.786203249620953 10.594248993233357 0.98113603083263 4.603439516253918 20.481665096553144 -1.7790616169804885 6.354027426500117 1.9016149018903405 -7.572297347721121 -5.42280805223143 -8.932586028194292 0.12113300149215078
14.428857715430862 9.794653196861614 0.9128243836623362 4.387895161700168 2.4199713501961817 -2.6103656648629325 -1.1926897000157943 13.3345597734261 19.99350387132101 33.882099175350184 15.95908640339557 18.472102909875215 7.754169889732398 12.130622456459893 -0.6406889227596144 2.3293438439653675 18.96250269206926 6.799147554563645 10.60719329817605 0.9940803357753225 4.61638382119661 20.494609401495836 -1.766117312037796 6.36697173144281 1.914559206833033 -7.559353042778429 -5.409863747288737 -8.9196417232516 0.13407730643484328
14.488977955911823 9.80757480013219 0.9257459869329132 4.400816764970763 2.4328929534667765 -2.5974440615923555 -1.1797680967452173 13.347481376696678 20.006425474591598 33.89502077862077 15.972008006666147 18.4850245131458 7.767091493002975 12.143544059730488 -0.6277673194890374 2.3422654472359623 18.975424295339856 6.81206915783424 10.620114901446644 1.0070019390458995 4.629305424467187 20.507531004766424 -1.753195708767219 6.379893334713405 1.92748081010361 -7.546431439507834 -5.396942144018142 -8.906720119981022 0.1469989097054203
14.549098196392785 9.82047387126185 0.9386450580625727 4.4137158361004225 2.445792024596436 -2.584544990462696 -1.1668690256155578 13.360380447826337 20.019324545721247 33.90791984975043 15.984907077795807 18.49792358427546 7.779990564132635 12.156443130860147 -0.6148682483593779 2.355164518365622 18.988323366469498 6.8249682289638995 10.633013972576304 1.019901010175559 4.642204495596847 20.520430075896073 -1.7402966376375595 6.392792405843064 1.9403798812332695 -7.533532368378174 -5.384043072888483 -8.893821048851363 0.15989798083507978
14.609218436873746 9.83335057497861 0.9515217617793148 4.426592539817165 2.458668728313178 -2.571668286745936 -1.1539923218988157 13.37325715154308 20.032201249438 33.92079655346717 15.997783781512549 18.510800287992208 7.792867267849394 12.16931983457689 -0.6019915446426358 2.368041222082364 19.001200070186258 6.837844932680642 10.645890676293046 1.0327777138923189 4.655081199313589 20.533306779612825 -1.7274199339207996 6.405669109559806 1.9532565849500294 -7.520655664661432 -5.371166369171741 -8.880944345134603 0.17277468455183964
14.669338677354709 9.84620506683715 0.964376253637873 4.439447031675705 2.4715232201717363 -2.5588137948873957 -1.1411378300402575 13.386111643401637 20.04505574129655 33.93365104532573 16.010638273371107 18.52365477985076 7.805721759707935 12.182174326435447 -0.5891370527840776 2.380895713940922 19.014054562044798 6.8506994245392 10.658745168151604 1.0456322057508594 4.667935691172147 20.546161271471377 -1.7145654420622591 6.418523601418364 1.96611107680857 -7.507801172802874 -5.3583118773132 -8.868089853276063 0.18562917641038013
14.729458917835672 9.859037494279352 0.9772086810800751 4.452279459117907 2.4843556476139206 -2.5459813674451937 -1.1283054025980555 13.39894407084384 20.05788816873875 33.94648347276792 16.02347070081331 18.536487207292954 7.818554187150137 12.19500675387765 -0.5763046253418755 2.3937281413831064 19.026886989487 6.863531851981384 10.671577595593789 1.0584646331930614 4.680768118614349 20.558993698913575 -1.701733014620057 6.431356028860549 1.978943504250772 -7.49496874536069 -5.345479449870998 -8.85525742583386 0.19846160385258216
14.789579158316633 9.87184800860959 0.9900191954102944 4.465089973448144 2.4971661619441576 -2.5331708531149566 -1.1154948882678362 13.411754585174059 20.07069868306898 33.95929398709816 16.036281215143546 18.549297721623187 7.831364701480374 12.207817268207869 -0.5634941110116563 2.4065386557133435 19.039697503817237 6.876342366311621 10.684388109924026 1.0712751475232984 4.693578632944586 20.571804213243805 -1.68892250028982 6.444166543190786 1.991754018581009 -7.482158231030453 -5.332668935540761 -8.842446911503623 0.2112721181828192
14.849699398797595 9.884636747364883 1.002807934165606 4.477878712203438 2.5099549006994692 -2.5203821143596628 -1.1027061495125245 13.42454332392937 20.08348742182428 33.97208272585346 16.04906995389884 18.56208646037849 7.844153440235668 12.22060600696318 -0.5507053722563446 2.419327394468655 19.05248624257253 6.889131105066933 10.697176848679337 1.0840638862785923 4.70636737169988 20.584592951999106 -1.6761337615345262 6.456955281946097 2.004542757336303 -7.469369492275159 -5.319880196785467 -8.82965817274833 0.22406085693811306
14.909819639278556 9.89740384723401 1.0155750340347325 4.4906458120725645 2.522722000568578 -2.5076150144905363 -1.089939049643398 13.437310423798497 20.09625452169341 33.984849825722584 16.061837053767967 18.574853560247618 7.856920540104794 12.233373106832307 -0.5379382723872181 2.4320944943377816 19.065253342441657 6.901898204936042 10.709943948548446 1.0968309861477188 4.7191344715690065 20.597360051868236 -1.6633666616653997 6.469722381815206 2.0173098572054293 -7.456602392406032 -5.307113096916341 -8.816891072879203 0.23682795680723956
14.969939879759519 9.910153443856462 1.028324630657167 4.503395408695017 2.53547159719103 -2.494865417868084 -1.0771894530209636 13.450060020420949 20.109004118315852 33.99759942234503 16.07458665039042 18.587603156870063 7.869670136727247 12.246122703454741 -0.5251886757647659 2.444844090960216 19.07800293906411 6.914647801558494 10.722693545170898 1.109580582770171 4.731884068191459 20.610109648490678 -1.6506170650429475 6.482471978437658 2.0300594538278816 -7.44385279578358 -5.294363500293889 -8.804141476256751 0.2495775534296918
15.03006012024048 9.92287405935734 1.0410452461580633 4.516116024195895 2.5481922126919088 -2.4821448023672055 -1.0644688375200673 13.462780635921828 20.12172473381674 34.01032003784591 16.087307265891297 18.60032377237094 7.882390752228125 12.258843318955638 -0.5124680602638874 2.4575647064610946 19.09072355456499 6.927368417059372 10.735414160671777 1.1223011982710496 4.744604683692337 20.622830263991567 -1.637896449542069 6.495192593938537 2.04278006932876 -7.4311321802827015 -5.28164288479301 -8.791420860755872 0.26229816893057034
15.090180360721442 9.935576640688826 1.0537478274895484 4.5288186055273805 2.560894794023394 -2.4694422210357203 -1.051766256188582 13.475483217253313 20.134427315148223 34.0230226191774 16.100009847222783 18.613026353702427 7.89509333355961 12.271545900287123 -0.4997654789324022 2.4702672877925798 19.103426135896473 6.9400709983908575 10.748116742003262 1.1350037796025347 4.757307265023822 20.63553284532305 -1.6251938682105838 6.507895175270022 2.0554826506602453 -7.418429598951216 -5.268940303461525 -8.778718279424387 0.2750007502620555
15.150300601202405 9.948258411959259 1.0664295987599637 4.5415003767978135 2.573576565293827 -2.4567604497652873 -1.0390844849181669 13.488164988523728 20.14710908641865 34.03570439044782 16.112691618493198 18.625708124972856 7.907775104830043 12.284227671557538 -0.48708370766198694 2.4829490590630128 19.116107907166906 6.9527527696612905 10.760798513273695 1.1476855508729678 4.769989036294238 20.648214616593474 -1.6125120969401507 6.520576946540455 2.0681644219306783 -7.405747827680783 -5.256258532191092 -8.766036508153954 0.2876825215324885
15.210420841683366 9.960919189627901 1.0790903764286242 4.554161154466474 2.5862373429624874 -2.444099672096627 -1.0264237072495064 13.500825766192388 20.15976986408731 34.04836516811648 16.12535239616186 18.63836890264151 7.920435882498704 12.296888449226199 -0.47442292999332647 2.4956098367316732 19.128768684835567 6.965413547329951 10.773459290942355 1.1603463285416105 4.782649813962898 20.660875394262135 -1.599851319271508 6.5332377242091155 2.080825199599321 -7.393087050012123 -5.2435977545224315 -8.753375730485311 0.30034329920113123
15.270541082164328 9.973559049851524 1.0917302366522286 4.566801014690078 2.598877203186092 -2.4314598118730224 -1.013783847025902 13.513465626415993 20.172409724310914 34.061005028340084 16.137992256385463 18.65100876286512 7.933075742722308 12.309528309449803 -0.46178306976972205 2.5082496969552777 19.14140854505917 6.978053407553555 10.78609915116596 1.1729861887652326 4.7952896741865025 20.67351525448574 -1.5872114590478859 6.54587758443272 2.093465059822943 -7.380447189788518 -5.230957894298827 -8.74073587026169 0.3129831594247534
15.33066132264529 9.986178092776061 1.104349279576784 4.579420057614634 2.6114962461106472 -2.418840768948467 -1.0011648041013466 13.526084669340548 20.18502876723547 34.07362407126464 16.150611299310018 18.66362780578967 7.945694785646864 12.322147352374358 -0.44916402684516665 2.520868739879833 19.154027587983727 6.990672450478111 10.798718194090515 1.1856052316897703 4.807908717111058 20.686134297410295 -1.5745924161233482 6.558496627357275 2.106084102747481 -7.367828146863963 -5.218338851374272 -8.728116827337152 0.3256022023493088
15.390781563126252 9.998776422754467 1.1169476095551722 4.592018387593022 2.6240945760890355 -2.4062424389700787 -0.9885664741229583 13.538682999318954 20.197627097213857 34.08622240124304 16.163209629288424 18.676226135768065 7.958293115625252 12.334745682352747 -0.4365656968667606 2.5334670698582213 19.166625917962115 7.003270780456499 10.811316524068904 1.1982035616681763 4.820507047089464 20.698732627388683 -1.5619940861449422 6.571094957335664 2.118682432725887 -7.355229816885575 -5.205740521395883 -8.715518497358746 0.3382005323276971
15.450901803607215 10.011354138711912 1.1295253255126347 4.6045961035504845 2.636672292046498 -2.3936647230126162 -0.9759887581654958 13.551260715276399 20.21020481317132 34.09880011720049 16.17578734524587 18.688803851725527 7.970870831582714 12.347323398310209 -0.4239879809093159 2.546044785815684 19.179203633919577 7.015848496413962 10.823894240026366 1.210781277625621 4.833084763046909 20.711310343346145 -1.5494163701874974 6.583672673293126 2.1312601486833316 -7.342652100928112 -5.193162805438421 -8.702940781401301 0.3507782482851596
15.511022044088175 10.023911333650304 1.1420825204510088 4.617153298488859 2.649229486984872 -2.381107528074242 -0.9634315632271218 13.563817910214773 20.222762008109694 34.11135731213887 16.18834454018426 18.7013610466639 7.983428026521088 12.359880593248583 -0.4114307859709241 2.558601980754058 19.19176082885795 7.028405691352336 10.83645143496474 1.2233384725640128 4.8456419579853005 20.72386753828452 -1.5368591752491056 6.5962298682315 2.1438173436217234 -7.330094905989738 -5.180605610500047 -8.690383586462909 0.3633354432235336
15.571142284569138 10.03644810064694 1.1546192874476624 4.629690065485494 2.661766253981508 -2.3685707610776063 -0.9508947962304681 13.576354677211427 20.235298775106337 34.12389407913551 16.200881307180897 18.71389781366054 7.995964793517724 12.372417360245219 -0.3988940189742882 2.5711387477506937 19.204297595854587 7.0409424583489715 10.848988201961376 1.2358752395606487 4.858178724981936 20.736404305281162 -1.5243224082524698 6.608766635228136 2.1563541106183592 -7.317558138993102 -5.168068843503411 -8.677846819466273 0.3758722102201695
15.631262525050099 10.048964524084258 1.1671357108849811 4.642206488922831 2.6742826774188444 -2.3560543376402876 -0.9383783727931494 13.588871100648745 20.247815198543666 34.136410502572836 16.213397730618215 18.726414237097867 8.008481216955044 12.384933783682555 -0.3863775955369695 2.5836551711880302 19.216814019291924 7.053458881786308 10.861504625398712 1.2483916629979674 4.870695148419255 20.748920728718492 -1.511805984815151 6.6212830586654725 2.168870534055678 -7.305041715555766 -5.1555524200660745 -8.665330396028954 0.3883886336574882
15.691382765531062 10.061460689781327 1.1796318765820502 4.654702654619882 2.6867788431158957 -2.3435581719432186 -0.9258822070960804 13.601367266345814 20.260311364240728 34.148906668269895 16.225893896315284 18.738910402794936 8.020977382652113 12.397429949379625 -0.37388142983990047 2.5961513368850815 19.229310184988975 7.065955047483359 10.874000791095764 1.2608878286950365 4.883191314116324 20.761416894415554 -1.499309819118082 6.633779224362524 2.181366699752747 -7.292545549858715 -5.143056254369023 -8.652834230331885 0.40088479935455723
