web/models/kne.last_good/kappa_0.5_3.0.v2/32/villar_0.0224_0.4217_3.0000.dat
# %ECSV 1.0
# ---
# datatype:
# - {name: time, datatype: float64}
# - {name: swift_uvot_uvw2, datatype: float64}
# - {name: swift_uvot_uvm2, datatype: float64}
# - {name: swift_uvot_uvw1, datatype: float64}
# - {name: swift_uvot_U, datatype: float64}
# - {name: swift_uvot_B, datatype: float64}
# - {name: swift_uvot_V, datatype: float64}
# - {name: swift_uvot_W, datatype: float64}
# - {name: johnson_U, datatype: float64}
# - {name: johnson_B, datatype: float64}
# - {name: johnson_V, datatype: float64}
# - {name: johnson_R, datatype: float64}
# - {name: johnson_I, datatype: float64}
# - {name: sdss_u, datatype: float64}
# - {name: sdss_g, datatype: float64}
# - {name: sdss_r, datatype: float64}
# - {name: sdss_i, datatype: float64}
# - {name: sdss_z, datatype: float64}
# - {name: PS1_g, datatype: float64}
# - {name: PS1_r, datatype: float64}
# - {name: PS1_i, datatype: float64}
# - {name: PS1_z, datatype: float64}
# - {name: PS1_Y, datatype: float64}
# - {name: PS1_w, datatype: float64}
# - {name: ATLAS_c, datatype: float64}
# - {name: ATLAS_o, datatype: float64}
# - {name: ukirt_J, datatype: float64}
# - {name: ukirt_H, datatype: float64}
# - {name: ukirt_K, datatype: float64}
# - {name: Clear, datatype: float64}
# meta: !!omap
# - comment: [kappa = 3.0, type = villar, mass = 0.022360679775100388, velocity = 0.4216666666666667, theta_obs = 0.0, tfloor = 2500.0]
# schema: astropy-2.0
time swift_uvot_uvw2 swift_uvot_uvm2 swift_uvot_uvw1 swift_uvot_U swift_uvot_B swift_uvot_V swift_uvot_W johnson_U johnson_B johnson_V johnson_R johnson_I sdss_u sdss_g sdss_r sdss_i sdss_z PS1_g PS1_r PS1_i PS1_z PS1_Y PS1_w ATLAS_c ATLAS_o ukirt_J ukirt_H ukirt_K Clear
[from data line 203]
0.423513 -14.245 -14.615 -15.09 -15.829 -16.096 -16.182 -15.467 -15.885 -16.096 -16.179 -16.116 -15.949 -15.875 -16.137 -16.164 -16.07 -15.923 -16.162 -16.172 -16.078 -15.971 -15.913 -16.129 -16.161 -16.124 -15.522 -15.123 -14.613 -16.119
0.436321 -14.097 -14.474 -14.978 -15.757 -16.05 -16.155 -15.396 -15.817 -16.05 -16.153 -16.104 -15.949 -15.807 -16.098 -16.146 -16.063 -15.925 -16.125 -16.154 -16.071 -15.971 -15.916 -16.109 -16.131 -16.111 -15.535 -15.142 -14.637 -16.096
0.449518 -13.944 -14.328 -14.862 -15.681 -16.001 -16.126 -15.321 -15.746 -16.001 -16.125 -16.09 -15.947 -15.734 -16.056 -16.126 -16.055 -15.925 -16.086 -16.134 -16.063 -15.969 -15.918 -16.087 -16.099 -16.096 -15.547 -15.16 -14.66 -16.072
0.463113 -13.787 -14.176 -14.741 -15.601 -15.948 -16.095 -15.245 -15.671 -15.949 -16.094 -16.075 -15.945 -15.658 -16.012 -16.105 -16.045 -15.923 -16.045 -16.113 -16.053 -15.966 -15.919 -16.063 -16.065 -16.079 -15.558 -15.177 -14.682 -16.046
0.47712 -13.626 -14.018 -14.615 -15.518 -15.893 -16.061 -15.166 -15.593 -15.894 -16.061 -16.057 -15.94 -15.578 -15.964 -16.081 -16.034 -15.921 -16.001 -16.089 -16.042 -15.962 -15.918 -16.037 -16.028 -16.061 -15.568 -15.194 -14.704 -16.017
0.49155 -13.46 -13.853 -14.485 -15.43 -15.834 -16.025 -15.085 -15.51 -15.836 -16.025 -16.038 -15.935 -15.494 -15.914 -16.055 -16.021 -15.917 -15.954 -16.063 -16.029 -15.957 -15.917 -16.009 -15.989 -16.041 -15.577 -15.21 -14.726 -15.987
0.506416 -13.289 -13.683 -14.35 -15.338 -15.773 -15.986 -15.002 -15.423 -15.775 -15.987 -16.017 -15.928 -15.406 -15.861 -16.027 -16.006 -15.912 -15.904 -16.035 -16.015 -15.95 -15.914 -15.979 -15.947 -16.019 -15.585 -15.226 -14.747 -15.955
0.521733 -13.115 -13.505 -14.209 -15.241 -15.707 -15.945 -14.916 -15.332 -15.71 -15.946 -15.994 -15.919 -15.313 -15.804 -15.997 -15.99 -15.906 -15.851 -16.005 -15.998 -15.942 -15.911 -15.947 -15.903 -15.994 -15.593 -15.241 -14.768 -15.921
0.537512 -12.936 -13.322 -14.064 -15.14 -15.638 -15.901 -14.828 -15.237 -15.642 -15.903 -15.969 -15.909 -15.216 -15.745 -15.964 -15.971 -15.898 -15.795 -15.973 -15.98 -15.932 -15.906 -15.913 -15.856 -15.968 -15.599 -15.255 -14.789 -15.884
0.553769 -12.754 -13.131 -13.913 -15.035 -15.566 -15.854 -14.737 -15.137 -15.57 -15.856 -15.941 -15.898 -15.115 -15.682 -15.929 -15.951 -15.888 -15.737 -15.938 -15.96 -15.921 -15.899 -15.876 -15.806 -15.94 -15.605 -15.268 -14.809 -15.846
0.570517 -12.568 -12.933 -13.757 -14.924 -15.49 -15.804 -14.644 -15.033 -15.494 -15.807 -15.912 -15.885 -15.008 -15.615 -15.891 -15.929 -15.877 -15.674 -15.901 -15.938 -15.908 -15.892 -15.837 -15.753 -15.909 -15.61 -15.281 -14.828 -15.805
0.587772 -12.38 -12.728 -13.596 -14.809 -15.41 -15.751 -14.548 -14.924 -15.415 -15.755 -15.88 -15.87 -14.897 -15.546 -15.851 -15.905 -15.864 -15.609 -15.861 -15.915 -15.893 -15.883 -15.796 -15.697 -15.876 -15.613 -15.293 -14.847 -15.762
0.605549 -12.189 -12.516 -13.429 -14.689 -15.326 -15.694 -14.45 -14.81 -15.331 -15.7 -15.846 -15.853 -14.781 -15.472 -15.808 -15.878 -15.85 -15.54 -15.818 -15.889 -15.877 -15.872 -15.753 -15.638 -15.841 -15.616 -15.305 -14.866 -15.717
0.623863 -11.997 -12.296 -13.257 -14.563 -15.237 -15.635 -14.349 -14.691 -15.244 -15.641 -15.81 -15.835 -14.66 -15.395 -15.762 -15.85 -15.834 -15.468 -15.773 -15.861 -15.859 -15.86 -15.706 -15.576 -15.803 -15.617 -15.315 -14.884 -15.67
0.642731 -11.804 -12.068 -13.079 -14.432 -15.145 -15.572 -14.245 -14.567 -15.153 -15.58 -15.771 -15.815 -14.534 -15.314 -15.714 -15.819 -15.816 -15.392 -15.725 -15.83 -15.839 -15.847 -15.658 -15.511 -15.763 -15.617 -15.325 -14.901 -15.62
0.66217 -11.61 -11.832 -12.896 -14.296 -15.048 -15.506 -14.139 -14.437 -15.057 -15.515 -15.73 -15.793 -14.402 -15.229 -15.663 -15.786 -15.796 -15.312 -15.674 -15.798 -15.817 -15.832 -15.607 -15.442 -15.72 -15.616 -15.334 -14.918 -15.568
0.682197 -11.418 -11.589 -12.707 -14.153 -14.947 -15.436 -14.03 -14.302 -14.957 -15.446 -15.686 -15.769 -14.264 -15.14 -15.608 -15.75 -15.775 -15.229 -15.621 -15.763 -15.794 -15.815 -15.553 -15.371 -15.675 -15.614 -15.343 -14.935 -15.514
0.70283 -11.228 -11.337 -12.513 -14.006 -14.841 -15.363 -13.917 -14.162 -14.852 -15.374 -15.64 -15.742 -14.121 -15.047 -15.551 -15.712 -15.751 -15.141 -15.564 -15.725 -15.768 -15.797 -15.496 -15.295 -15.627 -15.611 -15.35 -14.951 -15.457
0.724086 -11.041 -11.077 -12.312 -13.852 -14.731 -15.286 -13.802 -14.016 -14.743 -15.298 -15.59 -15.714 -13.972 -14.95 -15.49 -15.672 -15.725 -15.05 -15.504 -15.686 -15.74 -15.777 -15.436 -15.216 -15.576 -15.606 -15.356 -14.966 -15.398
0.745986 -10.86 -10.808 -12.106 -13.692 -14.615 -15.205 -13.684 -13.864 -14.629 -15.219 -15.538 -15.684 -13.817 -14.848 -15.426 -15.629 -15.698 -14.955 -15.441 -15.643 -15.71 -15.755 -15.374 -15.133 -15.522 -15.6 -15.362 -14.981 -15.336
0.768548 -10.684 -10.53 -11.894 -13.526 -14.495 -15.12 -13.563 -13.706 -14.51 -15.135 -15.483 -15.651 -13.656 -14.742 -15.358 -15.583 -15.668 -14.855 -15.374 -15.598 -15.678 -15.731 -15.309 -15.047 -15.465 -15.593 -15.367 -14.995 -15.272
0.791792 -10.517 -10.244 -11.677 -13.353 -14.37 -15.031 -13.439 -13.541 -14.386 -15.048 -15.425 -15.617 -13.488 -14.631 -15.287 -15.534 -15.636 -14.751 -15.304 -15.55 -15.644 -15.705 -15.241 -14.957 -15.405 -15.584 -15.37 -15.008 -15.205
0.815739 -10.358 -9.948 -11.454 -13.174 -14.239 -14.938 -13.312 -13.371 -14.257 -14.956 -15.364 -15.579 -13.314 -14.515 -15.213 -15.483 -15.601 -14.643 -15.231 -15.5 -15.607 -15.678 -15.169 -14.862 -15.342 -15.574 -15.373 -15.021 -15.135
0.840411 -10.209 -9.644 -11.225 -12.988 -14.103 -14.84 -13.182 -13.194 -14.122 -14.86 -15.299 -15.54 -13.133 -14.395 -15.134 -15.428 -15.565 -14.531 -15.154 -15.446 -15.567 -15.648 -15.095 -14.764 -15.276 -15.562 -15.375 -15.033 -15.063
0.865828 -10.071 -9.33 -10.991 -12.795 -13.961 -14.738 -13.048 -13.01 -13.983 -14.76 -15.232 -15.498 -12.945 -14.269 -15.052 -15.371 -15.525 -14.414 -15.073 -15.39 -15.526 -15.616 -15.017 -14.661 -15.207 -15.549 -15.375 -15.045 -14.989
0.892015 -9.944 -9.008 -10.751 -12.595 -13.814 -14.631 -12.911 -12.819 -13.837 -14.656 -15.161 -15.453 -12.75 -14.138 -14.966 -15.31 -15.484 -14.292 -14.988 -15.33 -15.481 -15.582 -14.936 -14.555 -15.134 -15.534 -15.375 -15.056 -14.911
0.918993 -9.828 -8.676 -10.506 -12.388 -13.661 -14.52 -12.771 -12.622 -13.687 -14.546 -15.087 -15.406 -12.548 -14.002 -14.876 -15.246 -15.439 -14.166 -14.9 -15.267 -15.434 -15.545 -14.852 -14.443 -15.057 -15.517 -15.373 -15.066 -14.832
0.946787 -9.722 -8.336 -10.255 -12.173 -13.502 -14.404 -12.627 -12.417 -13.53 -14.433 -15.009 -15.356 -12.339 -13.861 -14.782 -15.179 -15.392 -14.035 -14.807 -15.201 -15.385 -15.507 -14.765 -14.328 -14.977 -15.499 -15.371 -15.076 -14.749
0.975422 -9.627 -7.987 -10.0 -11.951 -13.337 -14.283 -12.479 -12.204 -13.367 -14.314 -14.928 -15.303 -12.122 -13.714 -14.683 -15.109 -15.343 -13.899 -14.711 -15.132 -15.332 -15.466 -14.673 -14.208 -14.894 -15.479 -15.367 -15.085 -14.664
1.004923 -9.542 -7.63 -9.739 -11.72 -13.165 -14.156 -12.328 -11.985 -13.198 -14.19 -14.842 -15.248 -11.897 -13.562 -14.58 -15.034 -15.29 -13.759 -14.61 -15.059 -15.276 -15.422 -14.579 -14.083 -14.807 -15.458 -15.362 -15.093 -14.576
1.035317 -9.464 -7.267 -9.474 -11.482 -12.988 -14.025 -12.174 -11.757 -13.023 -14.061 -14.754 -15.189 -11.664 -13.403 -14.473 -14.957 -15.235 -13.614 -14.505 -14.983 -15.218 -15.377 -14.48 -13.953 -14.715 -15.434 -15.356 -15.1 -14.486
1.066629 -9.394 -6.899 -9.204 -11.236 -12.803 -13.888 -12.016 -11.521 -12.842 -13.927 -14.661 -15.128 -11.423 -13.239 -14.361 -14.875 -15.176 -13.464 -14.396 -14.903 -15.156 -15.328 -14.378 -13.819 -14.62 -15.409 -15.348 -15.107 -14.394
1.098888 -9.331 -6.529 -8.93 -10.981 -12.612 -13.745 -11.853 -11.277 -12.654 -13.788 -14.564 -15.063 -11.173 -13.069 -14.244 -14.79 -15.115 -13.31 -14.282 -14.819 -15.092 -15.277 -14.272 -13.679 -14.521 -15.381 -15.339 -15.113 -14.298
1.132124 -9.272 -6.159 -8.651 -10.717 -12.413 -13.597 -11.688 -11.025 -12.459 -13.643 -14.463 -14.995 -10.915 -12.892 -14.122 -14.7 -15.05 -13.151 -14.164 -14.731 -15.024 -15.223 -14.162 -13.535 -14.418 -15.352 -15.329 -15.118 -14.201
1.166364 -9.218 -5.794 -8.367 -10.444 -12.208 -13.443 -11.518 -10.764 -12.258 -13.493 -14.358 -14.924 -10.648 -12.709 -13.995 -14.607 -14.982 -12.988 -14.041 -14.64 -14.952 -15.166 -14.049 -13.385 -14.31 -15.32 -15.318 -15.122 -14.101
1.20164 -9.167 -5.441 -8.08 -10.162 -11.995 -13.283 -11.344 -10.494 -12.049 -13.336 -14.249 -14.85 -10.372 -12.519 -13.863 -14.509 -14.91 -12.82 -13.913 -14.544 -14.877 -15.107 -13.931 -13.229 -14.198 -15.286 -15.305 -15.126 -13.998
1.237983 -9.119 -5.106 -7.788 -9.871 -11.775 -13.117 -11.166 -10.216 -11.834 -13.174 -14.135 -14.772 -10.086 -12.323 -13.726 -14.408 -14.836 -12.648 -13.78 -14.445 -14.799 -15.044 -13.808 -13.069 -14.081 -15.25 -15.29 -15.128 -13.894
1.275425 -9.073 -4.798 -7.492 -9.57 -11.547 -12.944 -10.985 -9.927 -11.61 -13.006 -14.017 -14.69 -9.791 -12.119 -13.583 -14.301 -14.757 -12.473 -13.643 -14.341 -14.717 -14.979 -13.682 -12.902 -13.96 -15.212 -15.274 -15.13 -13.787
1.313999 -9.028 -4.523 -7.193 -9.259 -11.311 -12.765 -10.799 -9.629 -11.38 -12.831 -13.894 -14.605 -9.485 -11.908 -13.435 -14.19 -14.675 -12.295 -13.5 -14.232 -14.631 -14.91 -13.551 -12.73 -13.834 -15.172 -15.257 -15.13 -13.678
1.35374 -8.985 -4.286 -6.889 -8.938 -11.067 -12.579 -10.609 -9.322 -11.141 -12.65 -13.767 -14.516 -9.17 -11.69 -13.281 -14.075 -14.589 -12.114 -13.353 -14.12 -14.541 -14.838 -13.416 -12.552 -13.704 -15.128 -15.237 -15.13 -13.567
1.394683 -8.943 -4.09 -6.581 -8.606 -10.814 -12.386 -10.415 -9.004 -10.894 -12.462 -13.634 -14.424 -8.843 -11.465 -13.121 -13.954 -14.499 -11.931 -13.201 -14.002 -14.448 -14.763 -13.276 -12.367 -13.568 -15.083 -15.217 -15.129 -13.455
1.436864 -8.901 -3.932 -6.268 -8.263 -10.553 -12.186 -10.217 -8.675 -10.64 -12.267 -13.497 -14.327 -8.507 -11.231 -12.954 -13.829 -14.405 -11.747 -13.043 -13.88 -14.35 -14.685 -13.131 -12.177 -13.428 -15.035 -15.194 -15.127 -13.341
1.480321 -8.86 -3.806 -5.952 -7.91 -10.283 -11.979 -10.016 -8.336 -10.376 -12.066 -13.354 -14.226 -8.158 -10.99 -12.782 -13.698 -14.307 -11.562 -12.881 -13.754 -14.248 -14.603 -12.981 -11.98 -13.282 -14.984 -15.17 -15.124 -13.226
1.525092 -8.819 -3.707 -5.63 -7.545 -10.004 -11.764 -9.81 -7.986 -10.104 -11.857 -13.207 -14.121 -7.799 -10.741 -12.603 -13.563 -14.205 -11.379 -12.713 -13.622 -14.142 -14.518 -12.826 -11.776 -13.13 -14.93 -15.144 -15.119 -13.11
1.571218 -8.777 -3.626 -5.303 -7.168 -9.716 -11.541 -9.6 -7.624 -9.824 -11.641 -13.053 -14.012 -7.428 -10.483 -12.417 -13.421 -14.098 -11.198 -12.541 -13.485 -14.032 -14.43 -12.667 -11.566 -12.974 -14.874 -15.116 -15.114 -12.993
1.618738 -8.736 -3.56 -4.972 -6.779 -9.417 -11.31 -9.387 -7.25 -9.534 -11.417 -12.895 -13.898 -7.044 -10.216 -12.225 -13.275 -13.987 -11.021 -12.364 -13.344 -13.917 -14.338 -12.501 -11.348 -12.811 -14.814 -15.086 -15.108 -12.875
1.667696 -8.695 -3.503 -4.634 -6.377 -9.109 -11.071 -9.171 -6.865 -9.235 -11.185 -12.73 -13.78 -6.648 -9.94 -12.025 -13.122 -13.871 -10.849 -12.183 -13.197 -13.797 -14.242 -12.331 -11.124 -12.643 -14.751 -15.054 -15.1 -12.758
1.718134 -8.646 -3.447 -4.413 -6.116 -8.903 -10.905 -9.021 -6.613 -9.034 -11.024 -12.608 -13.685 -6.39 -9.753 -11.882 -13.007 -13.778 -10.728 -12.051 -13.085 -13.701 -14.16 -12.205 -10.967 -12.519 -14.689 -15.009 -15.07 -12.665
1.770098 -8.586 -3.388 -4.354 -6.056 -8.843 -10.845 -8.961 -6.553 -8.974 -10.964 -12.549 -13.625 -6.33 -9.694 -11.822 -12.947 -13.718 -10.668 -11.992 -13.026 -13.641 -14.1 -12.145 -10.907 -12.459 -14.629 -14.949 -15.01 -12.605
1.823633 -8.526 -3.328 -4.294 -5.996 -8.783 -10.785 -8.901 -6.493 -8.914 -10.904 -12.489 -13.566 -6.271 -9.634 -11.762 -12.887 -13.658 -10.608 -11.932 -12.966 -13.581 -14.041 -12.085 -10.847 -12.399 -14.569 -14.889 -14.95 -12.545
1.878788 -8.466 -3.268 -4.234 -5.936 -8.723 -10.725 -8.841 -6.433 -8.854 -10.844 -12.429 -13.506 -6.211 -9.574 -11.702 -12.827 -13.598 -10.548 -11.872 -12.906 -13.521 -13.98 -12.025 -10.787 -12.339 -14.509 -14.829 -14.89 -12.485
1.93561 -8.406 -3.208 -4.173 -5.876 -8.663 -10.665 -8.781 -6.373 -8.794 -10.784 -12.368 -13.445 -6.15 -9.513 -11.642 -12.767 -13.538 -10.488 -11.812 -12.845 -13.461 -13.92 -11.965 -10.727 -12.279 -14.449 -14.769 -14.83 -12.425
1.994152 -8.346 -3.147 -4.113 -5.816 -8.603 -10.605 -8.72 -6.313 -8.734 -10.723 -12.308 -13.385 -6.09 -9.453 -11.582 -12.706 -13.477 -10.428 -11.751 -12.785 -13.401 -13.86 -11.905 -10.666 -12.218 -14.388 -14.709 -14.769 -12.365
2.054463 -8.285 -3.087 -4.052 -5.755 -8.542 -10.544 -8.66 -6.252 -8.673 -10.663 -12.248 -13.324 -6.029 -9.392 -11.521 -12.646 -13.417 -10.367 -11.691 -12.724 -13.34 -13.799 -11.844 -10.606 -12.158 -14.328 -14.648 -14.709 -12.304
2.116599 -8.224 -3.026 -3.992 -5.695 -8.481 -10.484 -8.599 -6.191 -8.612 -10.602 -12.187 -13.264 -5.969 -9.332 -11.46 -12.585 -13.356 -10.306 -11.63 -12.664 -13.279 -13.739 -11.783 -10.545 -12.097 -14.267 -14.587 -14.648 -12.244
2.180614 -8.163 -2.965 -3.931 -5.634 -8.42 -10.423 -8.538 -6.13 -8.551 -10.541 -12.126 -13.203 -5.908 -9.271 -11.399 -12.524 -13.295 -10.245 -11.569 -12.603 -13.218 -13.678 -11.723 -10.484 -12.036 -14.206 -14.526 -14.587 -12.183
2.246566 -8.102 -2.904 -3.87 -5.572 -8.359 -10.361 -8.477 -6.069 -8.49 -10.48 -12.065 -13.142 -5.847 -9.21 -11.338 -12.463 -13.234 -10.184 -11.508 -12.542 -13.157 -13.616 -11.661 -10.423 -11.975 -14.145 -14.465 -14.526 -12.121
2.314511 -8.041 -2.842 -3.808 -5.511 -8.298 -10.3 -8.416 -6.008 -8.429 -10.418 -12.003 -13.08 -5.785 -9.148 -11.277 -12.402 -13.172 -10.123 -11.446 -12.48 -13.096 -13.555 -11.6 -10.362 -11.914 -14.084 -14.404 -14.465 -12.06
2.384512 -7.979 -2.781 -3.747 -5.449 -8.236 -10.238 -8.354 -5.946 -8.367 -10.357 -11.942 -13.019 -5.724 -9.087 -11.215 -12.34 -13.111 -10.061 -11.385 -12.419 -13.034 -13.494 -11.538 -10.3 -11.852 -14.022 -14.342 -14.403 -11.998
2.45663 -7.917 -2.719 -3.685 -5.388 -8.174 -10.177 -8.292 -5.884 -8.305 -10.295 -11.88 -12.957 -5.662 -9.025 -11.154 -12.278 -13.049 -9.999 -11.323 -12.357 -12.973 -13.432 -11.477 -10.238 -11.79 -13.96 -14.281 -14.341 -11.937
2.530929 -7.855 -2.657 -3.623 -5.326 -8.112 -10.115 -8.23 -5.822 -8.243 -10.233 -11.818 -12.895 -5.6 -8.963 -11.091 -12.216 -12.987 -9.937 -11.261 -12.295 -12.91 -13.37 -11.415 -10.176 -11.728 -13.898 -14.218 -14.279 -11.875
2.607475 -7.793 -2.595 -3.56 -5.263 -8.05 -10.052 -8.168 -5.76 -8.181 -10.171 -11.756 -12.832 -5.537 -8.9 -11.029 -12.154 -12.925 -9.875 -11.199 -12.232 -12.848 -13.307 -11.352 -10.114 -11.666 -13.836 -14.156 -14.217 -11.812
2.686337 -7.73 -2.532 -3.498 -5.201 -7.988 -9.99 -8.105 -5.698 -8.119 -10.108 -11.693 -12.77 -5.475 -8.838 -10.967 -12.091 -12.862 -9.813 -11.136 -12.17 -12.786 -13.245 -11.29 -10.051 -11.603 -13.773 -14.094 -14.154 -11.75
2.767583 -7.668 -2.469 -3.435 -5.138 -7.925 -9.927 -8.042 -5.635 -8.056 -10.045 -11.63 -12.707 -5.412 -8.775 -10.904 -12.029 -12.799 -9.75 -11.073 -12.107 -12.723 -13.182 -11.227 -9.988 -11.541 -13.711 -14.031 -14.091 -11.687
2.851287 -7.605 -2.406 -3.372 -5.075 -7.862 -9.864 -7.979 -5.572 -7.993 -9.982 -11.567 -12.644 -5.349 -8.712 -10.841 -11.965 -12.736 -9.687 -11.01 -12.044 -12.66 -13.119 -11.164 -9.925 -11.477 -13.648 -13.968 -14.028 -11.624
2.937522 -7.541 -2.343 -3.309 -5.012 -7.798 -9.801 -7.916 -5.508 -7.929 -9.919 -11.504 -12.581 -5.286 -8.649 -10.778 -11.902 -12.673 -9.623 -10.947 -11.981 -12.596 -13.056 -11.101 -9.862 -11.414 -13.584 -13.905 -13.965 -11.561
3.026365 -7.478 -2.279 -3.245 -4.948 -7.735 -9.737 -7.853 -5.445 -7.866 -9.855 -11.44 -12.517 -5.222 -8.585 -10.714 -11.839 -12.609 -9.56 -10.883 -11.917 -12.533 -12.992 -11.037 -9.799 -11.351 -13.521 -13.841 -13.902 -11.497
3.117896 -7.414 -2.216 -3.181 -4.884 -7.671 -9.673 -7.789 -5.381 -7.802 -9.792 -11.377 -12.453 -5.158 -8.521 -10.65 -11.775 -12.546 -9.496 -10.82 -11.853 -12.469 -12.928 -10.973 -9.735 -11.287 -13.457 -13.777 -13.838 -11.433
