web/models/kne.last_good/kappa_0.5_3.0.v2/32/villar_0.0098_0.1083_3.0000.dat
# %ECSV 1.0
# ---
# datatype:
# - {name: time, datatype: float64}
# - {name: swift_uvot_uvw2, datatype: float64}
# - {name: swift_uvot_uvm2, datatype: float64}
# - {name: swift_uvot_uvw1, datatype: float64}
# - {name: swift_uvot_U, datatype: float64}
# - {name: swift_uvot_B, datatype: float64}
# - {name: swift_uvot_V, datatype: float64}
# - {name: swift_uvot_W, datatype: float64}
# - {name: johnson_U, datatype: float64}
# - {name: johnson_B, datatype: float64}
# - {name: johnson_V, datatype: float64}
# - {name: johnson_R, datatype: float64}
# - {name: johnson_I, datatype: float64}
# - {name: sdss_u, datatype: float64}
# - {name: sdss_g, datatype: float64}
# - {name: sdss_r, datatype: float64}
# - {name: sdss_i, datatype: float64}
# - {name: sdss_z, datatype: float64}
# - {name: PS1_g, datatype: float64}
# - {name: PS1_r, datatype: float64}
# - {name: PS1_i, datatype: float64}
# - {name: PS1_z, datatype: float64}
# - {name: PS1_Y, datatype: float64}
# - {name: PS1_w, datatype: float64}
# - {name: ATLAS_c, datatype: float64}
# - {name: ATLAS_o, datatype: float64}
# - {name: ukirt_J, datatype: float64}
# - {name: ukirt_H, datatype: float64}
# - {name: ukirt_K, datatype: float64}
# - {name: Clear, datatype: float64}
# meta: !!omap
# - comment: [kappa = 3.0, type = villar, mass = 0.009763877790252312, velocity = 0.10833333333333334, theta_obs = 0.0, tfloor = 2500.0]
# schema: astropy-2.0
time swift_uvot_uvw2 swift_uvot_uvm2 swift_uvot_uvw1 swift_uvot_U swift_uvot_B swift_uvot_V swift_uvot_W johnson_U johnson_B johnson_V johnson_R johnson_I sdss_u sdss_g sdss_r sdss_i sdss_z PS1_g PS1_r PS1_i PS1_z PS1_Y PS1_w ATLAS_c ATLAS_o ukirt_J ukirt_H ukirt_K Clear
[from data line 276]
3.728232 -6.952 -1.754 -2.72 -4.422 -7.209 -9.211 -7.327 -4.919 -7.34 -9.33 -10.915 -11.992 -4.697 -8.06 -10.188 -11.313 -12.084 -9.034 -10.358 -11.392 -12.007 -12.467 -10.511 -9.273 -10.825 -12.995 -13.315 -13.376 -10.971
3.84099 -6.895 -1.697 -2.663 -4.365 -7.152 -9.154 -7.27 -4.862 -7.283 -9.273 -10.858 -11.934 -4.639 -8.002 -10.131 -11.256 -12.027 -8.977 -10.301 -11.335 -11.95 -12.409 -10.454 -9.216 -10.768 -12.938 -13.258 -13.319 -10.914
3.957158 -6.838 -1.64 -2.606 -4.308 -7.095 -9.097 -7.213 -4.805 -7.226 -9.216 -10.801 -11.877 -4.582 -7.945 -10.074 -11.199 -11.97 -8.92 -10.244 -11.278 -11.893 -12.352 -10.397 -9.159 -10.711 -12.881 -13.201 -13.262 -10.857
4.07684 -6.781 -1.583 -2.549 -4.251 -7.038 -9.04 -7.156 -4.748 -7.169 -9.159 -10.744 -11.821 -4.526 -7.889 -10.017 -11.142 -11.913 -8.863 -10.187 -11.221 -11.836 -12.296 -10.34 -9.102 -10.654 -12.824 -13.144 -13.205 -10.8
4.200141 -6.725 -1.526 -2.492 -4.195 -6.982 -8.984 -7.099 -4.692 -7.113 -9.102 -10.687 -11.764 -4.469 -7.832 -9.961 -11.085 -11.856 -8.807 -10.13 -11.164 -11.78 -12.239 -10.284 -9.045 -10.597 -12.767 -13.088 -13.148 -10.744
4.327172 -6.668 -1.47 -2.435 -4.138 -6.925 -8.927 -7.043 -4.635 -7.056 -9.046 -10.63 -11.707 -4.412 -7.775 -9.904 -11.029 -11.8 -8.75 -10.074 -11.107 -11.723 -12.182 -10.227 -8.989 -10.541 -12.711 -13.031 -13.092 -10.687
4.458044 -6.612 -1.413 -2.379 -4.082 -6.869 -8.871 -6.986 -4.579 -7.0 -8.989 -10.574 -11.651 -4.356 -7.719 -9.848 -10.972 -11.743 -8.694 -10.017 -11.051 -11.667 -12.126 -10.171 -8.932 -10.484 -12.654 -12.975 -13.035 -10.631
4.592874 -6.555 -1.357 -2.323 -4.026 -6.812 -8.815 -6.93 -4.522 -6.943 -8.933 -10.518 -11.595 -4.3 -7.663 -9.792 -10.916 -11.687 -8.637 -9.961 -10.995 -11.611 -12.07 -10.115 -8.876 -10.428 -12.598 -12.919 -12.979 -10.575
4.731783 -6.499 -1.301 -2.267 -3.97 -6.756 -8.759 -6.874 -4.466 -6.887 -8.877 -10.462 -11.539 -4.244 -7.607 -9.736 -10.86 -11.631 -8.581 -9.905 -10.939 -11.554 -12.014 -10.059 -8.82 -10.372 -12.542 -12.863 -12.923 -10.519
4.874892 -6.444 -1.245 -2.211 -3.914 -6.701 -8.703 -6.818 -4.411 -6.832 -8.821 -10.406 -11.483 -4.188 -7.551 -9.68 -10.804 -11.575 -8.526 -9.849 -10.883 -11.499 -11.958 -10.003 -8.764 -10.316 -12.486 -12.807 -12.867 -10.463
5.02233 -6.388 -1.189 -2.155 -3.858 -6.645 -8.647 -6.763 -4.355 -6.776 -8.766 -10.35 -11.427 -4.132 -7.495 -9.624 -10.749 -11.52 -8.47 -9.793 -10.827 -11.443 -11.902 -9.947 -8.709 -10.261 -12.431 -12.751 -12.812 -10.407
5.174227 -6.332 -1.134 -2.1 -3.803 -6.589 -8.592 -6.707 -4.3 -6.721 -8.71 -10.295 -11.372 -4.077 -7.44 -9.569 -10.693 -11.464 -8.415 -9.738 -10.772 -11.388 -11.847 -9.892 -8.653 -10.205 -12.375 -12.696 -12.756 -10.352
5.330718 -6.277 -1.079 -2.045 -3.747 -6.534 -8.536 -6.652 -4.244 -6.665 -8.655 -10.24 -11.317 -4.022 -7.385 -9.513 -10.638 -11.409 -8.359 -9.683 -10.717 -11.332 -11.791 -9.836 -8.598 -10.15 -12.32 -12.64 -12.701 -10.296
5.491942 -6.222 -1.024 -1.99 -3.692 -6.479 -8.481 -6.597 -4.189 -6.61 -8.6 -10.185 -11.261 -3.966 -7.33 -9.458 -10.583 -11.354 -8.304 -9.628 -10.662 -11.277 -11.736 -9.781 -8.543 -10.095 -12.265 -12.585 -12.646 -10.241
5.658042 -6.167 -0.969 -1.935 -3.638 -6.424 -8.426 -6.542 -4.134 -6.555 -8.545 -10.13 -11.207 -3.912 -7.275 -9.403 -10.528 -11.299 -8.249 -9.573 -10.607 -11.222 -11.682 -9.726 -8.488 -10.04 -12.21 -12.53 -12.591 -10.187
5.829166 -6.113 -0.914 -1.88 -3.583 -6.37 -8.372 -6.487 -4.08 -6.501 -8.49 -10.075 -11.152 -3.857 -7.22 -9.349 -10.473 -11.244 -8.195 -9.518 -10.552 -11.168 -11.627 -9.672 -8.433 -9.985 -12.155 -12.476 -12.536 -10.132
6.005465 -6.058 -0.86 -1.826 -3.528 -6.315 -8.317 -6.433 -4.025 -6.446 -8.436 -10.021 -11.097 -3.802 -7.166 -9.294 -10.419 -11.19 -8.14 -9.464 -10.498 -11.113 -11.572 -9.617 -8.379 -9.931 -12.101 -12.421 -12.482 -10.077
6.187096 -6.004 -0.805 -1.771 -3.474 -6.261 -8.263 -6.379 -3.971 -6.392 -8.381 -9.966 -11.043 -3.748 -7.111 -9.24 -10.365 -11.135 -8.086 -9.409 -10.443 -11.059 -11.518 -9.563 -8.325 -9.877 -12.047 -12.367 -12.428 -10.023
6.37422 -5.95 -0.751 -1.717 -3.42 -6.207 -8.209 -6.324 -3.917 -6.338 -8.327 -9.912 -10.989 -3.694 -7.057 -9.186 -10.31 -11.081 -8.032 -9.355 -10.389 -11.005 -11.464 -9.509 -8.27 -9.823 -11.993 -12.313 -12.373 -9.969
6.567004 -5.896 -0.697 -1.663 -3.366 -6.153 -8.155 -6.271 -3.863 -6.284 -8.273 -9.858 -10.935 -3.64 -7.003 -9.132 -10.257 -11.027 -7.978 -9.301 -10.335 -10.951 -11.41 -9.455 -8.216 -9.769 -11.939 -12.259 -12.319 -9.915
6.765619 -5.842 -0.643 -1.609 -3.312 -6.099 -8.101 -6.217 -3.809 -6.23 -8.22 -9.804 -10.881 -3.586 -6.949 -9.078 -10.203 -10.974 -7.924 -9.247 -10.281 -10.897 -11.356 -9.401 -8.163 -9.715 -11.885 -12.205 -12.266 -9.861
6.97024 -5.788 -0.59 -1.556 -3.259 -6.045 -8.047 -6.163 -3.755 -6.176 -8.166 -9.751 -10.828 -3.533 -6.896 -9.024 -10.149 -10.92 -7.87 -9.194 -10.228 -10.843 -11.303 -9.347 -8.109 -9.661 -11.831 -12.151 -12.212 -9.808
7.181051 -5.735 -0.536 -1.502 -3.205 -5.992 -7.994 -6.11 -3.702 -6.123 -8.112 -9.697 -10.774 -3.479 -6.842 -8.971 -10.096 -10.866 -7.817 -9.14 -10.174 -10.79 -11.249 -9.294 -8.056 -9.608 -11.778 -12.098 -12.158 -9.754
7.398237 -5.681 -0.483 -1.449 -3.152 -5.938 -7.941 -6.056 -3.648 -6.069 -8.059 -9.644 -10.721 -3.426 -6.789 -8.918 -10.042 -10.813 -7.763 -9.087 -10.121 -10.736 -11.196 -9.241 -8.002 -9.554 -11.724 -12.045 -12.105 -9.701
7.621991 -5.628 -0.43 -1.396 -3.098 -5.885 -7.887 -6.003 -3.595 -6.016 -8.006 -9.591 -10.667 -3.372 -6.736 -8.864 -9.989 -10.76 -7.71 -9.034 -10.068 -10.683 -11.142 -9.187 -7.949 -9.501 -11.671 -11.991 -12.052 -9.647
7.852513 -5.575 -0.376 -1.342 -3.045 -5.832 -7.834 -5.95 -3.542 -5.963 -7.953 -9.537 -10.614 -3.319 -6.682 -8.811 -9.936 -10.707 -7.657 -8.98 -10.014 -10.63 -11.089 -9.134 -7.896 -9.448 -11.618 -11.938 -11.999 -9.594
8.090007 -5.522 -0.323 -1.289 -2.992 -5.779 -7.781 -5.897 -3.489 -5.91 -7.9 -9.484 -10.561 -3.266 -6.629 -8.758 -9.883 -10.654 -7.604 -8.927 -9.961 -10.577 -11.036 -9.081 -7.843 -9.395 -11.565 -11.885 -11.946 -9.541
8.334684 -5.469 -0.27 -1.236 -2.939 -5.726 -7.728 -5.844 -3.436 -5.857 -7.847 -9.431 -10.508 -3.213 -6.576 -8.705 -9.83 -10.601 -7.551 -8.874 -9.908 -10.524 -10.983 -9.028 -7.79 -9.342 -11.512 -11.832 -11.893 -9.488
8.586761 -5.416 -0.217 -1.183 -2.886 -5.673 -7.675 -5.791 -3.383 -5.804 -7.794 -9.378 -10.455 -3.16 -6.523 -8.652 -9.777 -10.548 -7.498 -8.821 -9.855 -10.471 -10.93 -8.975 -7.737 -9.289 -11.459 -11.779 -11.84 -9.435
8.846461 -5.363 -0.165 -1.13 -2.833 -5.62 -7.622 -5.738 -3.33 -5.751 -7.741 -9.326 -10.402 -3.107 -6.47 -8.599 -9.724 -10.495 -7.445 -8.769 -9.802 -10.418 -10.877 -8.922 -7.684 -9.236 -11.406 -11.726 -11.787 -9.382
9.114017 -5.31 -0.112 -1.078 -2.78 -5.567 -7.569 -5.685 -3.277 -5.698 -7.688 -9.273 -10.35 -3.055 -6.418 -8.546 -9.671 -10.442 -7.392 -8.716 -9.75 -10.365 -10.825 -8.869 -7.631 -9.183 -11.353 -11.673 -11.734 -9.33
9.389664 -5.257 -0.059 -1.025 -2.728 -5.515 -7.517 -5.632 -3.225 -5.646 -7.635 -9.22 -10.297 -3.002 -6.365 -8.494 -9.618 -10.389 -7.34 -8.663 -9.697 -10.313 -10.772 -8.817 -7.578 -9.13 -11.3 -11.621 -11.681 -9.277
9.673648 -5.205 -0.006 -0.972 -2.675 -5.462 -7.464 -5.579 -3.172 -5.593 -7.582 -9.167 -10.244 -2.949 -6.312 -8.441 -9.565 -10.336 -7.287 -8.61 -9.644 -10.26 -10.719 -8.764 -7.525 -9.077 -11.248 -11.568 -11.628 -9.224
9.966221 -5.152 0.047 -0.919 -2.622 -5.409 -7.411 -5.527 -3.119 -5.54 -7.53 -9.114 -10.191 -2.896 -6.259 -8.388 -9.513 -10.284 -7.234 -8.557 -9.591 -10.207 -10.666 -8.711 -7.473 -9.025 -11.195 -11.515 -11.576 -9.171
10.267642 -5.099 0.099 -0.867 -2.569 -5.356 -7.358 -5.474 -3.066 -5.487 -7.477 -9.062 -10.138 -2.844 -6.207 -8.335 -9.46 -10.231 -7.181 -8.505 -9.539 -10.154 -10.613 -8.658 -7.42 -8.972 -11.142 -11.462 -11.523 -9.118
10.57818 -5.046 0.152 -0.814 -2.517 -5.303 -7.306 -5.421 -3.013 -5.434 -7.424 -9.009 -10.086 -2.791 -6.154 -8.283 -9.407 -10.178 -7.128 -8.452 -9.486 -10.101 -10.561 -8.606 -7.367 -8.919 -11.089 -11.409 -11.47 -9.066
10.89811 -4.994 0.205 -0.761 -2.464 -5.251 -7.253 -5.368 -2.961 -5.382 -7.371 -8.956 -10.033 -2.738 -6.101 -8.23 -9.354 -10.125 -7.076 -8.399 -9.433 -10.049 -10.508 -8.553 -7.314 -8.866 -11.036 -11.357 -11.417 -9.013
11.227716 -4.941 0.258 -0.708 -2.411 -5.198 -7.2 -5.315 -2.908 -5.329 -7.318 -8.903 -9.98 -2.685 -6.048 -8.177 -9.302 -10.072 -7.023 -8.346 -9.38 -9.996 -10.455 -8.5 -7.261 -8.814 -10.984 -11.304 -11.364 -8.96
11.56729 -4.888 0.311 -0.655 -2.358 -5.145 -7.147 -5.263 -2.855 -5.276 -7.265 -8.85 -9.927 -2.632 -5.995 -8.124 -9.249 -10.02 -6.97 -8.293 -9.327 -9.943 -10.402 -8.447 -7.209 -8.761 -10.931 -11.251 -11.312 -8.907
11.917135 -4.835 0.364 -0.602 -2.305 -5.092 -7.094 -5.21 -2.802 -5.223 -7.213 -8.797 -9.874 -2.579 -5.942 -8.071 -9.196 -9.967 -6.917 -8.24 -9.274 -9.89 -10.349 -8.394 -7.156 -8.708 -10.878 -11.198 -11.259 -8.854
12.277561 -4.782 0.417 -0.549 -2.252 -5.039 -7.041 -5.157 -2.749 -5.17 -7.16 -8.744 -9.821 -2.526 -5.889 -8.018 -9.143 -9.914 -6.864 -8.187 -9.221 -9.837 -10.296 -8.341 -7.103 -8.655 -10.825 -11.145 -11.206 -8.801
12.648887 -4.729 0.47 -0.496 -2.199 -4.986 -6.988 -5.104 -2.696 -5.117 -7.107 -8.691 -9.768 -2.473 -5.836 -7.965 -9.09 -9.861 -6.811 -8.134 -9.168 -9.784 -10.243 -8.288 -7.05 -8.602 -10.772 -11.092 -11.153 -8.748
13.031444 -4.676 0.523 -0.443 -2.146 -4.933 -6.935 -5.051 -2.643 -5.064 -7.053 -8.638 -9.715 -2.42 -5.783 -7.912 -9.037 -9.808 -6.758 -8.081 -9.115 -9.731 -10.19 -8.235 -6.997 -8.549 -10.719 -11.039 -11.1 -8.695
13.425571 -4.623 0.576 -0.39 -2.093 -4.88 -6.882 -4.997 -2.59 -5.011 -7.0 -8.585 -9.662 -2.367 -5.73 -7.859 -8.984 -9.754 -6.705 -8.028 -9.062 -9.678 -10.137 -8.182 -6.943 -8.496 -10.666 -10.986 -11.046 -8.642
13.831619 -4.569 0.629 -0.337 -2.04 -4.827 -6.829 -4.944 -2.537 -4.958 -6.947 -8.532 -9.609 -2.314 -5.677 -7.806 -8.93 -9.701 -6.652 -7.975 -9.009 -9.625 -10.084 -8.129 -6.89 -8.442 -10.612 -10.933 -10.993 -8.589
14.249947 -4.516 0.682 -0.284 -1.986 -4.773 -6.775 -4.891 -2.483 -4.904 -6.894 -8.479 -9.556 -2.261 -5.624 -7.752 -8.877 -9.648 -6.598 -7.922 -8.956 -9.571 -10.03 -8.075 -6.837 -8.389 -10.559 -10.879 -10.94 -8.535
14.680926 -4.463 0.736 -0.23 -1.933 -4.72 -6.722 -4.838 -2.43 -4.851 -6.84 -8.425 -9.502 -2.207 -5.57 -7.699 -8.824 -9.594 -6.545 -7.868 -8.902 -9.518 -9.977 -8.022 -6.784 -8.336 -10.506 -10.826 -10.887 -8.482
15.124941 -4.409 0.789 -0.177 -1.88 -4.666 -6.669 -4.784 -2.376 -4.797 -6.787 -8.372 -9.449 -2.154 -5.517 -7.645 -8.77 -9.541 -6.491 -7.815 -8.849 -9.464 -9.924 -7.968 -6.73 -8.282 -10.452 -10.772 -10.833 -8.429
15.582385 -4.356 0.843 -0.123 -1.826 -4.613 -6.615 -4.731 -2.323 -4.744 -6.733 -8.318 -9.395 -2.1 -5.463 -7.592 -8.717 -9.487 -6.438 -7.761 -8.795 -9.411 -9.87 -7.915 -6.677 -8.229 -10.399 -10.719 -10.78 -8.375
16.053663 -4.302 0.896 -0.07 -1.772 -4.559 -6.561 -4.677 -2.269 -4.69 -6.68 -8.265 -9.342 -2.047 -5.41 -7.538 -8.663 -9.434 -6.384 -7.708 -8.742 -9.357 -9.816 -7.861 -6.623 -8.175 -10.345 -10.665 -10.726 -8.321
16.539195 -4.248 0.95 -0.016 -1.719 -4.506 -6.508 -4.623 -2.216 -4.637 -6.626 -8.211 -9.288 -1.993 -5.356 -7.485 -8.609 -9.38 -6.331 -7.654 -8.688 -9.304 -9.763 -7.808 -6.569 -8.121 -10.291 -10.612 -10.672 -8.268
17.039412 -4.195 1.004 0.038 -1.665 -4.452 -6.454 -4.569 -2.162 -4.583 -6.572 -8.157 -9.234 -1.939 -5.302 -7.431 -8.555 -9.326 -6.277 -7.6 -8.634 -9.25 -9.709 -7.754 -6.515 -8.067 -10.238 -10.558 -10.618 -8.214
17.554757 -4.141 1.058 0.092 -1.611 -4.398 -6.4 -4.516 -2.108 -4.529 -6.518 -8.103 -9.18 -1.885 -5.248 -7.377 -8.502 -9.272 -6.223 -7.546 -8.58 -9.196 -9.655 -7.7 -6.462 -8.014 -10.184 -10.504 -10.565 -8.16
18.085689 -4.087 1.112 0.146 -1.557 -4.344 -6.346 -4.462 -2.054 -4.475 -6.464 -8.049 -9.126 -1.831 -5.194 -7.323 -8.448 -9.218 -6.169 -7.492 -8.526 -9.142 -9.601 -7.646 -6.408 -7.96 -10.13 -10.45 -10.511 -8.106
18.632678 -4.033 1.166 0.2 -1.503 -4.29 -6.292 -4.408 -2.0 -4.421 -6.41 -7.995 -9.072 -1.777 -5.14 -7.269 -8.394 -9.164 -6.115 -7.438 -8.472 -9.088 -9.547 -7.592 -6.354 -7.906 -10.076 -10.396 -10.456 -8.052
19.196211 -3.979 1.22 0.254 -1.449 -4.236 -6.238 -4.353 -1.946 -4.367 -6.356 -7.941 -9.018 -1.723 -5.086 -7.215 -8.339 -9.11 -6.061 -7.384 -8.418 -9.034 -9.493 -7.538 -6.299 -7.851 -10.021 -10.342 -10.402 -7.998
19.776787 -3.924 1.274 0.308 -1.395 -4.181 -6.184 -4.299 -1.891 -4.312 -6.302 -7.887 -8.964 -1.669 -5.032 -7.161 -8.285 -9.056 -6.006 -7.33 -8.364 -8.979 -9.439 -7.484 -6.245 -7.797 -9.967 -10.288 -10.348 -7.944
20.374923 -3.87 1.328 0.363 -1.34 -4.127 -6.129 -4.245 -1.837 -4.258 -6.248 -7.833 -8.909 -1.614 -4.977 -7.106 -8.231 -9.002 -5.952 -7.276 -8.309 -8.925 -9.384 -7.429 -6.191 -7.743 -9.913 -10.233 -10.294 -7.889
20.991149 -3.816 1.383 0.417 -1.286 -4.073 -6.075 -4.19 -1.783 -4.204 -6.193 -7.778 -8.855 -1.56 -4.923 -7.052 -8.176 -8.947 -5.898 -7.221 -8.255 -8.871 -9.33 -7.375 -6.136 -7.688 -9.859 -10.179 -10.239 -7.835
21.626011 -3.761 1.437 0.471 -1.231 -4.018 -6.02 -4.136 -1.728 -4.149 -6.139 -7.724 -8.801 -1.506 -4.869 -6.997 -8.122 -8.893 -5.843 -7.167 -8.201 -8.816 -9.275 -7.32 -6.082 -7.634 -9.804 -10.124 -10.185 -7.78
22.280075 -3.707 1.492 0.526 -1.177 -3.964 -5.966 -4.081 -1.674 -4.095 -6.084 -7.669 -8.746 -1.451 -4.814 -6.943 -8.067 -8.838 -5.789 -7.112 -8.146 -8.762 -9.221 -7.266 -6.027 -7.579 -9.749 -10.07 -10.13 -7.726
22.953921 -3.652 1.547 0.581 -1.122 -3.909 -5.911 -4.027 -1.619 -4.04 -6.03 -7.614 -8.691 -1.396 -4.759 -6.888 -8.013 -8.784 -5.734 -7.057 -8.091 -8.707 -9.166 -7.211 -5.973 -7.525 -9.695 -10.015 -10.076 -7.671
23.648147 -3.597 1.601 0.635 -1.067 -3.854 -5.856 -3.972 -1.564 -3.985 -5.975 -7.56 -8.637 -1.342 -4.705 -6.833 -7.958 -8.729 -5.679 -7.003 -8.037 -8.652 -9.111 -7.156 -5.918 -7.47 -9.64 -9.96 -10.021 -7.616
24.363369 -3.542 1.656 0.69 -1.013 -3.799 -5.802 -3.917 -1.509 -3.93 -5.92 -7.505 -8.582 -1.287 -4.65 -6.778 -7.903 -8.674 -5.624 -6.948 -7.982 -8.597 -9.057 -7.101 -5.863 -7.415 -9.585 -9.905 -9.966 -7.562
25.100222 -3.487 1.711 0.745 -0.958 -3.744 -5.747 -3.862 -1.454 -3.875 -5.865 -7.45 -8.527 -1.232 -4.595 -6.724 -7.848 -8.619 -5.569 -6.893 -7.927 -8.543 -9.002 -7.047 -5.808 -7.36 -9.53 -9.851 -9.911 -7.507
25.859362 -3.432 1.766 0.8 -0.903 -3.689 -5.692 -3.807 -1.399 -3.82 -5.81 -7.395 -8.472 -1.177 -4.54 -6.669 -7.793 -8.564 -5.514 -6.838 -7.872 -8.488 -8.947 -6.992 -5.753 -7.305 -9.475 -9.796 -9.856 -7.452
26.64146 -3.377 1.821 0.855 -0.848 -3.634 -5.637 -3.752 -1.344 -3.765 -5.755 -7.34 -8.417 -1.122 -4.485 -6.613 -7.738 -8.509 -5.459 -6.783 -7.817 -8.432 -8.892 -6.936 -5.698 -7.25 -9.42 -9.74 -9.801 -7.397
27.447213 -3.322 1.876 0.91 -0.792 -3.579 -5.581 -3.697 -1.289 -3.71 -5.7 -7.285 -8.361 -1.066 -4.43 -6.558 -7.683 -8.454 -5.404 -6.728 -7.762 -8.377 -8.836 -6.881 -5.643 -7.195 -9.365 -9.685 -9.746 -7.341
28.277335 -3.267 1.932 0.966 -0.737 -3.524 -5.526 -3.642 -1.234 -3.655 -5.645 -7.229 -8.306 -1.011 -4.374 -6.503 -7.628 -8.399 -5.349 -6.672 -7.706 -8.322 -8.781 -6.826 -5.588 -7.14 -9.31 -9.63 -9.691 -7.286
29.132564 -3.211 1.987 1.021 -0.682 -3.469 -5.471 -3.586 -1.179 -3.6 -5.589 -7.174 -8.251 -0.956 -4.319 -6.448 -7.572 -8.343 -5.294 -6.617 -7.651 -8.267 -8.726 -6.771 -5.532 -7.084 -9.254 -9.575 -9.635 -7.231
30.013659 -3.156 2.042 1.076 -0.626 -3.413 -5.415 -3.531 -1.123 -3.544 -5.534 -7.119 -8.195 -0.9 -4.263 -6.392 -7.517 -8.288 -5.238 -6.562 -7.596 -8.211 -8.67 -6.715 -5.477 -7.029 -9.199 -9.519 -9.58 -7.175
30.921401 -3.101 2.098 1.132 -0.571 -3.358 -5.36 -3.475 -1.068 -3.489 -5.478 -7.063 -8.14 -0.845 -4.208 -6.337 -7.461 -8.232 -5.183 -6.506 -7.54 -8.156 -8.615 -6.66 -5.421 -6.973 -9.143 -9.464 -9.524 -7.12
31.856598 -3.045 2.153 1.188 -0.515 -3.302 -5.304 -3.42 -1.012 -3.433 -5.423 -7.008 -8.084 -0.789 -4.152 -6.281 -7.406 -8.177 -5.127 -6.451 -7.484 -8.1 -8.559 -6.604 -5.366 -6.918 -9.088 -9.408 -9.469 -7.064
