web/models/kne.last_good/kappa_0.5_3.0.v1/36/villar_0.4064_0.4843_0.5000.dat
# %ECSV 1.0
# ---
# datatype:
# - {name: time, datatype: float64}
# - {name: swift_uvot_uvw2, datatype: float64}
# - {name: swift_uvot_uvm2, datatype: float64}
# - {name: swift_uvot_uvw1, datatype: float64}
# - {name: swift_uvot_U, datatype: float64}
# - {name: swift_uvot_B, datatype: float64}
# - {name: swift_uvot_V, datatype: float64}
# - {name: swift_uvot_W, datatype: float64}
# - {name: johnson_U, datatype: float64}
# - {name: johnson_B, datatype: float64}
# - {name: johnson_V, datatype: float64}
# - {name: johnson_R, datatype: float64}
# - {name: johnson_I, datatype: float64}
# - {name: sdss_u, datatype: float64}
# - {name: sdss_g, datatype: float64}
# - {name: sdss_r, datatype: float64}
# - {name: sdss_i, datatype: float64}
# - {name: sdss_z, datatype: float64}
# - {name: PS1_g, datatype: float64}
# - {name: PS1_r, datatype: float64}
# - {name: PS1_i, datatype: float64}
# - {name: PS1_z, datatype: float64}
# - {name: PS1_Y, datatype: float64}
# - {name: PS1_w, datatype: float64}
# - {name: ATLAS_c, datatype: float64}
# - {name: ATLAS_o, datatype: float64}
# - {name: ukirt_J, datatype: float64}
# - {name: ukirt_H, datatype: float64}
# - {name: ukirt_K, datatype: float64}
# - {name: Clear, datatype: float64}
# meta: !!omap
# - comment: [kappa = 0.5, type = villar, mass = 0.4064473885499596, velocity = 0.48433333333333334, theta_obs = 0.0]
# schema: astropy-2.0
time swift_uvot_uvw2 swift_uvot_uvm2 swift_uvot_uvw1 swift_uvot_U swift_uvot_B swift_uvot_V swift_uvot_W johnson_U johnson_B johnson_V johnson_R johnson_I sdss_u sdss_g sdss_r sdss_i sdss_z PS1_g PS1_r PS1_i PS1_z PS1_Y PS1_w ATLAS_c ATLAS_o ukirt_J ukirt_H ukirt_K Clear
[from data line 142]
0.068788 -14.534 -14.624 -14.668 -14.677 -14.527 -14.3 -14.576 -14.659 -14.524 -14.291 -14.007 -13.651 -14.665 -14.457 -14.141 -13.871 -13.598 -14.443 -14.157 -13.888 -13.689 -13.614 -14.164 -14.335 -14.029 -13.018 -12.523 -11.935 -14.207
0.070868 -14.556 -14.65 -14.697 -14.715 -14.569 -14.344 -14.608 -14.698 -14.565 -14.336 -14.054 -13.699 -14.703 -14.5 -14.187 -13.919 -13.647 -14.486 -14.202 -13.935 -13.738 -13.662 -14.209 -14.379 -14.075 -13.069 -12.575 -11.987 -14.252
0.073012 -14.578 -14.676 -14.727 -14.752 -14.61 -14.389 -14.64 -14.736 -14.607 -14.38 -14.101 -13.748 -14.741 -14.543 -14.233 -13.966 -13.696 -14.529 -14.248 -13.983 -13.786 -13.709 -14.255 -14.423 -14.122 -13.119 -12.626 -12.039 -14.296
0.07522 -14.599 -14.701 -14.756 -14.789 -14.652 -14.433 -14.672 -14.774 -14.648 -14.425 -14.147 -13.796 -14.779 -14.585 -14.279 -14.014 -13.745 -14.572 -14.294 -14.03 -13.834 -13.756 -14.3 -14.467 -14.168 -13.17 -12.678 -12.092 -14.341
0.077495 -14.619 -14.726 -14.785 -14.826 -14.693 -14.478 -14.704 -14.812 -14.69 -14.469 -14.194 -13.845 -14.817 -14.627 -14.325 -14.061 -13.793 -14.614 -14.339 -14.077 -13.881 -13.804 -14.345 -14.511 -14.215 -13.22 -12.729 -12.144 -14.385
0.079839 -14.64 -14.751 -14.814 -14.863 -14.734 -14.522 -14.735 -14.849 -14.731 -14.514 -14.24 -13.893 -14.854 -14.67 -14.37 -14.109 -13.842 -14.657 -14.385 -14.124 -13.929 -13.851 -14.389 -14.554 -14.261 -13.271 -12.78 -12.196 -14.429
0.082253 -14.66 -14.775 -14.842 -14.9 -14.775 -14.566 -14.767 -14.887 -14.772 -14.558 -14.287 -13.942 -14.892 -14.712 -14.416 -14.156 -13.89 -14.699 -14.43 -14.171 -13.977 -13.898 -14.434 -14.598 -14.307 -13.321 -12.832 -12.248 -14.473
0.084741 -14.679 -14.799 -14.87 -14.936 -14.816 -14.61 -14.798 -14.924 -14.812 -14.602 -14.333 -13.99 -14.929 -14.753 -14.461 -14.203 -13.939 -14.741 -14.475 -14.218 -14.025 -13.946 -14.479 -14.641 -14.353 -13.372 -12.883 -12.3 -14.517
0.087304 -14.698 -14.822 -14.898 -14.972 -14.856 -14.654 -14.828 -14.961 -14.853 -14.646 -14.379 -14.038 -14.966 -14.795 -14.506 -14.25 -13.987 -14.783 -14.52 -14.265 -14.072 -13.993 -14.523 -14.684 -14.399 -13.422 -12.934 -12.353 -14.561
0.089944 -14.717 -14.845 -14.925 -15.008 -14.896 -14.697 -14.859 -14.998 -14.893 -14.689 -14.425 -14.086 -15.002 -14.836 -14.552 -14.297 -14.036 -14.825 -14.565 -14.311 -14.12 -14.04 -14.568 -14.727 -14.445 -13.472 -12.986 -12.405 -14.604
0.092665 -14.735 -14.868 -14.952 -15.044 -14.937 -14.741 -14.889 -15.034 -14.933 -14.733 -14.471 -14.134 -15.038 -14.878 -14.597 -14.344 -14.084 -14.867 -14.61 -14.358 -14.167 -14.087 -14.612 -14.77 -14.491 -13.522 -13.037 -12.457 -14.648
0.095467 -14.753 -14.89 -14.979 -15.079 -14.977 -14.784 -14.919 -15.07 -14.973 -14.776 -14.517 -14.182 -15.074 -14.919 -14.641 -14.391 -14.132 -14.908 -14.654 -14.405 -14.215 -14.134 -14.656 -14.813 -14.537 -13.572 -13.088 -12.509 -14.691
0.098355 -14.771 -14.912 -15.005 -15.115 -15.016 -14.828 -14.949 -15.106 -15.013 -14.819 -14.562 -14.229 -15.11 -14.96 -14.686 -14.437 -14.18 -14.949 -14.699 -14.451 -14.262 -14.181 -14.7 -14.855 -14.582 -13.622 -13.139 -12.561 -14.735
0.101329 -14.788 -14.934 -15.031 -15.149 -15.056 -14.871 -14.979 -15.142 -15.053 -14.863 -14.608 -14.277 -15.146 -15.001 -14.731 -14.484 -14.228 -14.99 -14.743 -14.497 -14.309 -14.228 -14.744 -14.897 -14.627 -13.672 -13.19 -12.613 -14.778
0.104394 -14.804 -14.955 -15.057 -15.184 -15.095 -14.914 -15.008 -15.177 -15.092 -14.906 -14.653 -14.325 -15.181 -15.041 -14.775 -14.53 -14.276 -15.031 -14.788 -14.544 -14.356 -14.275 -14.787 -14.94 -14.673 -13.722 -13.241 -12.665 -14.821
0.107551 -14.821 -14.975 -15.082 -15.218 -15.134 -14.956 -15.037 -15.213 -15.131 -14.948 -14.699 -14.372 -15.216 -15.082 -14.82 -14.577 -14.324 -15.072 -14.832 -14.59 -14.403 -14.322 -14.831 -14.982 -14.718 -13.772 -13.292 -12.716 -14.864
0.110804 -14.836 -14.995 -15.107 -15.253 -15.173 -14.999 -15.066 -15.247 -15.17 -14.991 -14.744 -14.419 -15.251 -15.122 -14.864 -14.623 -14.371 -15.113 -14.876 -14.636 -14.45 -14.369 -14.874 -15.024 -14.763 -13.822 -13.343 -12.768 -14.906
0.114155 -14.852 -15.015 -15.132 -15.286 -15.212 -15.041 -15.095 -15.282 -15.209 -15.034 -14.789 -14.467 -15.286 -15.162 -14.908 -14.669 -14.419 -15.153 -14.92 -14.682 -14.497 -14.416 -14.918 -15.065 -14.808 -13.871 -13.394 -12.82 -14.949
0.117608 -14.866 -15.034 -15.156 -15.32 -15.251 -15.084 -15.123 -15.317 -15.248 -15.076 -14.834 -14.514 -15.32 -15.202 -14.952 -14.715 -14.466 -15.193 -14.964 -14.727 -14.544 -14.462 -14.961 -15.107 -14.853 -13.921 -13.445 -12.872 -14.991
0.121165 -14.881 -15.053 -15.18 -15.353 -15.289 -15.126 -15.151 -15.351 -15.286 -15.118 -14.879 -14.561 -15.354 -15.241 -14.996 -14.761 -14.514 -15.233 -15.007 -14.773 -14.591 -14.509 -15.004 -15.148 -14.897 -13.971 -13.495 -12.923 -15.033
0.124829 -14.895 -15.072 -15.203 -15.386 -15.327 -15.168 -15.179 -15.385 -15.324 -15.16 -14.923 -14.608 -15.388 -15.281 -15.039 -14.807 -14.561 -15.273 -15.051 -14.819 -14.637 -14.555 -15.047 -15.189 -14.942 -14.02 -13.546 -12.975 -15.075
0.128605 -14.908 -15.09 -15.226 -15.419 -15.365 -15.21 -15.206 -15.418 -15.362 -15.202 -14.968 -14.655 -15.421 -15.32 -15.083 -14.853 -14.608 -15.313 -15.094 -14.864 -14.684 -14.602 -15.089 -15.23 -14.986 -14.07 -13.597 -13.027 -15.117
0.132494 -14.921 -15.107 -15.249 -15.451 -15.403 -15.251 -15.234 -15.452 -15.4 -15.244 -15.012 -14.702 -15.454 -15.359 -15.126 -14.898 -14.656 -15.353 -15.137 -14.91 -14.73 -14.648 -15.132 -15.271 -15.03 -14.119 -13.647 -13.078 -15.159
0.136502 -14.933 -15.124 -15.271 -15.484 -15.44 -15.293 -15.261 -15.485 -15.437 -15.285 -15.057 -14.748 -15.487 -15.398 -15.169 -14.944 -14.703 -15.392 -15.18 -14.955 -14.777 -14.695 -15.174 -15.312 -15.074 -14.168 -13.698 -13.13 -15.201
0.14063 -14.945 -15.14 -15.293 -15.515 -15.477 -15.334 -15.288 -15.517 -15.475 -15.327 -15.101 -14.795 -15.52 -15.437 -15.212 -14.989 -14.75 -15.431 -15.223 -15.0 -14.823 -14.741 -15.216 -15.352 -15.118 -14.218 -13.748 -13.181 -15.242
0.144883 -14.957 -15.156 -15.314 -15.547 -15.514 -15.375 -15.314 -15.55 -15.512 -15.368 -15.145 -14.841 -15.552 -15.475 -15.255 -15.034 -14.796 -15.47 -15.266 -15.045 -14.869 -14.787 -15.258 -15.393 -15.162 -14.267 -13.799 -13.233 -15.283
0.149265 -14.968 -15.172 -15.335 -15.578 -15.551 -15.416 -15.341 -15.582 -15.548 -15.409 -15.189 -14.888 -15.584 -15.513 -15.298 -15.079 -14.843 -15.508 -15.309 -15.09 -14.915 -14.833 -15.3 -15.433 -15.206 -14.316 -13.849 -13.284 -15.324
0.15378 -14.978 -15.187 -15.356 -15.609 -15.588 -15.457 -15.367 -15.614 -15.585 -15.449 -15.232 -14.934 -15.616 -15.551 -15.341 -15.124 -14.89 -15.547 -15.351 -15.135 -14.961 -14.879 -15.342 -15.473 -15.249 -14.365 -13.899 -13.336 -15.365
0.15843 -14.988 -15.201 -15.376 -15.64 -15.624 -15.497 -15.392 -15.646 -15.621 -15.49 -15.276 -14.98 -15.647 -15.589 -15.383 -15.169 -14.936 -15.585 -15.393 -15.179 -15.007 -14.925 -15.384 -15.512 -15.293 -14.414 -13.95 -13.387 -15.406
0.163222 -14.997 -15.215 -15.396 -15.67 -15.66 -15.538 -15.418 -15.677 -15.657 -15.531 -15.319 -15.026 -15.678 -15.627 -15.425 -15.214 -14.983 -15.623 -15.436 -15.224 -15.053 -14.971 -15.425 -15.552 -15.336 -14.463 -14.0 -13.438 -15.447
0.168159 -15.006 -15.229 -15.415 -15.7 -15.696 -15.578 -15.443 -15.708 -15.693 -15.571 -15.363 -15.072 -15.709 -15.664 -15.468 -15.258 -15.029 -15.661 -15.478 -15.268 -15.099 -15.017 -15.466 -15.591 -15.379 -14.512 -14.05 -13.49 -15.487
0.173245 -15.015 -15.242 -15.434 -15.729 -15.731 -15.618 -15.468 -15.738 -15.729 -15.611 -15.406 -15.118 -15.74 -15.701 -15.509 -15.303 -15.075 -15.699 -15.519 -15.313 -15.144 -15.063 -15.507 -15.63 -15.422 -14.56 -14.1 -13.541 -15.527
0.178484 -15.022 -15.254 -15.453 -15.759 -15.767 -15.657 -15.493 -15.769 -15.764 -15.651 -15.449 -15.164 -15.77 -15.738 -15.551 -15.347 -15.121 -15.736 -15.561 -15.357 -15.19 -15.108 -15.548 -15.669 -15.465 -14.609 -14.15 -13.592 -15.567
0.183882 -15.03 -15.266 -15.471 -15.788 -15.802 -15.697 -15.517 -15.799 -15.799 -15.69 -15.492 -15.209 -15.799 -15.774 -15.593 -15.391 -15.167 -15.773 -15.602 -15.401 -15.235 -15.154 -15.589 -15.708 -15.508 -14.657 -14.2 -13.643 -15.607
0.189444 -15.036 -15.277 -15.488 -15.816 -15.836 -15.736 -15.541 -15.828 -15.834 -15.73 -15.534 -15.255 -15.829 -15.811 -15.634 -15.435 -15.213 -15.81 -15.644 -15.445 -15.28 -15.199 -15.629 -15.746 -15.55 -14.706 -14.25 -13.694 -15.647
0.195173 -15.043 -15.288 -15.505 -15.844 -15.871 -15.775 -15.565 -15.858 -15.868 -15.769 -15.577 -15.3 -15.858 -15.847 -15.675 -15.479 -15.259 -15.847 -15.685 -15.488 -15.325 -15.245 -15.67 -15.785 -15.592 -14.754 -14.3 -13.745 -15.686
0.201076 -15.048 -15.298 -15.522 -15.872 -15.905 -15.814 -15.588 -15.887 -15.902 -15.808 -15.619 -15.345 -15.887 -15.883 -15.716 -15.523 -15.305 -15.883 -15.726 -15.532 -15.37 -15.29 -15.71 -15.823 -15.634 -14.803 -14.35 -13.796 -15.726
0.207158 -15.053 -15.307 -15.538 -15.9 -15.939 -15.853 -15.611 -15.915 -15.936 -15.847 -15.661 -15.39 -15.915 -15.918 -15.757 -15.566 -15.35 -15.919 -15.767 -15.575 -15.415 -15.335 -15.75 -15.861 -15.676 -14.851 -14.399 -13.847 -15.765
0.213423 -15.057 -15.316 -15.554 -15.927 -15.972 -15.892 -15.634 -15.943 -15.97 -15.885 -15.703 -15.435 -15.943 -15.954 -15.798 -15.61 -15.395 -15.955 -15.807 -15.619 -15.46 -15.38 -15.789 -15.898 -15.718 -14.899 -14.449 -13.898 -15.804
0.219878 -15.061 -15.325 -15.569 -15.953 -16.006 -15.93 -15.657 -15.971 -16.003 -15.924 -15.745 -15.48 -15.971 -15.989 -15.838 -15.653 -15.441 -15.991 -15.847 -15.662 -15.504 -15.425 -15.829 -15.935 -15.76 -14.947 -14.499 -13.949 -15.842
0.226528 -15.064 -15.332 -15.583 -15.98 -16.039 -15.968 -15.679 -15.999 -16.036 -15.962 -15.787 -15.525 -15.998 -16.024 -15.879 -15.696 -15.486 -16.026 -15.888 -15.705 -15.549 -15.47 -15.868 -15.973 -15.801 -14.995 -14.548 -13.999 -15.881
0.233379 -15.067 -15.339 -15.598 -16.006 -16.071 -16.006 -15.701 -16.026 -16.069 -16.0 -15.828 -15.569 -16.025 -16.058 -15.919 -15.739 -15.531 -16.062 -15.928 -15.747 -15.593 -15.515 -15.908 -16.009 -15.842 -15.043 -14.597 -14.05 -15.919
0.240437 -15.069 -15.346 -15.611 -16.031 -16.104 -16.043 -15.723 -16.053 -16.102 -16.037 -15.869 -15.614 -16.051 -16.092 -15.959 -15.782 -15.576 -16.096 -15.967 -15.79 -15.637 -15.559 -15.946 -16.046 -15.884 -15.091 -14.647 -14.101 -15.957
0.247709 -15.07 -15.352 -15.624 -16.056 -16.136 -16.08 -15.744 -16.079 -16.134 -16.075 -15.911 -15.658 -16.077 -16.126 -15.998 -15.824 -15.62 -16.131 -16.007 -15.833 -15.682 -15.604 -15.985 -16.082 -15.924 -15.138 -14.696 -14.151 -15.995
0.255201 -15.071 -15.357 -15.637 -16.081 -16.168 -16.118 -15.765 -16.105 -16.166 -16.112 -15.951 -15.702 -16.103 -16.16 -16.038 -15.867 -15.665 -16.165 -16.046 -15.875 -15.725 -15.648 -16.024 -16.119 -15.965 -15.186 -14.745 -14.202 -16.032
0.262919 -15.071 -15.361 -15.649 -16.105 -16.199 -16.154 -15.786 -16.13 -16.197 -16.149 -15.992 -15.746 -16.128 -16.193 -16.077 -15.909 -15.709 -16.199 -16.085 -15.917 -15.769 -15.693 -16.062 -16.154 -16.006 -15.233 -14.794 -14.252 -16.07
0.270871 -15.071 -15.365 -15.66 -16.129 -16.23 -16.191 -15.807 -16.156 -16.228 -16.185 -16.033 -15.79 -16.153 -16.226 -16.116 -15.951 -15.753 -16.233 -16.124 -15.959 -15.813 -15.737 -16.1 -16.19 -16.046 -15.281 -14.843 -14.303 -16.107
0.279064 -15.069 -15.368 -15.671 -16.152 -16.261 -16.227 -15.827 -16.18 -16.259 -16.222 -16.073 -15.834 -16.178 -16.259 -16.155 -15.993 -15.798 -16.267 -16.163 -16.001 -15.856 -15.781 -16.138 -16.225 -16.086 -15.328 -14.892 -14.353 -16.144
0.287504 -15.067 -15.371 -15.681 -16.175 -16.291 -16.263 -15.846 -16.204 -16.289 -16.258 -16.113 -15.877 -16.202 -16.291 -16.193 -16.034 -15.842 -16.3 -16.202 -16.043 -15.9 -15.825 -16.175 -16.26 -16.126 -15.375 -14.941 -14.403 -16.181
0.296199 -15.065 -15.372 -15.691 -16.198 -16.321 -16.299 -15.866 -16.228 -16.32 -16.294 -16.153 -15.92 -16.225 -16.323 -16.232 -16.076 -15.885 -16.333 -16.24 -16.084 -15.943 -15.869 -16.213 -16.295 -16.165 -15.422 -14.99 -14.453 -16.217
0.305157 -15.062 -15.373 -15.7 -16.22 -16.351 -16.334 -15.885 -16.252 -16.349 -16.329 -16.193 -15.964 -16.248 -16.355 -16.27 -16.117 -15.929 -16.365 -16.278 -16.125 -15.986 -15.913 -16.25 -16.33 -16.205 -15.469 -15.039 -14.503 -16.253
0.314387 -15.058 -15.374 -15.709 -16.241 -16.38 -16.37 -15.904 -16.275 -16.379 -16.365 -16.232 -16.007 -16.271 -16.387 -16.307 -16.158 -15.972 -16.397 -16.316 -16.166 -16.029 -15.956 -16.287 -16.364 -16.244 -15.516 -15.087 -14.553 -16.289
0.323895 -15.053 -15.373 -15.717 -16.262 -16.409 -16.404 -15.922 -16.297 -16.408 -16.4 -16.271 -16.049 -16.293 -16.418 -16.345 -16.199 -16.016 -16.429 -16.353 -16.207 -16.072 -16.0 -16.323 -16.398 -16.283 -15.563 -15.136 -14.603 -16.325
0.333691 -15.048 -15.372 -15.724 -16.283 -16.438 -16.439 -15.94 -16.319 -16.436 -16.434 -16.31 -16.092 -16.315 -16.448 -16.382 -16.24 -16.059 -16.461 -16.39 -16.248 -16.114 -16.043 -16.36 -16.431 -16.322 -15.609 -15.184 -14.653 -16.36
0.343783 -15.042 -15.37 -15.731 -16.303 -16.466 -16.473 -15.958 -16.34 -16.465 -16.469 -16.349 -16.134 -16.336 -16.479 -16.419 -16.281 -16.102 -16.492 -16.427 -16.288 -16.157 -16.086 -16.396 -16.464 -16.36 -15.656 -15.233 -14.703 -16.395
0.354181 -15.035 -15.367 -15.737 -16.323 -16.494 -16.507 -15.975 -16.361 -16.492 -16.503 -16.388 -16.177 -16.356 -16.509 -16.456 -16.321 -16.145 -16.523 -16.464 -16.329 -16.199 -16.129 -16.432 -16.497 -16.398 -15.702 -15.281 -14.753 -16.43
0.364893 -15.027 -15.363 -15.742 -16.342 -16.521 -16.541 -15.992 -16.382 -16.52 -16.537 -16.426 -16.219 -16.376 -16.538 -16.493 -16.361 -16.187 -16.553 -16.501 -16.369 -16.241 -16.172 -16.467 -16.53 -16.436 -15.748 -15.329 -14.803 -16.465
0.375929 -15.019 -15.359 -15.747 -16.36 -16.548 -16.574 -16.008 -16.402 -16.547 -16.57 -16.464 -16.261 -16.396 -16.568 -16.529 -16.401 -16.23 -16.583 -16.537 -16.408 -16.283 -16.215 -16.502 -16.562 -16.474 -15.794 -15.377 -14.852 -16.499
0.387298 -15.01 -15.354 -15.751 -16.378 -16.575 -16.607 -16.024 -16.421 -16.573 -16.603 -16.502 -16.302 -16.415 -16.596 -16.565 -16.44 -16.272 -16.613 -16.573 -16.448 -16.324 -16.257 -16.537 -16.594 -16.512 -15.84 -15.425 -14.902 -16.533
0.399012 -15.0 -15.347 -15.754 -16.395 -16.601 -16.64 -16.04 -16.44 -16.6 -16.636 -16.539 -16.344 -16.434 -16.625 -16.6 -16.48 -16.314 -16.642 -16.608 -16.487 -16.366 -16.299 -16.572 -16.626 -16.549 -15.886 -15.473 -14.951 -16.567
0.41108 -14.989 -15.34 -15.757 -16.412 -16.626 -16.672 -16.055 -16.459 -16.625 -16.669 -16.576 -16.385 -16.452 -16.653 -16.636 -16.519 -16.356 -16.671 -16.644 -16.526 -16.407 -16.342 -16.606 -16.657 -16.586 -15.932 -15.52 -15.001 -16.6
0.423513 -14.977 -15.332 -15.759 -16.428 -16.651 -16.704 -16.07 -16.476 -16.651 -16.701 -16.613 -16.426 -16.469 -16.68 -16.671 -16.558 -16.397 -16.7 -16.679 -16.565 -16.448 -16.384 -16.641 -16.688 -16.622 -15.977 -15.568 -15.05 -16.634
0.436321 -14.965 -15.323 -15.76 -16.444 -16.676 -16.736 -16.085 -16.493 -16.675 -16.732 -16.65 -16.467 -16.486 -16.708 -16.705 -16.596 -16.439 -16.728 -16.713 -16.604 -16.489 -16.425 -16.674 -16.718 -16.659 -16.023 -15.616 -15.099 -16.666
0.449518 -14.952 -15.314 -15.76 -16.459 -16.7 -16.767 -16.099 -16.51 -16.7 -16.764 -16.686 -16.508 -16.502 -16.734 -16.74 -16.635 -16.48 -16.756 -16.748 -16.642 -16.529 -16.467 -16.708 -16.748 -16.695 -16.068 -15.663 -15.148 -16.699
0.463113 -14.938 -15.303 -15.76 -16.473 -16.724 -16.798 -16.112 -16.526 -16.724 -16.795 -16.723 -16.548 -16.518 -16.761 -16.774 -16.673 -16.521 -16.783 -16.782 -16.68 -16.57 -16.509 -16.741 -16.778 -16.731 -16.113 -15.71 -15.197 -16.731
0.47712 -14.923 -15.291 -15.758 -16.487 -16.747 -16.828 -16.126 -16.541 -16.747 -16.825 -16.758 -16.588 -16.533 -16.786 -16.808 -16.711 -16.562 -16.81 -16.815 -16.718 -16.61 -16.55 -16.774 -16.807 -16.766 -16.158 -15.757 -15.246 -16.763
