web/models/kne.last_good/kappa_0.5_3.0.v1/36/villar_0.3304_0.2807_0.5000.dat
# %ECSV 1.0
# ---
# datatype:
# - {name: time, datatype: float64}
# - {name: swift_uvot_uvw2, datatype: float64}
# - {name: swift_uvot_uvm2, datatype: float64}
# - {name: swift_uvot_uvw1, datatype: float64}
# - {name: swift_uvot_U, datatype: float64}
# - {name: swift_uvot_B, datatype: float64}
# - {name: swift_uvot_V, datatype: float64}
# - {name: swift_uvot_W, datatype: float64}
# - {name: johnson_U, datatype: float64}
# - {name: johnson_B, datatype: float64}
# - {name: johnson_V, datatype: float64}
# - {name: johnson_R, datatype: float64}
# - {name: johnson_I, datatype: float64}
# - {name: sdss_u, datatype: float64}
# - {name: sdss_g, datatype: float64}
# - {name: sdss_r, datatype: float64}
# - {name: sdss_i, datatype: float64}
# - {name: sdss_z, datatype: float64}
# - {name: PS1_g, datatype: float64}
# - {name: PS1_r, datatype: float64}
# - {name: PS1_i, datatype: float64}
# - {name: PS1_z, datatype: float64}
# - {name: PS1_Y, datatype: float64}
# - {name: PS1_w, datatype: float64}
# - {name: ATLAS_c, datatype: float64}
# - {name: ATLAS_o, datatype: float64}
# - {name: ukirt_J, datatype: float64}
# - {name: ukirt_H, datatype: float64}
# - {name: ukirt_K, datatype: float64}
# - {name: Clear, datatype: float64}
# meta: !!omap
# - comment: [kappa = 0.5, type = villar, mass = 0.33039895931513485, velocity = 0.2806666666666667, theta_obs = 0.0]
# schema: astropy-2.0
time swift_uvot_uvw2 swift_uvot_uvm2 swift_uvot_uvw1 swift_uvot_U swift_uvot_B swift_uvot_V swift_uvot_W johnson_U johnson_B johnson_V johnson_R johnson_I sdss_u sdss_g sdss_r sdss_i sdss_z PS1_g PS1_r PS1_i PS1_z PS1_Y PS1_w ATLAS_c ATLAS_o ukirt_J ukirt_H ukirt_K Clear
[from data line 353]
36.974349 47.471 52.686 75.921 86.487 74.659 66.67 49.739 84.444 72.373 64.622 56.265 51.278 85.758 70.604 61.756 56.236 51.771 46.205 46.41 46.388 45.973 44.227 57.474 64.026 57.209 46.044 42.543 39.918 44.441
38.092613 50.97 56.186 79.421 89.987 78.158 70.17 53.239 87.944 75.873 68.121 59.765 54.778 89.258 74.103 65.256 59.736 55.27 49.705 49.91 49.888 49.473 47.727 60.974 67.525 60.709 49.544 46.043 43.417 47.941
39.244698 54.685 59.901 83.136 93.702 81.873 73.885 56.953 91.659 79.587 71.836 63.479 58.493 92.973 77.818 68.97 63.45 58.985 53.419 53.624 53.603 53.187 51.442 64.688 71.24 64.423 53.258 49.758 47.132 51.656
40.431627 58.628 63.843 87.078 97.644 85.816 77.827 60.896 95.601 83.53 75.779 67.422 62.435 96.915 81.761 72.913 67.393 62.928 57.362 57.567 57.545 57.13 55.384 68.631 75.183 68.366 57.201 53.7 51.075 55.598
41.654454 62.813 68.028 91.263 101.829 90.001 82.012 65.081 99.786 87.715 79.964 71.607 66.62 101.1 85.946 77.098 71.578 67.112 61.547 61.752 61.73 61.315 59.569 72.816 79.367 72.551 61.386 57.885 55.259 59.783
42.914265 67.254 72.47 95.705 106.271 94.442 86.454 69.523 104.228 92.157 84.405 76.049 71.062 105.542 90.387 81.54 76.02 71.554 65.989 66.193 66.172 65.757 64.011 77.258 83.809 76.992 65.828 62.327 59.701 64.225
44.212178 71.969 77.184 100.419 110.985 99.157 91.169 74.237 108.942 96.871 89.12 80.763 75.776 110.256 95.102 86.254 80.734 76.269 70.703 70.908 70.886 70.471 68.725 81.972 88.524 81.707 70.542 67.042 64.416 68.939
45.549345 76.973 82.188 105.423 115.989 104.161 96.173 79.241 113.946 101.875 94.124 85.767 80.78 115.26 100.106 91.258 85.738 81.273 75.707 75.912 75.89 75.475 73.729 86.976 93.528 86.711 75.546 72.046 69.42 73.943
46.926954 82.284 87.5 110.735 121.301 109.472 101.484 84.553 119.258 107.186 99.435 91.079 86.092 120.572 105.417 96.569 91.05 86.584 81.019 81.223 81.202 80.786 79.041 92.288 98.839 92.022 80.857 77.357 74.731 79.255
48.346227 87.921 93.137 116.372 126.938 115.11 107.121 90.19 124.895 112.824 105.072 96.716 91.729 126.209 111.055 102.207 96.687 92.221 86.656 86.861 86.839 86.424 84.678 97.925 104.476 97.66 86.495 82.994 80.368 84.892
49.808426 93.905 99.121 122.356 132.922 121.093 113.105 96.173 130.878 118.807 111.056 102.699 97.713 132.193 117.038 108.19 102.67 98.205 92.639 92.844 92.823 92.407 90.662 103.908 110.46 103.643 92.478 88.978 86.352 90.876
51.314848 100.256 105.472 128.707 139.273 127.444 119.456 102.524 137.229 125.158 117.407 109.05 104.064 138.543 123.389 114.541 109.021 104.556 98.99 99.195 99.174 98.758 97.012 110.259 116.811 109.994 98.829 95.329 92.703 97.227
52.86683 106.997 112.213 135.447 146.014 134.185 126.197 109.265 143.97 131.899 124.148 115.791 110.804 145.284 130.13 121.282 115.762 111.297 105.731 105.936 105.915 105.499 103.753 117.0 123.552 116.735 105.57 102.07 99.444 103.967
54.465752 114.152 119.367 142.602 153.168 141.34 133.351 116.42 151.125 139.054 131.303 122.946 117.959 152.439 137.285 128.437 122.917 118.452 112.886 113.091 113.069 112.654 110.908 124.155 130.707 123.89 112.725 109.224 106.599 111.122
56.113031 121.746 126.962 150.196 160.763 148.934 140.946 124.014 158.719 146.648 138.897 130.54 125.553 160.033 144.879 136.031 130.511 126.046 120.48 120.685 120.664 120.248 118.502 131.749 138.301 131.484 120.319 116.819 114.193 118.716
57.810132 129.806 135.022 158.257 168.823 156.994 149.006 132.075 166.78 154.709 146.957 138.601 133.614 168.094 152.939 144.092 138.572 134.106 128.541 128.746 128.724 128.309 126.563 139.81 146.361 139.545 128.38 124.879 122.253 126.777
59.55856 138.362 143.577 166.812 177.378 165.55 157.562 140.63 175.335 163.264 155.513 147.156 142.169 176.649 161.495 152.647 147.127 142.662 137.096 137.301 137.279 136.864 135.118 148.365 154.917 148.1 136.935 133.435 130.809 135.332
61.359868 147.443 152.658 175.893 186.459 174.631 166.642 149.711 184.416 172.345 164.594 156.237 151.25 185.73 170.576 161.728 156.208 151.742 146.177 146.382 146.36 145.945 144.199 157.446 163.997 157.181 146.016 142.515 139.889 144.413
63.215655 157.081 162.297 185.531 196.098 184.269 176.281 159.349 194.054 181.983 174.232 165.875 160.888 195.368 180.214 171.366 165.846 161.381 155.815 156.02 155.999 155.583 153.837 167.084 173.636 166.819 155.654 152.154 149.528 154.051
65.127569 167.311 172.527 195.762 206.328 194.499 186.511 169.579 204.285 192.213 184.462 176.105 171.119 205.599 190.444 181.596 176.076 171.611 166.045 166.25 166.229 165.813 164.068 177.314 183.866 177.049 165.884 162.384 159.758 164.282
67.097308 178.169 183.385 206.62 217.186 205.357 197.369 180.438 215.143 203.072 195.32 186.964 181.977 216.457 201.302 192.455 186.935 182.469 176.904 177.109 177.087 176.672 174.926 188.173 194.724 187.908 176.743 173.242 170.616 175.14
69.126621 189.694 194.91 218.145 228.711 216.882 208.894 191.963 226.668 214.597 206.845 198.489 193.502 227.982 212.827 203.98 198.46 193.994 188.429 188.634 188.612 188.197 186.451 199.698 206.249 199.433 188.268 184.767 182.141 186.665
71.217308 201.927 207.143 230.378 240.944 229.115 221.127 204.196 238.901 226.829 219.078 210.722 205.735 240.215 225.06 216.212 210.693 206.227 200.662 200.866 200.845 200.43 198.684 211.931 218.482 211.665 200.501 197.0 194.374 198.898
73.371227 214.911 220.127 243.362 253.928 242.099 234.111 217.179 251.885 239.813 232.062 223.705 218.719 253.199 238.044 229.196 223.677 219.211 213.645 213.85 213.829 213.413 211.668 224.914 231.466 224.649 213.484 209.984 207.358 211.882
75.59029 228.692 233.908 257.143 267.709 255.88 247.892 230.961 265.666 253.595 245.843 237.487 232.5 266.98 251.825 242.977 237.458 232.992 227.427 227.631 227.61 227.195 225.449 238.696 245.247 238.43 227.266 223.765 221.139 225.663
77.876467 243.32 248.535 271.77 282.336 270.508 262.519 245.588 280.293 268.222 260.471 252.114 247.127 281.607 266.453 257.605 252.085 247.619 242.054 242.259 242.237 241.822 240.076 253.323 259.874 253.058 241.893 238.392 235.766 240.29
80.231787 258.845 264.061 287.296 297.862 286.033 278.045 261.113 295.819 283.747 275.996 267.639 262.653 297.133 281.978 273.13 267.61 263.145 257.579 257.784 257.763 257.347 255.602 268.848 275.4 268.583 257.418 253.918 251.292 255.816
82.658343 275.324 280.54 303.774 314.34 302.512 294.524 277.592 312.297 300.226 292.475 284.118 279.131 313.611 298.457 289.609 284.089 279.624 274.058 274.263 274.242 273.826 272.08 285.327 291.879 285.062 273.897 270.397 267.771 272.294
85.158288 292.815 298.03 321.265 331.831 320.003 312.014 295.083 329.788 317.717 309.966 301.609 296.622 331.102 315.948 307.1 301.58 297.114 291.549 291.754 291.732 291.317 289.571 302.818 309.369 302.553 291.388 287.887 285.261 289.785
87.733843 311.379 316.595 339.83 350.396 338.567 330.579 313.648 348.353 336.282 328.53 320.174 315.187 349.667 334.512 325.664 320.145 315.679 310.114 310.318 310.297 309.882 308.136 321.383 327.934 321.117 309.953 306.452 303.826 308.35
90.387293 331.084 336.299 359.534 370.1 358.272 350.284 333.352 368.057 355.986 348.235 339.878 334.891 369.371 354.217 345.369 339.849 335.384 329.818 330.023 330.001 329.586 327.84 341.087 347.639 340.822 329.657 326.157 323.531 328.054
93.120995 351.998 357.214 380.449 391.015 379.186 371.198 354.267 388.972 376.901 369.149 360.793 355.806 390.286 375.131 366.284 360.764 356.298 350.733 350.938 350.916 350.501 348.755 362.002 368.553 361.736 350.572 347.071 344.445 348.969
95.937376 374.197 379.413 402.648 413.214 401.385 393.397 376.466 411.171 399.099 391.348 382.992 378.005 412.485 397.33 388.482 382.963 378.497 372.932 373.136 373.115 372.699 370.954 384.201 390.752 383.935 372.77 369.27 366.644 371.168
98.838937 397.759 402.975 426.209 436.776 424.947 416.959 400.027 434.732 422.661 414.91 406.553 401.566 436.046 420.892 412.044 406.524 402.059 396.493 396.698 396.677 396.261 394.515 407.762 414.314 407.497 396.332 392.832 390.206 394.729
101.828253 422.768 427.983 451.218 461.784 449.956 441.967 425.036 459.741 447.67 439.918 431.562 426.575 461.055 445.901 437.053 431.533 427.067 421.502 421.707 421.685 421.27 419.524 432.771 439.322 432.506 421.341 417.84 415.214 419.738
104.907979 449.312 454.527 477.762 488.328 476.5 468.511 451.58 486.285 474.214 466.463 458.106 453.119 487.599 472.445 463.597 458.077 453.612 448.046 448.251 448.229 447.814 446.068 459.315 465.867 459.05 447.885 444.384 441.759 446.282
108.080849 477.486 482.702 505.936 516.502 504.674 496.686 479.754 514.459 502.388 494.637 486.28 481.293 515.773 500.619 491.771 486.251 481.786 476.22 476.425 476.404 475.988 474.242 487.489 494.041 487.224 476.059 472.559 469.933 474.456
111.349681 507.39 512.606 535.84 546.407 534.578 526.59 509.658 544.363 532.292 524.541 516.184 511.197 545.677 530.523 521.675 516.155 511.69 506.124 506.329 506.308 505.892 504.146 517.393 523.945 517.128 505.963 502.463 499.837 504.361
114.717376 539.13 544.346 567.581 578.147 566.318 558.33 541.399 576.104 564.033 556.281 547.925 542.938 577.418 562.263 553.415 547.896 543.43 537.865 538.069 538.048 537.633 535.887 549.134 555.685 548.868 537.704 534.203 531.577 536.101
118.186925 572.82 578.035 601.27 611.836 600.008 592.019 575.088 609.793 597.722 589.971 581.614 576.627 611.107 595.953 587.105 581.585 577.119 571.554 571.759 571.737 571.322 569.576 582.823 589.374 582.558 571.393 567.892 565.266 569.79
121.761408 608.577 613.793 637.028 647.594 635.765 627.777 610.846 645.551 633.48 625.728 617.372 612.385 646.865 631.71 622.863 617.343 612.877 607.312 607.517 607.495 607.08 605.334 618.581 625.132 618.316 607.151 603.65 601.024 605.548
125.443999 646.531 651.747 674.982 685.548 673.719 665.731 648.799 683.504 671.433 663.682 655.325 650.339 684.819 669.664 660.816 655.296 650.831 645.265 645.47 645.449 645.033 643.288 656.534 663.086 656.269 645.104 641.604 638.978 643.502
129.237967 686.815 692.031 715.266 725.832 714.003 706.015 689.083 723.789 711.717 703.966 695.609 690.623 725.103 709.948 701.1 695.581 691.115 685.549 685.754 685.733 685.317 683.572 696.818 703.37 696.553 685.388 681.888 679.262 683.786
133.146681 729.573 734.788 758.023 768.589 756.761 748.772 731.841 766.546 754.475 746.724 738.367 733.38 767.86 752.706 743.858 738.338 733.873 728.307 728.512 728.49 728.075 726.329 739.576 746.128 739.311 728.146 724.645 722.02 726.543
137.173612 774.956 780.171 nan nan nan nan 777.224 nan nan 793.668 783.753 778.763 nan nan 790.753 783.721 779.256 773.69 773.895 773.873 773.458 771.712 784.964 nan 784.7 773.529 770.028 767.403 771.926
141.322334 774.956 780.171 nan nan nan nan 777.224 nan nan 793.668 783.753 778.763 nan nan 790.753 783.721 779.256 773.69 773.895 773.873 773.458 771.712 784.964 nan 784.7 773.529 770.028 767.403 771.926
145.596532 774.956 780.171 nan nan nan nan 777.224 nan nan 793.668 783.753 778.763 nan nan 790.753 783.721 779.256 773.69 773.895 773.873 773.458 771.712 784.964 nan 784.7 773.529 770.028 767.403 771.926
150.0 774.956 780.171 nan nan nan nan 777.224 nan nan 793.668 783.753 778.763 nan nan 790.753 783.721 779.256 773.69 773.895 773.873 773.458 771.712 784.964 nan 784.7 773.529 770.028 767.403 771.926
