web/models/kne.last_good/kappa_0.5_3.0.v1/36/villar_0.0079_0.0457_0.5000.dat
# %ECSV 1.0
# ---
# datatype:
# - {name: time, datatype: float64}
# - {name: swift_uvot_uvw2, datatype: float64}
# - {name: swift_uvot_uvm2, datatype: float64}
# - {name: swift_uvot_uvw1, datatype: float64}
# - {name: swift_uvot_U, datatype: float64}
# - {name: swift_uvot_B, datatype: float64}
# - {name: swift_uvot_V, datatype: float64}
# - {name: swift_uvot_W, datatype: float64}
# - {name: johnson_U, datatype: float64}
# - {name: johnson_B, datatype: float64}
# - {name: johnson_V, datatype: float64}
# - {name: johnson_R, datatype: float64}
# - {name: johnson_I, datatype: float64}
# - {name: sdss_u, datatype: float64}
# - {name: sdss_g, datatype: float64}
# - {name: sdss_r, datatype: float64}
# - {name: sdss_i, datatype: float64}
# - {name: sdss_z, datatype: float64}
# - {name: PS1_g, datatype: float64}
# - {name: PS1_r, datatype: float64}
# - {name: PS1_i, datatype: float64}
# - {name: PS1_z, datatype: float64}
# - {name: PS1_Y, datatype: float64}
# - {name: PS1_w, datatype: float64}
# - {name: ATLAS_c, datatype: float64}
# - {name: ATLAS_o, datatype: float64}
# - {name: ukirt_J, datatype: float64}
# - {name: ukirt_H, datatype: float64}
# - {name: ukirt_K, datatype: float64}
# - {name: Clear, datatype: float64}
# meta: !!omap
# - comment: [kappa = 0.5, type = villar, mass = 0.00793700525986525, velocity = 0.04566666666666669, theta_obs = 0.0]
# schema: astropy-2.0
time swift_uvot_uvw2 swift_uvot_uvm2 swift_uvot_uvw1 swift_uvot_U swift_uvot_B swift_uvot_V swift_uvot_W johnson_U johnson_B johnson_V johnson_R johnson_I sdss_u sdss_g sdss_r sdss_i sdss_z PS1_g PS1_r PS1_i PS1_z PS1_Y PS1_w ATLAS_c ATLAS_o ukirt_J ukirt_H ukirt_K Clear
[from data line 77]
0.009917 -8.36 -8.064 -7.902 -7.418 -7.032 -6.628 -7.747 -7.36 -7.029 -6.617 -6.211 -5.744 -7.37 -6.903 -6.391 -6.02 -5.675 -6.915 -6.473 -6.131 -5.951 -6.095 -6.462 -6.704 -6.24 -4.989 -4.436 -3.799 -6.549
0.010217 -8.405 -8.112 -7.951 -7.469 -7.084 -6.68 -7.796 -7.411 -7.081 -6.669 -6.264 -5.798 -7.421 -6.955 -6.444 -6.074 -5.729 -6.967 -6.525 -6.183 -6.003 -6.144 -6.515 -6.756 -6.293 -5.044 -4.491 -3.854 -6.601
0.010526 -8.449 -8.159 -7.999 -7.519 -7.136 -6.733 -7.844 -7.462 -7.132 -6.722 -6.317 -5.851 -7.472 -7.007 -6.497 -6.128 -5.783 -7.018 -6.577 -6.235 -6.054 -6.192 -6.568 -6.809 -6.347 -5.098 -4.545 -3.909 -6.654
0.010845 -8.494 -8.207 -8.048 -7.57 -7.188 -6.786 -7.893 -7.513 -7.184 -6.775 -6.371 -5.905 -7.523 -7.059 -6.55 -6.181 -5.836 -7.07 -6.629 -6.287 -6.105 -6.239 -6.621 -6.861 -6.4 -5.152 -4.6 -3.963 -6.706
0.011173 -8.538 -8.254 -8.096 -7.621 -7.24 -6.838 -7.941 -7.564 -7.236 -6.827 -6.424 -5.959 -7.574 -7.111 -6.603 -6.234 -5.89 -7.121 -6.68 -6.339 -6.156 -6.287 -6.673 -6.913 -6.453 -5.206 -4.654 -4.018 -6.759
0.011511 -8.582 -8.301 -8.144 -7.671 -7.291 -6.891 -7.989 -7.614 -7.288 -6.88 -6.477 -6.012 -7.625 -7.163 -6.656 -6.288 -5.944 -7.172 -6.732 -6.391 -6.207 -6.335 -6.726 -6.966 -6.506 -5.261 -4.709 -4.073 -6.811
0.011859 -8.626 -8.348 -8.192 -7.722 -7.343 -6.943 -8.037 -7.665 -7.339 -6.932 -6.53 -6.066 -7.675 -7.215 -6.709 -6.341 -5.997 -7.223 -6.784 -6.443 -6.258 -6.383 -6.778 -7.018 -6.559 -5.315 -4.763 -4.128 -6.863
0.012217 -8.669 -8.395 -8.24 -7.772 -7.394 -6.995 -8.085 -7.715 -7.391 -6.984 -6.583 -6.119 -7.726 -7.267 -6.761 -6.394 -6.051 -7.274 -6.836 -6.495 -6.309 -6.431 -6.831 -7.07 -6.612 -5.369 -4.818 -4.182 -6.916
0.012587 -8.713 -8.442 -8.288 -7.822 -7.446 -7.048 -8.132 -7.766 -7.442 -7.037 -6.635 -6.173 -7.776 -7.319 -6.814 -6.447 -6.104 -7.325 -6.887 -6.546 -6.359 -6.479 -6.883 -7.122 -6.664 -5.423 -4.872 -4.237 -6.968
0.012968 -8.756 -8.489 -8.335 -7.872 -7.497 -7.1 -8.18 -7.816 -7.493 -7.089 -6.688 -6.226 -7.826 -7.37 -6.866 -6.5 -6.158 -7.376 -6.939 -6.598 -6.41 -6.526 -6.936 -7.174 -6.717 -5.477 -4.926 -4.292 -7.02
0.01336 -8.799 -8.535 -8.383 -7.922 -7.548 -7.152 -8.227 -7.866 -7.544 -7.141 -6.741 -6.28 -7.877 -7.422 -6.919 -6.553 -6.211 -7.427 -6.99 -6.649 -6.461 -6.574 -6.988 -7.226 -6.77 -5.531 -4.981 -4.346 -7.072
0.013764 -8.842 -8.581 -8.43 -7.972 -7.599 -7.204 -8.274 -7.916 -7.596 -7.193 -6.794 -6.333 -7.927 -7.473 -6.971 -6.606 -6.265 -7.478 -7.042 -6.701 -6.512 -6.622 -7.04 -7.278 -6.823 -5.585 -5.035 -4.401 -7.124
0.01418 -8.885 -8.628 -8.477 -8.022 -7.65 -7.256 -8.321 -7.967 -7.647 -7.245 -6.846 -6.386 -7.977 -7.524 -7.024 -6.659 -6.318 -7.529 -7.093 -6.753 -6.562 -6.669 -7.092 -7.329 -6.875 -5.639 -5.089 -4.455 -7.176
0.014609 -8.928 -8.674 -8.524 -8.072 -7.701 -7.308 -8.369 -8.016 -7.698 -7.297 -6.899 -6.439 -8.027 -7.576 -7.076 -6.712 -6.371 -7.579 -7.145 -6.804 -6.613 -6.717 -7.144 -7.381 -6.928 -5.693 -5.143 -4.51 -7.227
0.015051 -8.971 -8.72 -8.571 -8.122 -7.752 -7.36 -8.415 -8.066 -7.748 -7.349 -6.951 -6.492 -8.077 -7.627 -7.128 -6.765 -6.424 -7.63 -7.196 -6.855 -6.664 -6.764 -7.196 -7.433 -6.98 -5.746 -5.197 -4.564 -7.279
0.015506 -9.013 -8.765 -8.618 -8.171 -7.803 -7.411 -8.462 -8.116 -7.799 -7.401 -7.004 -6.545 -8.126 -7.678 -7.181 -6.818 -6.478 -7.68 -7.247 -6.907 -6.714 -6.812 -7.248 -7.484 -7.033 -5.8 -5.251 -4.618 -7.331
0.015975 -9.056 -8.811 -8.664 -8.221 -7.854 -7.463 -8.509 -8.166 -7.85 -7.452 -7.056 -6.598 -8.176 -7.729 -7.233 -6.87 -6.531 -7.731 -7.298 -6.958 -6.765 -6.86 -7.3 -7.536 -7.085 -5.854 -5.305 -4.673 -7.382
0.016458 -9.098 -8.856 -8.711 -8.27 -7.904 -7.515 -8.555 -8.215 -7.901 -7.504 -7.109 -6.651 -8.225 -7.78 -7.285 -6.923 -6.584 -7.781 -7.349 -7.009 -6.815 -6.907 -7.352 -7.587 -7.137 -5.908 -5.359 -4.727 -7.434
0.016956 -9.14 -8.902 -8.757 -8.319 -7.955 -7.566 -8.602 -8.265 -7.951 -7.556 -7.161 -6.704 -8.275 -7.831 -7.337 -6.976 -6.637 -7.832 -7.401 -7.061 -6.866 -6.955 -7.403 -7.638 -7.189 -5.961 -5.413 -4.781 -7.485
0.017469 -9.182 -8.947 -8.804 -8.368 -8.006 -7.618 -8.648 -8.314 -8.002 -7.607 -7.213 -6.757 -8.324 -7.882 -7.389 -7.028 -6.69 -7.882 -7.452 -7.112 -6.917 -7.002 -7.455 -7.69 -7.242 -6.015 -5.467 -4.835 -7.537
0.017997 -9.223 -8.992 -8.85 -8.418 -8.056 -7.669 -8.694 -8.364 -8.052 -7.659 -7.265 -6.81 -8.374 -7.933 -7.441 -7.081 -6.743 -7.932 -7.503 -7.163 -6.967 -7.05 -7.507 -7.741 -7.294 -6.068 -5.521 -4.89 -7.588
0.018541 -9.265 -9.037 -8.896 -8.466 -8.106 -7.721 -8.74 -8.413 -8.103 -7.71 -7.317 -6.863 -8.423 -7.983 -7.493 -7.133 -6.796 -7.982 -7.553 -7.214 -7.017 -7.097 -7.558 -7.792 -7.346 -6.122 -5.575 -4.944 -7.639
0.019102 -9.306 -9.082 -8.942 -8.515 -8.157 -7.772 -8.786 -8.462 -8.153 -7.761 -7.369 -6.915 -8.472 -8.034 -7.544 -7.185 -6.848 -8.032 -7.604 -7.265 -7.068 -7.145 -7.61 -7.843 -7.398 -6.175 -5.629 -4.998 -7.69
0.01968 -9.347 -9.126 -8.987 -8.564 -8.207 -7.823 -8.832 -8.511 -8.203 -7.813 -7.421 -6.968 -8.521 -8.084 -7.596 -7.238 -6.901 -8.082 -7.655 -7.316 -7.118 -7.192 -7.661 -7.894 -7.45 -6.229 -5.683 -5.052 -7.742
0.020275 -9.388 -9.171 -9.033 -8.613 -8.257 -7.874 -8.877 -8.56 -8.253 -7.864 -7.473 -7.021 -8.57 -8.135 -7.648 -7.29 -6.954 -8.132 -7.706 -7.367 -7.169 -7.239 -7.712 -7.945 -7.502 -6.282 -5.737 -5.106 -7.793
0.020888 -9.429 -9.215 -9.079 -8.661 -8.307 -7.926 -8.923 -8.609 -8.303 -7.915 -7.525 -7.073 -8.619 -8.185 -7.699 -7.342 -7.007 -8.182 -7.757 -7.418 -7.219 -7.287 -7.764 -7.996 -7.554 -6.336 -5.79 -5.16 -7.844
0.02152 -9.47 -9.259 -9.124 -8.71 -8.357 -7.977 -8.968 -8.658 -8.353 -7.966 -7.577 -7.126 -8.667 -8.236 -7.751 -7.395 -7.059 -8.232 -7.807 -7.469 -7.269 -7.334 -7.815 -8.047 -7.605 -6.389 -5.844 -5.214 -7.895
0.022171 -9.511 -9.303 -9.169 -8.758 -8.407 -8.028 -9.013 -8.706 -8.403 -8.017 -7.629 -7.178 -8.716 -8.286 -7.802 -7.447 -7.112 -8.282 -7.858 -7.52 -7.32 -7.382 -7.866 -8.097 -7.657 -6.442 -5.898 -5.268 -7.946
0.022841 -9.551 -9.347 -9.214 -8.807 -8.457 -8.079 -9.058 -8.755 -8.453 -8.068 -7.681 -7.231 -8.765 -8.336 -7.854 -7.499 -7.164 -8.332 -7.909 -7.571 -7.37 -7.429 -7.917 -8.148 -7.709 -6.495 -5.951 -5.322 -7.996
0.023532 -9.591 -9.391 -9.259 -8.855 -8.506 -8.129 -9.103 -8.803 -8.503 -8.119 -7.732 -7.283 -8.813 -8.386 -7.905 -7.551 -7.217 -8.381 -7.959 -7.622 -7.42 -7.477 -7.968 -8.199 -7.76 -6.549 -6.005 -5.376 -8.047
0.024244 -9.632 -9.434 -9.304 -8.903 -8.556 -8.18 -9.148 -8.852 -8.552 -8.17 -7.784 -7.336 -8.861 -8.436 -7.957 -7.603 -7.269 -8.431 -8.01 -7.673 -7.47 -7.524 -8.019 -8.249 -7.812 -6.602 -6.059 -5.43 -8.098
0.024977 -9.672 -9.477 -9.349 -8.951 -8.606 -8.231 -9.193 -8.9 -8.602 -8.22 -7.836 -7.388 -8.91 -8.486 -8.008 -7.655 -7.322 -8.48 -8.06 -7.724 -7.521 -7.572 -8.07 -8.3 -7.863 -6.655 -6.112 -5.484 -8.148
0.025733 -9.711 -9.521 -9.393 -8.999 -8.655 -8.282 -9.237 -8.948 -8.651 -8.271 -7.887 -7.44 -8.958 -8.536 -8.059 -7.707 -7.374 -8.53 -8.111 -7.774 -7.571 -7.619 -8.121 -8.35 -7.915 -6.708 -6.166 -5.538 -8.199
0.026511 -9.751 -9.564 -9.437 -9.047 -8.704 -8.332 -9.282 -8.996 -8.701 -8.322 -7.939 -7.493 -9.006 -8.586 -8.11 -7.759 -7.427 -8.579 -8.161 -7.825 -7.621 -7.667 -8.172 -8.4 -7.966 -6.761 -6.219 -5.592 -8.249
0.027313 -9.79 -9.607 -9.482 -9.095 -8.754 -8.383 -9.326 -9.044 -8.75 -8.372 -7.99 -7.545 -9.054 -8.636 -8.161 -7.81 -7.479 -8.628 -8.211 -7.876 -7.671 -7.714 -8.223 -8.451 -8.018 -6.814 -6.273 -5.646 -8.3
0.028139 -9.83 -9.649 -9.526 -9.142 -8.803 -8.433 -9.37 -9.092 -8.799 -8.423 -8.041 -7.597 -9.102 -8.685 -8.212 -7.862 -7.531 -8.678 -8.261 -7.926 -7.721 -7.761 -8.273 -8.501 -8.069 -6.867 -6.326 -5.699 -8.35
0.02899 -9.869 -9.692 -9.57 -9.19 -8.852 -8.484 -9.414 -9.14 -8.848 -8.473 -8.093 -7.649 -9.15 -8.735 -8.263 -7.914 -7.583 -8.727 -8.312 -7.977 -7.771 -7.809 -8.324 -8.551 -8.12 -6.92 -6.379 -5.753 -8.4
0.029867 -9.908 -9.734 -9.613 -9.237 -8.901 -8.534 -9.458 -9.188 -8.898 -8.524 -8.144 -7.701 -9.197 -8.784 -8.314 -7.965 -7.636 -8.776 -8.362 -8.027 -7.822 -7.856 -8.374 -8.601 -8.171 -6.973 -6.433 -5.807 -8.451
0.03077 -9.946 -9.776 -9.657 -9.284 -8.95 -8.584 -9.502 -9.235 -8.947 -8.574 -8.195 -7.753 -9.245 -8.834 -8.365 -8.017 -7.688 -8.825 -8.412 -8.078 -7.872 -7.904 -8.425 -8.651 -8.223 -7.026 -6.486 -5.861 -8.501
0.031701 -9.985 -9.819 -9.7 -9.332 -8.999 -8.635 -9.546 -9.283 -8.995 -8.624 -8.246 -7.805 -9.292 -8.883 -8.416 -8.069 -7.74 -8.874 -8.462 -8.128 -7.922 -7.951 -8.475 -8.701 -8.274 -7.079 -6.539 -5.914 -8.551
0.032659 -10.023 -9.86 -9.744 -9.379 -9.048 -8.685 -9.589 -9.33 -9.044 -8.674 -8.297 -7.857 -9.34 -8.932 -8.467 -8.12 -7.792 -8.923 -8.512 -8.179 -7.972 -7.999 -8.526 -8.751 -8.325 -7.132 -6.593 -5.968 -8.601
0.033647 -10.062 -9.902 -9.787 -9.426 -9.097 -8.735 -9.632 -9.377 -9.093 -8.725 -8.348 -7.909 -9.387 -8.982 -8.517 -8.171 -7.844 -8.972 -8.562 -8.229 -8.022 -8.046 -8.576 -8.801 -8.376 -7.185 -6.646 -6.022 -8.651
0.034665 -10.1 -9.944 -9.83 -9.473 -9.146 -8.785 -9.675 -9.425 -9.142 -8.775 -8.399 -7.961 -9.434 -9.031 -8.568 -8.223 -7.896 -9.02 -8.612 -8.28 -8.072 -8.094 -8.626 -8.85 -8.427 -7.237 -6.699 -6.075 -8.701
0.035713 -10.138 -9.985 -9.873 -9.519 -9.194 -8.835 -9.719 -9.472 -9.19 -8.825 -8.45 -8.012 -9.481 -9.08 -8.619 -8.274 -7.948 -9.069 -8.662 -8.33 -8.122 -8.141 -8.676 -8.9 -8.477 -7.29 -6.752 -6.129 -8.751
0.036793 -10.175 -10.026 -9.916 -9.566 -9.243 -8.885 -9.761 -9.519 -9.239 -8.874 -8.501 -8.064 -9.528 -9.129 -8.669 -8.325 -8.0 -9.118 -8.712 -8.38 -8.172 -8.189 -8.726 -8.95 -8.528 -7.343 -6.806 -6.182 -8.8
0.037906 -10.213 -10.067 -9.958 -9.613 -9.291 -8.935 -9.804 -9.566 -9.287 -8.924 -8.552 -8.116 -9.575 -9.178 -8.72 -8.377 -8.051 -9.166 -8.761 -8.431 -8.222 -8.236 -8.776 -8.999 -8.579 -7.396 -6.859 -6.236 -8.85
0.039052 -10.25 -10.108 -10.001 -9.659 -9.339 -8.984 -9.847 -9.612 -9.336 -8.974 -8.603 -8.167 -9.622 -9.227 -8.77 -8.428 -8.103 -9.215 -8.811 -8.481 -8.272 -8.284 -8.826 -9.048 -8.63 -7.448 -6.912 -6.289 -8.9
0.040234 -10.287 -10.149 -10.043 -9.705 -9.388 -9.034 -9.889 -9.659 -9.384 -9.024 -8.653 -8.219 -9.668 -9.275 -8.82 -8.479 -8.155 -9.263 -8.861 -8.531 -8.321 -8.331 -8.876 -9.098 -8.68 -7.501 -6.965 -6.343 -8.949
0.04145 -10.324 -10.189 -10.085 -9.752 -9.436 -9.084 -9.931 -9.706 -9.432 -9.073 -8.704 -8.271 -9.715 -9.324 -8.87 -8.53 -8.207 -9.311 -8.91 -8.581 -8.371 -8.379 -8.926 -9.147 -8.731 -7.553 -7.018 -6.396 -8.999
0.042704 -10.361 -10.229 -10.127 -9.798 -9.484 -9.133 -9.974 -9.752 -9.48 -9.123 -8.755 -8.322 -9.761 -9.372 -8.921 -8.581 -8.258 -9.36 -8.96 -8.631 -8.421 -8.426 -8.976 -9.196 -8.781 -7.606 -7.071 -6.45 -9.048
0.043996 -10.397 -10.27 -10.169 -9.844 -9.532 -9.183 -10.016 -9.798 -9.528 -9.172 -8.805 -8.374 -9.807 -9.421 -8.971 -8.632 -8.31 -9.408 -9.009 -8.681 -8.471 -8.474 -9.026 -9.245 -8.832 -7.658 -7.124 -6.503 -9.097
0.045326 -10.434 -10.309 -10.21 -9.89 -9.58 -9.232 -10.057 -9.845 -9.576 -9.222 -8.856 -8.425 -9.854 -9.469 -9.021 -8.683 -8.361 -9.456 -9.059 -8.731 -8.521 -8.522 -9.075 -9.294 -8.882 -7.711 -7.177 -6.557 -9.147
0.046697 -10.47 -10.349 -10.252 -9.935 -9.627 -9.281 -10.099 -9.891 -9.624 -9.271 -8.906 -8.476 -9.9 -9.518 -9.071 -8.734 -8.413 -9.504 -9.108 -8.781 -8.571 -8.569 -9.125 -9.343 -8.933 -7.763 -7.23 -6.61 -9.196
0.048109 -10.506 -10.389 -10.293 -9.981 -9.675 -9.331 -10.141 -9.937 -9.671 -9.32 -8.956 -8.528 -9.946 -9.566 -9.121 -8.785 -8.464 -9.552 -9.158 -8.831 -8.62 -8.617 -9.174 -9.392 -8.983 -7.816 -7.283 -6.663 -9.245
0.049564 -10.542 -10.428 -10.334 -10.027 -9.723 -9.38 -10.182 -9.983 -9.719 -9.37 -9.007 -8.579 -9.992 -9.614 -9.171 -8.836 -8.516 -9.6 -9.207 -8.881 -8.67 -8.664 -9.224 -9.441 -9.033 -7.868 -7.336 -6.717 -9.294
0.051063 -10.577 -10.467 -10.375 -10.072 -9.77 -9.429 -10.223 -10.028 -9.767 -9.419 -9.057 -8.63 -10.037 -9.662 -9.22 -8.886 -8.567 -9.648 -9.256 -8.931 -8.72 -8.712 -9.273 -9.49 -9.083 -7.92 -7.389 -6.77 -9.343
0.052608 -10.612 -10.506 -10.415 -10.117 -9.818 -9.478 -10.264 -10.074 -9.814 -9.468 -9.107 -8.681 -10.083 -9.71 -9.27 -8.937 -8.618 -9.696 -9.305 -8.981 -8.769 -8.759 -9.322 -9.539 -9.133 -7.973 -7.441 -6.823 -9.392
0.054199 -10.647 -10.545 -10.456 -10.162 -9.865 -9.527 -10.305 -10.119 -9.861 -9.517 -9.157 -8.732 -10.128 -9.758 -9.32 -8.988 -8.67 -9.743 -9.354 -9.031 -8.819 -8.807 -9.372 -9.587 -9.183 -8.025 -7.494 -6.876 -9.44
0.055838 -10.682 -10.583 -10.496 -10.207 -9.912 -9.576 -10.346 -10.165 -9.909 -9.566 -9.207 -8.783 -10.174 -9.806 -9.37 -9.038 -8.721 -9.791 -9.403 -9.081 -8.869 -8.855 -9.421 -9.636 -9.233 -8.077 -7.547 -6.93 -9.489
0.057527 -10.717 -10.621 -10.537 -10.252 -9.959 -9.625 -10.387 -10.21 -9.956 -9.615 -9.257 -8.835 -10.219 -9.853 -9.419 -9.089 -8.772 -9.838 -9.452 -9.13 -8.918 -8.902 -9.47 -9.684 -9.283 -8.129 -7.6 -6.983 -9.538
0.059267 -10.751 -10.66 -10.577 -10.297 -10.006 -9.673 -10.427 -10.255 -10.003 -9.663 -9.307 -8.885 -10.264 -9.901 -9.469 -9.139 -8.823 -9.886 -9.501 -9.18 -8.968 -8.95 -9.519 -9.732 -9.333 -8.181 -7.652 -7.036 -9.586
0.061059 -10.786 -10.697 -10.616 -10.342 -10.053 -9.722 -10.467 -10.3 -10.05 -9.712 -9.357 -8.936 -10.309 -9.948 -9.518 -9.189 -8.874 -9.933 -9.55 -9.23 -9.017 -8.997 -9.568 -9.781 -9.383 -8.234 -7.705 -7.089 -9.635
0.062906 -10.819 -10.735 -10.656 -10.386 -10.1 -9.771 -10.507 -10.345 -10.096 -9.761 -9.407 -8.987 -10.354 -9.996 -9.567 -9.24 -8.925 -9.98 -9.599 -9.279 -9.067 -9.045 -9.617 -9.829 -9.433 -8.286 -7.758 -7.142 -9.683
0.064808 -10.853 -10.772 -10.695 -10.431 -10.147 -9.819 -10.547 -10.39 -10.143 -9.809 -9.456 -9.038 -10.399 -10.043 -9.617 -9.29 -8.976 -10.027 -9.648 -9.329 -9.116 -9.093 -9.665 -9.877 -9.482 -8.338 -7.81 -7.195 -9.732
0.066769 -10.887 -10.81 -10.735 -10.475 -10.194 -9.868 -10.587 -10.435 -10.19 -9.858 -9.506 -9.089 -10.443 -10.09 -9.666 -9.34 -9.027 -10.074 -9.696 -9.378 -9.166 -9.14 -9.714 -9.925 -9.532 -8.39 -7.863 -7.248 -9.78
0.068788 -10.92 -10.847 -10.774 -10.519 -10.24 -9.916 -10.627 -10.479 -10.236 -9.906 -9.556 -9.14 -10.488 -10.138 -9.715 -9.39 -9.078 -10.121 -9.745 -9.428 -9.215 -9.188 -9.763 -9.973 -9.581 -8.442 -7.915 -7.301 -9.828
0.070868 -10.953 -10.883 -10.813 -10.563 -10.286 -9.964 -10.666 -10.524 -10.283 -9.954 -9.605 -9.19 -10.532 -10.185 -9.764 -9.44 -9.129 -10.168 -9.794 -9.477 -9.265 -9.235 -9.811 -10.021 -9.631 -8.494 -7.968 -7.354 -9.876
0.073012 -10.986 -10.92 -10.851 -10.607 -10.333 -10.012 -10.705 -10.568 -10.329 -10.002 -9.655 -9.241 -10.576 -10.231 -9.813 -9.49 -9.18 -10.215 -9.842 -9.526 -9.314 -9.283 -9.86 -10.068 -9.68 -8.545 -8.02 -7.407 -9.924
0.07522 -11.018 -10.956 -10.89 -10.651 -10.379 -10.06 -10.744 -10.612 -10.375 -10.05 -9.704 -9.291 -10.62 -10.278 -9.862 -9.54 -9.231 -10.262 -9.89 -9.575 -9.363 -9.331 -9.908 -10.116 -9.729 -8.597 -8.073 -7.46 -9.972
0.077495 -11.051 -10.992 -10.928 -10.694 -10.425 -10.108 -10.783 -10.656 -10.421 -10.098 -9.753 -9.342 -10.664 -10.325 -9.911 -9.59 -9.281 -10.309 -9.939 -9.625 -9.413 -9.378 -9.956 -10.164 -9.779 -8.649 -8.125 -7.513 -10.02
0.079839 -11.083 -11.028 -10.966 -10.738 -10.471 -10.156 -10.822 -10.7 -10.467 -10.146 -9.803 -9.392 -10.708 -10.372 -9.959 -9.64 -9.332 -10.355 -9.987 -9.674 -9.462 -9.426 -10.005 -10.211 -9.828 -8.701 -8.178 -7.566 -10.068
0.082253 -11.114 -11.063 -11.004 -10.781 -10.517 -10.204 -10.86 -10.744 -10.513 -10.194 -9.852 -9.443 -10.752 -10.418 -10.008 -9.69 -9.382 -10.401 -10.035 -9.723 -9.511 -9.473 -10.053 -10.258 -9.877 -8.753 -8.23 -7.619 -10.115
0.084741 -11.146 -11.099 -11.041 -10.824 -10.563 -10.252 -10.899 -10.787 -10.559 -10.242 -9.901 -9.493 -10.795 -10.465 -10.057 -9.74 -9.433 -10.448 -10.083 -9.772 -9.56 -9.521 -10.101 -10.306 -9.926 -8.804 -8.282 -7.672 -10.163
0.087304 -11.177 -11.134 -11.079 -10.867 -10.608 -10.299 -10.937 -10.831 -10.605 -10.29 -9.95 -9.543 -10.839 -10.511 -10.105 -9.789 -9.483 -10.494 -10.131 -9.821 -9.609 -9.569 -10.149 -10.353 -9.975 -8.856 -8.335 -7.725 -10.21
0.089944 -11.208 -11.169 -11.116 -10.91 -10.654 -10.347 -10.975 -10.874 -10.65 -10.337 -9.999 -9.594 -10.882 -10.557 -10.154 -9.839 -9.534 -10.54 -10.179 -9.87 -9.658 -9.616 -10.197 -10.4 -10.024 -8.907 -8.387 -7.778 -10.258
