web/models/kne.last_good/kappa_0.5_3.0.v1/36/villar_0.0015_0.1710_3.0000.dat
# %ECSV 1.0
# ---
# datatype:
# - {name: time, datatype: float64}
# - {name: swift_uvot_uvw2, datatype: float64}
# - {name: swift_uvot_uvm2, datatype: float64}
# - {name: swift_uvot_uvw1, datatype: float64}
# - {name: swift_uvot_U, datatype: float64}
# - {name: swift_uvot_B, datatype: float64}
# - {name: swift_uvot_V, datatype: float64}
# - {name: swift_uvot_W, datatype: float64}
# - {name: johnson_U, datatype: float64}
# - {name: johnson_B, datatype: float64}
# - {name: johnson_V, datatype: float64}
# - {name: johnson_R, datatype: float64}
# - {name: johnson_I, datatype: float64}
# - {name: sdss_u, datatype: float64}
# - {name: sdss_g, datatype: float64}
# - {name: sdss_r, datatype: float64}
# - {name: sdss_i, datatype: float64}
# - {name: sdss_z, datatype: float64}
# - {name: PS1_g, datatype: float64}
# - {name: PS1_r, datatype: float64}
# - {name: PS1_i, datatype: float64}
# - {name: PS1_z, datatype: float64}
# - {name: PS1_Y, datatype: float64}
# - {name: PS1_w, datatype: float64}
# - {name: ATLAS_c, datatype: float64}
# - {name: ATLAS_o, datatype: float64}
# - {name: ukirt_J, datatype: float64}
# - {name: ukirt_H, datatype: float64}
# - {name: ukirt_K, datatype: float64}
# - {name: Clear, datatype: float64}
# meta: !!omap
# - comment: [kappa = 3.0, type = villar, mass = 0.001513321957917195, velocity = 0.17100000000000004, theta_obs = 0.0]
# schema: astropy-2.0
time swift_uvot_uvw2 swift_uvot_uvm2 swift_uvot_uvw1 swift_uvot_U swift_uvot_B swift_uvot_V swift_uvot_W johnson_U johnson_B johnson_V johnson_R johnson_I sdss_u sdss_g sdss_r sdss_i sdss_z PS1_g PS1_r PS1_i PS1_z PS1_Y PS1_w ATLAS_c ATLAS_o ukirt_J ukirt_H ukirt_K Clear
[from data line 152]
0.092665 -9.126 -9.494 -9.958 -10.682 -10.94 -11.019 -10.321 -10.736 -10.939 -11.016 -10.947 -10.776 -10.728 -10.978 -10.997 -10.899 -10.749 -11.002 -11.005 -10.907 -10.798 -10.737 -10.964 -10.998 -10.955 -10.344 -9.943 -9.431 -10.953
0.095467 -9.114 -9.485 -9.959 -10.698 -10.965 -11.05 -10.336 -10.754 -10.964 -11.048 -10.984 -10.817 -10.744 -11.006 -11.032 -10.938 -10.791 -11.03 -11.04 -10.945 -10.839 -10.779 -10.998 -11.029 -10.992 -10.39 -9.991 -9.481 -10.986
0.098355 -9.102 -9.475 -9.96 -10.713 -10.989 -11.082 -10.351 -10.77 -10.989 -11.079 -11.021 -10.858 -10.761 -11.033 -11.067 -10.976 -10.833 -11.058 -11.074 -10.984 -10.88 -10.821 -11.031 -11.059 -11.028 -10.436 -10.039 -9.53 -11.019
0.101329 -9.088 -9.464 -9.96 -10.727 -11.013 -11.113 -10.366 -10.786 -11.013 -11.11 -11.057 -10.899 -10.776 -11.059 -11.101 -11.015 -10.874 -11.085 -11.109 -11.022 -10.92 -10.863 -11.065 -11.089 -11.064 -10.481 -10.086 -9.58 -11.051
0.104394 -9.074 -9.453 -9.959 -10.741 -11.036 -11.143 -10.38 -10.802 -11.036 -11.141 -11.093 -10.939 -10.791 -11.085 -11.135 -11.053 -10.915 -11.112 -11.143 -11.061 -10.961 -10.905 -11.098 -11.119 -11.1 -10.526 -10.134 -9.629 -11.084
0.107551 -9.059 -9.44 -9.957 -10.754 -11.059 -11.174 -10.393 -10.816 -11.059 -11.172 -11.129 -10.98 -10.806 -11.11 -11.169 -11.091 -10.956 -11.139 -11.176 -11.098 -11.001 -10.946 -11.13 -11.148 -11.135 -10.571 -10.181 -9.678 -11.115
0.110804 -9.043 -9.426 -9.955 -10.767 -11.081 -11.203 -10.406 -10.831 -11.082 -11.202 -11.164 -11.02 -10.819 -11.136 -11.202 -11.128 -10.996 -11.165 -11.209 -11.136 -11.041 -10.988 -11.163 -11.177 -11.17 -10.616 -10.228 -9.727 -11.147
0.114155 -9.026 -9.412 -9.951 -10.778 -11.103 -11.233 -10.419 -10.844 -11.104 -11.231 -11.2 -11.059 -10.833 -11.16 -11.235 -11.166 -11.037 -11.191 -11.242 -11.173 -11.081 -11.029 -11.195 -11.205 -11.205 -10.661 -10.275 -9.776 -11.178
0.117608 -9.009 -9.396 -9.947 -10.79 -11.124 -11.262 -10.431 -10.857 -11.125 -11.26 -11.234 -11.099 -10.845 -11.184 -11.267 -11.202 -11.077 -11.216 -11.275 -11.21 -11.12 -11.069 -11.227 -11.233 -11.24 -10.706 -10.322 -9.825 -11.209
0.121165 -8.991 -9.38 -9.942 -10.8 -11.145 -11.29 -10.443 -10.87 -11.146 -11.289 -11.269 -11.138 -10.857 -11.208 -11.299 -11.239 -11.117 -11.241 -11.307 -11.247 -11.16 -11.11 -11.258 -11.26 -11.274 -10.75 -10.369 -9.874 -11.239
0.124829 -8.971 -9.362 -9.937 -10.81 -11.165 -11.319 -10.455 -10.881 -11.166 -11.318 -11.303 -11.177 -10.868 -11.231 -11.331 -11.276 -11.157 -11.265 -11.339 -11.283 -11.199 -11.151 -11.289 -11.287 -11.308 -10.794 -10.416 -9.923 -11.269
0.128605 -8.951 -9.343 -9.93 -10.819 -11.185 -11.346 -10.466 -10.892 -11.186 -11.346 -11.337 -11.216 -10.878 -11.254 -11.363 -11.312 -11.196 -11.289 -11.371 -11.319 -11.237 -11.191 -11.32 -11.314 -11.341 -10.839 -10.463 -9.971 -11.299
0.132494 -8.93 -9.323 -9.923 -10.827 -11.204 -11.374 -10.476 -10.902 -11.205 -11.373 -11.37 -11.254 -10.888 -11.276 -11.394 -11.347 -11.235 -11.312 -11.402 -11.355 -11.276 -11.231 -11.35 -11.34 -11.374 -10.882 -10.509 -10.02 -11.329
0.136502 -8.908 -9.302 -9.914 -10.835 -11.223 -11.4 -10.486 -10.912 -11.224 -11.4 -11.404 -11.293 -10.897 -11.297 -11.424 -11.383 -11.274 -11.335 -11.432 -11.391 -11.314 -11.27 -11.38 -11.366 -11.407 -10.926 -10.555 -10.068 -11.357
0.14063 -8.886 -9.28 -9.905 -10.842 -11.24 -11.427 -10.495 -10.921 -11.242 -11.427 -11.436 -11.33 -10.905 -11.318 -11.455 -11.418 -11.313 -11.357 -11.463 -11.426 -11.352 -11.31 -11.409 -11.391 -11.439 -10.97 -10.601 -10.116 -11.386
0.144883 -8.862 -9.257 -9.895 -10.848 -11.258 -11.452 -10.504 -10.929 -11.259 -11.453 -11.469 -11.368 -10.913 -11.339 -11.484 -11.453 -11.351 -11.379 -11.492 -11.461 -11.39 -11.349 -11.438 -11.416 -11.471 -11.013 -10.647 -10.164 -11.414
0.149265 -8.837 -9.232 -9.884 -10.853 -11.274 -11.478 -10.513 -10.936 -11.276 -11.478 -11.501 -11.405 -10.919 -11.359 -11.514 -11.487 -11.389 -11.4 -11.522 -11.495 -11.427 -11.388 -11.467 -11.44 -11.503 -11.056 -10.693 -10.212 -11.442
0.15378 -8.812 -9.207 -9.871 -10.857 -11.29 -11.503 -10.521 -10.942 -11.292 -11.503 -11.532 -11.442 -10.925 -11.378 -11.543 -11.521 -11.427 -11.421 -11.551 -11.529 -11.464 -11.427 -11.495 -11.464 -11.534 -11.099 -10.739 -10.26 -11.469
0.15843 -8.785 -9.18 -9.858 -10.861 -11.305 -11.527 -10.528 -10.948 -11.308 -11.528 -11.563 -11.479 -10.93 -11.396 -11.571 -11.555 -11.464 -11.441 -11.579 -11.563 -11.501 -11.465 -11.523 -11.487 -11.565 -11.142 -10.784 -10.308 -11.496
0.163222 -8.758 -9.151 -9.844 -10.863 -11.32 -11.551 -10.535 -10.952 -11.322 -11.552 -11.594 -11.515 -10.934 -11.414 -11.599 -11.588 -11.501 -11.46 -11.607 -11.596 -11.537 -11.503 -11.55 -11.509 -11.595 -11.184 -10.83 -10.356 -11.523
0.168159 -8.73 -9.121 -9.829 -10.865 -11.334 -11.574 -10.541 -10.956 -11.336 -11.575 -11.624 -11.551 -10.937 -11.432 -11.626 -11.621 -11.538 -11.479 -11.635 -11.629 -11.574 -11.541 -11.577 -11.531 -11.625 -11.226 -10.875 -10.403 -11.549
0.173245 -8.7 -9.09 -9.812 -10.866 -11.347 -11.596 -10.546 -10.959 -11.35 -11.598 -11.654 -11.587 -10.94 -11.448 -11.653 -11.653 -11.574 -11.497 -11.662 -11.662 -11.609 -11.579 -11.603 -11.553 -11.654 -11.268 -10.92 -10.45 -11.574
0.178484 -8.67 -9.058 -9.795 -10.866 -11.359 -11.618 -10.551 -10.961 -11.362 -11.62 -11.684 -11.622 -10.941 -11.464 -11.68 -11.685 -11.61 -11.514 -11.688 -11.694 -11.645 -11.616 -11.629 -11.574 -11.683 -11.31 -10.965 -10.498 -11.599
0.183882 -8.639 -9.024 -9.776 -10.864 -11.371 -11.639 -10.555 -10.962 -11.374 -11.642 -11.713 -11.657 -10.941 -11.48 -11.706 -11.717 -11.646 -11.531 -11.714 -11.726 -11.68 -11.653 -11.654 -11.594 -11.712 -11.352 -11.009 -10.545 -11.624
0.189444 -8.606 -8.988 -9.757 -10.862 -11.382 -11.66 -10.559 -10.963 -11.385 -11.663 -11.741 -11.692 -10.941 -11.494 -11.731 -11.748 -11.681 -11.547 -11.74 -11.757 -11.714 -11.689 -11.679 -11.613 -11.74 -11.393 -11.053 -10.591 -11.648
0.195173 -8.573 -8.951 -9.736 -10.859 -11.392 -11.68 -10.562 -10.962 -11.395 -11.683 -11.769 -11.726 -10.939 -11.508 -11.756 -11.779 -11.716 -11.562 -11.765 -11.788 -11.749 -11.726 -11.703 -11.632 -11.767 -11.434 -11.098 -10.638 -11.671
0.201076 -8.539 -8.913 -9.713 -10.855 -11.401 -11.7 -10.564 -10.96 -11.405 -11.703 -11.796 -11.76 -10.936 -11.521 -11.78 -11.809 -11.751 -11.577 -11.789 -11.818 -11.782 -11.762 -11.727 -11.65 -11.794 -11.475 -11.142 -10.685 -11.694
0.207158 -8.504 -8.873 -9.69 -10.849 -11.409 -11.718 -10.566 -10.957 -11.413 -11.722 -11.823 -11.793 -10.933 -11.533 -11.804 -11.839 -11.785 -11.591 -11.813 -11.848 -11.816 -11.797 -11.75 -11.668 -11.82 -11.515 -11.185 -10.731 -11.716
0.213423 -8.467 -8.831 -9.665 -10.843 -11.416 -11.736 -10.567 -10.952 -11.421 -11.74 -11.849 -11.826 -10.928 -11.544 -11.827 -11.868 -11.819 -11.604 -11.836 -11.877 -11.849 -11.832 -11.773 -11.685 -11.846 -11.555 -11.229 -10.777 -11.738
0.219878 -8.43 -8.787 -9.639 -10.835 -11.422 -11.753 -10.567 -10.947 -11.427 -11.757 -11.875 -11.858 -10.922 -11.555 -11.849 -11.896 -11.852 -11.616 -11.858 -11.906 -11.881 -11.867 -11.794 -11.701 -11.871 -11.595 -11.272 -10.823 -11.759
0.226528 -8.391 -8.741 -9.611 -10.826 -11.428 -11.77 -10.566 -10.941 -11.433 -11.774 -11.9 -11.89 -10.914 -11.564 -11.87 -11.925 -11.885 -11.627 -11.88 -11.934 -11.913 -11.901 -11.816 -11.716 -11.896 -11.634 -11.315 -10.869 -11.78
0.233379 -8.352 -8.694 -9.582 -10.815 -11.432 -11.785 -10.564 -10.933 -11.437 -11.79 -11.925 -11.922 -10.906 -11.573 -11.891 -11.952 -11.917 -11.638 -11.901 -11.962 -11.945 -11.935 -11.836 -11.73 -11.92 -11.673 -11.358 -10.914 -11.8
0.240437 -8.312 -8.645 -9.552 -10.804 -11.435 -11.8 -10.562 -10.924 -11.441 -11.805 -11.948 -11.953 -10.896 -11.58 -11.911 -11.979 -11.949 -11.647 -11.921 -11.989 -11.976 -11.969 -11.856 -11.744 -11.943 -11.712 -11.4 -10.96 -11.819
0.247709 -8.27 -8.594 -9.52 -10.791 -11.438 -11.814 -10.558 -10.914 -11.444 -11.819 -11.972 -11.983 -10.885 -11.587 -11.931 -12.005 -11.98 -11.656 -11.941 -12.016 -12.007 -12.002 -11.875 -11.757 -11.966 -11.75 -11.442 -11.005 -11.838
0.255201 -8.228 -8.54 -9.486 -10.776 -11.439 -11.827 -10.554 -10.902 -11.445 -11.833 -11.994 -12.013 -10.872 -11.592 -11.949 -12.031 -12.011 -11.663 -11.96 -12.041 -12.037 -12.034 -11.894 -11.769 -11.988 -11.788 -11.484 -11.05 -11.855
0.262919 -8.185 -8.485 -9.451 -10.761 -11.438 -11.839 -10.549 -10.889 -11.445 -11.845 -12.016 -12.042 -10.858 -11.597 -11.967 -12.056 -12.041 -11.67 -11.978 -12.067 -12.066 -12.066 -11.911 -11.78 -12.009 -11.826 -11.525 -11.094 -11.873
0.270871 -8.14 -8.427 -9.414 -10.743 -11.437 -11.85 -10.543 -10.874 -11.444 -11.856 -12.037 -12.071 -10.843 -11.6 -11.984 -12.08 -12.071 -11.675 -11.995 -12.091 -12.095 -12.098 -11.928 -11.79 -12.029 -11.863 -11.567 -11.139 -11.889
0.279064 -8.095 -8.367 -9.375 -10.724 -11.434 -11.86 -10.535 -10.858 -11.442 -11.867 -12.057 -12.099 -10.825 -11.603 -12.0 -12.104 -12.1 -11.679 -12.011 -12.115 -12.123 -12.128 -11.944 -11.799 -12.049 -11.9 -11.608 -11.183 -11.904
0.287504 -8.049 -8.304 -9.334 -10.703 -11.431 -11.869 -10.527 -10.841 -11.438 -11.876 -12.076 -12.127 -10.807 -11.604 -12.015 -12.127 -12.129 -11.683 -12.026 -12.138 -12.151 -12.159 -11.959 -11.806 -12.068 -11.936 -11.648 -11.227 -11.919
0.296199 -8.002 -8.239 -9.292 -10.681 -11.425 -11.876 -10.518 -10.821 -11.434 -11.885 -12.095 -12.153 -10.786 -11.603 -12.03 -12.149 -12.156 -11.685 -12.041 -12.16 -12.178 -12.189 -11.974 -11.813 -12.085 -11.972 -11.688 -11.27 -11.933
0.305157 -7.954 -8.172 -9.247 -10.657 -11.418 -11.883 -10.507 -10.8 -11.427 -11.892 -12.113 -12.179 -10.764 -11.602 -12.043 -12.17 -12.184 -11.685 -12.054 -12.182 -12.204 -12.218 -11.987 -11.819 -12.102 -12.008 -11.728 -11.314 -11.946
0.314387 -7.905 -8.101 -9.201 -10.631 -11.41 -11.889 -10.495 -10.777 -11.419 -11.898 -12.129 -12.205 -10.74 -11.599 -12.055 -12.19 -12.21 -11.685 -12.067 -12.202 -12.229 -12.246 -11.999 -11.823 -12.119 -12.043 -11.767 -11.357 -11.958
0.323895 -7.856 -8.028 -9.152 -10.603 -11.4 -11.893 -10.482 -10.752 -11.41 -11.903 -12.145 -12.229 -10.714 -11.595 -12.066 -12.21 -12.236 -11.683 -12.078 -12.222 -12.254 -12.274 -12.011 -11.827 -12.134 -12.077 -11.806 -11.399 -11.969
0.333691 -7.805 -7.952 -9.101 -10.573 -11.389 -11.896 -10.468 -10.726 -11.399 -11.906 -12.16 -12.253 -10.686 -11.589 -12.076 -12.228 -12.26 -11.68 -12.088 -12.241 -12.278 -12.301 -12.021 -11.829 -12.148 -12.111 -11.845 -11.442 -11.979
0.343783 -7.755 -7.873 -9.048 -10.541 -11.376 -11.897 -10.452 -10.697 -11.387 -11.908 -12.173 -12.276 -10.656 -11.581 -12.085 -12.246 -12.285 -11.675 -12.097 -12.259 -12.301 -12.328 -12.03 -11.829 -12.161 -12.144 -11.883 -11.484 -11.988
0.354181 -7.703 -7.791 -8.993 -10.506 -11.361 -11.897 -10.435 -10.666 -11.372 -11.909 -12.186 -12.298 -10.624 -11.572 -12.092 -12.263 -12.308 -11.669 -12.105 -12.276 -12.323 -12.353 -12.038 -11.829 -12.172 -12.177 -11.921 -11.525 -11.996
0.364893 -7.652 -7.705 -8.935 -10.47 -11.344 -11.896 -10.416 -10.633 -11.356 -11.908 -12.197 -12.319 -10.589 -11.562 -12.098 -12.278 -12.33 -11.661 -12.111 -12.291 -12.345 -12.378 -12.045 -11.826 -12.183 -12.209 -11.958 -11.566 -12.003
0.375929 -7.599 -7.616 -8.874 -10.431 -11.326 -11.893 -10.396 -10.597 -11.338 -11.906 -12.208 -12.339 -10.552 -11.549 -12.103 -12.292 -12.351 -11.651 -12.117 -12.306 -12.365 -12.402 -12.05 -11.822 -12.193 -12.24 -11.994 -11.607 -12.008
0.387298 -7.547 -7.523 -8.811 -10.389 -11.305 -11.888 -10.374 -10.559 -11.318 -11.902 -12.216 -12.359 -10.513 -11.535 -12.106 -12.306 -12.372 -11.64 -12.12 -12.319 -12.384 -12.425 -12.054 -11.817 -12.201 -12.27 -12.03 -11.647 -12.013
0.399012 -7.494 -7.427 -8.745 -10.345 -11.282 -11.882 -10.35 -10.519 -11.295 -11.896 -12.224 -12.377 -10.471 -11.519 -12.108 -12.318 -12.391 -11.626 -12.123 -12.332 -12.402 -12.447 -12.057 -11.81 -12.207 -12.3 -12.066 -11.687 -12.015
0.41108 -7.442 -7.326 -8.676 -10.297 -11.257 -11.874 -10.325 -10.476 -11.271 -11.889 -12.23 -12.394 -10.426 -11.5 -12.108 -12.328 -12.41 -11.611 -12.123 -12.343 -12.42 -12.468 -12.058 -11.801 -12.213 -12.329 -12.101 -11.727 -12.017
0.423513 -7.389 -7.221 -8.604 -10.247 -11.229 -11.864 -10.298 -10.429 -11.244 -11.879 -12.235 -12.41 -10.378 -11.48 -12.107 -12.337 -12.427 -11.594 -12.122 -12.352 -12.436 -12.489 -12.058 -11.79 -12.217 -12.358 -12.135 -11.766 -12.017
0.436321 -7.337 -7.112 -8.528 -10.194 -11.199 -11.852 -10.268 -10.38 -11.215 -11.868 -12.238 -12.424 -10.328 -11.457 -12.104 -12.345 -12.443 -11.574 -12.12 -12.361 -12.45 -12.508 -12.056 -11.778 -12.219 -12.385 -12.168 -11.804 -12.016
0.449518 -7.285 -6.998 -8.45 -10.137 -11.167 -11.837 -10.237 -10.328 -11.183 -11.855 -12.24 -12.437 -10.274 -11.431 -12.099 -12.351 -12.457 -11.553 -12.115 -12.367 -12.464 -12.525 -12.053 -11.763 -12.22 -12.412 -12.201 -11.842 -12.013
0.463113 -7.234 -6.879 -8.367 -10.077 -11.131 -11.821 -10.203 -10.272 -11.148 -11.839 -12.239 -12.449 -10.216 -11.404 -12.092 -12.356 -12.471 -11.529 -12.108 -12.372 -12.476 -12.542 -12.047 -11.746 -12.218 -12.437 -12.233 -11.879 -12.008
0.47712 -7.184 -6.755 -8.282 -10.014 -11.093 -11.802 -10.167 -10.213 -11.111 -11.821 -12.237 -12.46 -10.155 -11.373 -12.082 -12.359 -12.482 -11.502 -12.1 -12.376 -12.486 -12.557 -12.04 -11.726 -12.215 -12.462 -12.265 -11.916 -12.002
0.49155 -7.134 -6.626 -8.192 -9.946 -11.051 -11.781 -10.129 -10.15 -11.07 -11.801 -12.233 -12.469 -10.09 -11.34 -12.071 -12.36 -12.493 -11.473 -12.089 -12.377 -12.496 -12.571 -12.031 -11.705 -12.21 -12.485 -12.295 -11.952 -11.994
0.506416 -7.085 -6.491 -8.098 -9.875 -11.007 -11.757 -10.088 -10.084 -11.027 -11.778 -12.227 -12.476 -10.022 -11.303 -12.058 -12.36 -12.502 -11.441 -12.076 -12.377 -12.503 -12.584 -12.019 -11.68 -12.203 -12.508 -12.325 -11.987 -11.984
0.521733 -7.037 -6.35 -8.0 -9.799 -10.959 -11.73 -10.044 -10.013 -10.98 -11.752 -12.219 -12.482 -9.949 -11.264 -12.041 -12.357 -12.509 -11.406 -12.061 -12.375 -12.509 -12.595 -12.006 -11.653 -12.194 -12.529 -12.353 -12.022 -11.972
0.537512 -6.991 -6.203 -7.898 -9.719 -10.907 -11.7 -9.997 -9.937 -10.929 -11.723 -12.209 -12.485 -9.871 -11.221 -12.023 -12.352 -12.514 -11.368 -12.043 -12.37 -12.513 -12.604 -11.99 -11.623 -12.183 -12.549 -12.381 -12.055 -11.957
0.553769 -6.946 -6.049 -7.79 -9.633 -10.851 -11.667 -9.947 -9.857 -10.874 -11.691 -12.196 -12.487 -9.789 -11.175 -12.001 -12.345 -12.518 -11.326 -12.023 -12.364 -12.515 -12.612 -11.971 -11.59 -12.169 -12.567 -12.408 -12.088 -11.941
0.570517 -6.902 -5.888 -7.678 -9.543 -10.791 -11.631 -9.894 -9.772 -10.816 -11.656 -12.18 -12.487 -9.701 -11.125 -11.977 -12.335 -12.519 -11.281 -11.999 -12.355 -12.514 -12.618 -11.95 -11.554 -12.152 -12.584 -12.433 -12.121 -11.922
0.587772 -6.86 -5.72 -7.561 -9.447 -10.727 -11.591 -9.838 -9.682 -10.753 -11.618 -12.162 -12.485 -9.609 -11.07 -11.95 -12.323 -12.518 -11.233 -11.973 -12.343 -12.512 -12.622 -11.926 -11.514 -12.133 -12.6 -12.457 -12.152 -11.9
0.605549 -6.819 -5.544 -7.438 -9.346 -10.658 -11.547 -9.778 -9.586 -10.685 -11.575 -12.141 -12.48 -9.51 -11.012 -11.919 -12.308 -12.515 -11.18 -11.943 -12.329 -12.507 -12.623 -11.899 -11.471 -12.11 -12.614 -12.48 -12.182 -11.876
0.623863 -6.78 -5.36 -7.31 -9.238 -10.584 -11.5 -9.714 -9.485 -10.613 -11.529 -12.117 -12.473 -9.406 -10.949 -11.884 -12.29 -12.51 -11.124 -11.91 -12.312 -12.5 -12.623 -11.869 -11.424 -12.085 -12.626 -12.502 -12.211 -11.849
0.642731 -6.742 -5.168 -7.176 -9.124 -10.505 -11.448 -9.646 -9.377 -10.535 -11.479 -12.089 -12.463 -9.295 -10.881 -11.846 -12.27 -12.502 -11.062 -11.873 -12.292 -12.49 -12.62 -11.836 -11.373 -12.056 -12.636 -12.522 -12.239 -11.819
0.66217 -6.706 -4.967 -7.035 -9.003 -10.421 -11.391 -9.574 -9.262 -10.452 -11.424 -12.058 -12.45 -9.177 -10.808 -11.804 -12.245 -12.491 -10.997 -11.832 -12.268 -12.478 -12.615 -11.799 -11.317 -12.023 -12.645 -12.541 -12.266 -11.786
