web/models/kne.last_good/kappa_0.5_3.0.v1/36/villar_0.0182_0.2493_0.5000.dat
# %ECSV 1.0
# ---
# datatype:
# - {name: time, datatype: float64}
# - {name: swift_uvot_uvw2, datatype: float64}
# - {name: swift_uvot_uvm2, datatype: float64}
# - {name: swift_uvot_uvw1, datatype: float64}
# - {name: swift_uvot_U, datatype: float64}
# - {name: swift_uvot_B, datatype: float64}
# - {name: swift_uvot_V, datatype: float64}
# - {name: swift_uvot_W, datatype: float64}
# - {name: johnson_U, datatype: float64}
# - {name: johnson_B, datatype: float64}
# - {name: johnson_V, datatype: float64}
# - {name: johnson_R, datatype: float64}
# - {name: johnson_I, datatype: float64}
# - {name: sdss_u, datatype: float64}
# - {name: sdss_g, datatype: float64}
# - {name: sdss_r, datatype: float64}
# - {name: sdss_i, datatype: float64}
# - {name: sdss_z, datatype: float64}
# - {name: PS1_g, datatype: float64}
# - {name: PS1_r, datatype: float64}
# - {name: PS1_i, datatype: float64}
# - {name: PS1_z, datatype: float64}
# - {name: PS1_Y, datatype: float64}
# - {name: PS1_w, datatype: float64}
# - {name: ATLAS_c, datatype: float64}
# - {name: ATLAS_o, datatype: float64}
# - {name: ukirt_J, datatype: float64}
# - {name: ukirt_H, datatype: float64}
# - {name: ukirt_K, datatype: float64}
# - {name: Clear, datatype: float64}
# meta: !!omap
# - comment: [kappa = 0.5, type = villar, mass = 0.018176879801416274, velocity = 0.24933333333333335, theta_obs = 0.0]
# schema: astropy-2.0
time swift_uvot_uvw2 swift_uvot_uvm2 swift_uvot_uvw1 swift_uvot_U swift_uvot_B swift_uvot_V swift_uvot_W johnson_U johnson_B johnson_V johnson_R johnson_I sdss_u sdss_g sdss_r sdss_i sdss_z PS1_g PS1_r PS1_i PS1_z PS1_Y PS1_w ATLAS_c ATLAS_o ukirt_J ukirt_H ukirt_K Clear
[from data line 285]
4.874892 8.892 14.108 37.343 47.909 36.08 28.092 11.161 45.866 33.794 26.043 17.687 12.7 47.18 32.025 23.177 17.658 13.192 7.627 7.831 7.81 7.395 5.649 18.896 25.447 18.63 7.465 3.965 1.339 5.863
5.02233 9.875 15.09 38.325 48.891 37.063 29.074 12.143 46.848 34.777 27.025 18.669 13.682 48.162 33.008 24.16 18.64 14.174 8.609 8.814 8.792 8.377 6.631 19.878 26.429 19.613 8.448 4.947 2.321 6.845
5.174227 10.917 16.133 39.368 49.934 38.105 30.117 13.186 47.891 35.819 28.068 19.712 14.725 49.205 34.05 25.202 19.683 15.217 9.652 9.856 9.835 9.42 7.674 20.921 27.472 20.655 9.491 5.99 3.364 7.888
5.330718 12.024 17.24 40.474 51.041 39.212 31.224 14.292 48.997 36.926 29.175 20.818 15.831 50.311 35.157 26.309 20.789 16.324 10.758 10.963 10.942 10.526 8.78 22.027 28.579 21.762 10.597 7.097 4.471 8.994
5.491942 13.199 18.414 41.649 52.215 40.387 32.398 15.467 50.172 38.101 30.35 21.993 17.006 51.486 36.332 27.484 21.964 17.498 11.933 12.138 12.116 11.701 9.955 23.202 29.753 22.937 11.772 8.271 5.645 10.169
5.658042 14.445 19.661 42.896 53.462 41.633 33.645 16.714 51.419 39.348 31.596 23.24 18.253 52.733 37.578 28.731 23.211 18.745 13.18 13.385 13.363 12.948 11.202 24.449 31.0 24.183 13.019 9.518 6.892 11.416
5.829166 15.769 20.984 44.219 54.785 42.957 34.968 18.037 52.742 40.671 32.92 24.563 19.576 54.056 38.902 30.054 24.534 20.069 14.503 14.708 14.686 14.271 12.525 25.772 32.324 25.507 14.342 10.841 8.216 12.739
6.005465 17.173 22.389 45.624 56.19 44.361 36.373 19.442 54.147 42.076 34.324 25.968 20.981 55.461 40.306 31.459 25.939 21.473 15.908 16.112 16.091 15.676 13.93 27.177 33.728 26.911 15.747 12.246 9.62 14.144
6.187096 18.664 23.88 47.115 57.681 45.852 37.864 20.933 55.638 43.566 35.815 27.459 22.472 56.952 41.797 32.949 27.43 22.964 17.399 17.603 17.582 17.167 15.421 28.668 35.219 28.402 17.238 13.737 11.111 15.635
6.37422 20.247 25.462 48.697 59.263 47.435 39.446 22.515 57.22 45.149 37.398 29.041 24.054 58.534 43.38 34.532 29.012 24.546 18.981 19.186 19.164 18.749 17.003 30.25 36.801 29.985 18.82 15.319 12.693 17.217
6.567004 21.926 27.142 50.377 60.943 49.114 41.126 24.195 58.9 46.828 39.077 30.721 25.734 60.214 45.059 36.211 30.692 26.226 20.661 20.865 20.844 20.428 18.683 31.93 38.481 31.664 20.499 16.999 14.373 18.897
6.765619 23.709 28.924 52.159 62.725 50.897 42.909 25.977 60.682 48.611 40.86 32.503 27.516 61.996 46.842 37.994 32.474 28.009 22.443 22.648 22.626 22.211 20.465 33.712 40.264 33.447 22.282 18.782 16.156 20.679
6.97024 25.601 30.817 54.052 64.618 52.789 44.801 27.869 62.574 50.503 42.752 34.395 29.408 63.888 48.734 39.886 34.366 29.901 24.335 24.54 24.519 24.103 22.357 35.604 42.156 35.339 24.174 20.674 18.048 22.572
7.181051 27.609 32.825 56.06 66.626 54.797 46.809 29.878 64.583 52.512 44.76 36.404 31.417 65.897 50.742 41.895 36.375 31.909 26.344 26.548 26.527 26.112 24.366 37.613 44.164 37.347 26.183 22.682 20.056 24.58
7.398237 29.741 34.957 58.192 68.758 56.929 48.941 32.009 66.714 54.643 46.892 38.535 33.548 68.028 52.874 44.026 38.506 34.041 28.475 28.68 28.659 28.243 26.497 39.744 46.296 39.479 28.314 24.814 22.188 26.712
7.621991 32.004 37.219 60.454 71.02 59.192 51.203 34.272 68.977 56.906 49.154 40.798 35.811 70.291 55.137 46.289 40.769 36.303 30.738 30.943 30.921 30.506 28.76 42.007 48.558 41.742 30.577 27.076 24.45 28.974
7.852513 34.405 39.621 62.856 73.422 61.593 53.605 36.673 71.378 59.307 51.556 43.199 38.213 72.693 57.538 48.69 43.17 38.705 33.139 33.344 33.323 32.907 31.161 44.408 50.96 44.143 32.978 29.478 26.852 31.376
8.090007 36.954 42.17 65.404 75.971 64.142 56.154 39.222 73.927 61.856 54.105 45.748 40.761 75.241 60.087 51.239 45.719 41.254 35.688 35.893 35.872 35.456 33.71 46.957 53.509 46.692 35.527 32.027 29.401 33.925
8.334684 39.659 44.875 68.11 78.676 66.847 58.859 41.928 76.633 64.562 56.81 48.454 43.467 77.947 62.792 53.945 48.425 43.959 38.394 38.599 38.577 38.162 36.416 49.663 56.214 49.398 38.233 34.732 32.106 36.63
8.586761 42.531 47.747 70.982 81.548 69.719 61.731 44.799 79.504 67.433 59.682 51.325 46.338 80.818 65.664 56.816 51.296 46.831 41.265 41.47 41.449 41.033 39.287 52.534 59.086 52.269 41.104 37.604 34.978 39.502
8.846461 45.579 50.795 74.029 84.596 72.767 64.779 47.847 82.552 70.481 62.73 54.373 49.386 83.866 68.712 59.864 54.344 49.879 44.313 44.518 44.497 44.081 42.335 55.582 62.134 55.317 44.152 40.652 38.026 42.549
9.114017 48.814 54.03 77.264 87.831 76.002 68.014 51.082 85.787 73.716 65.965 57.608 52.621 87.101 71.947 63.099 57.579 53.114 47.548 47.753 47.732 47.316 45.57 58.817 65.369 58.552 47.387 43.887 41.261 45.784
9.389664 52.248 57.463 80.698 91.264 79.436 71.447 54.516 89.221 77.15 69.399 61.042 56.055 90.535 75.381 66.533 61.013 56.547 50.982 51.187 51.165 50.75 49.004 62.251 68.803 61.986 50.821 47.32 44.695 49.218
9.673648 55.892 61.108 84.343 94.909 83.08 75.092 58.161 92.866 80.794 73.043 64.687 59.7 94.18 79.025 70.177 64.658 60.192 54.627 54.831 54.81 54.395 52.649 65.896 72.447 65.63 54.466 50.965 48.339 52.863
9.966221 59.76 64.976 88.211 98.777 86.949 78.96 62.029 96.734 84.663 76.911 68.555 63.568 98.048 82.894 74.046 68.526 64.06 58.495 58.7 58.678 58.263 56.517 69.764 76.315 69.499 58.334 54.833 52.207 56.731
10.267642 63.866 69.082 92.317 102.883 91.054 83.066 66.135 100.84 88.769 81.017 72.661 67.674 102.154 86.999 78.152 72.632 68.166 62.601 62.805 62.784 62.369 60.623 73.87 80.421 73.604 62.44 58.939 56.313 60.837
10.57818 68.224 73.44 96.675 107.241 95.412 87.424 70.493 105.198 93.127 85.375 77.019 72.032 106.512 91.357 82.51 76.99 72.524 66.959 67.163 67.142 66.727 64.981 78.228 84.779 77.962 66.798 63.297 60.671 65.195
10.89811 72.85 78.066 101.3 111.866 100.038 92.05 75.118 109.823 97.752 90.001 81.644 76.657 111.137 95.983 87.135 81.615 77.15 71.584 71.789 71.768 71.352 69.606 82.853 89.405 82.588 71.423 67.923 65.297 69.82
11.227716 77.759 82.975 106.21 116.776 104.947 96.959 80.028 114.733 102.662 94.91 86.554 81.567 116.047 100.892 92.045 86.525 82.059 76.494 76.699 76.677 76.262 74.516 87.763 94.314 87.498 76.333 72.832 70.206 74.73
11.56729 82.97 88.186 111.421 121.987 110.159 102.17 85.239 119.944 107.873 100.121 91.765 86.778 121.258 106.104 97.256 91.736 87.27 81.705 81.91 81.888 81.473 79.727 92.974 99.525 92.709 81.544 78.043 75.417 79.941
11.917135 88.502 93.717 116.952 127.518 115.69 107.701 90.77 125.475 113.404 105.652 97.296 92.309 126.789 111.635 102.787 97.267 92.801 87.236 87.441 87.419 87.004 85.258 98.505 105.056 98.24 87.075 83.574 80.948 85.472
12.277561 94.372 99.588 122.823 133.389 121.56 113.572 96.641 131.346 119.274 111.523 103.167 98.18 132.66 117.505 108.657 103.138 98.672 93.107 93.311 93.29 92.875 91.129 104.376 110.927 104.11 92.946 89.445 86.819 91.343
12.648887 100.603 105.819 129.054 139.62 127.791 119.803 102.872 137.577 125.506 117.754 109.398 104.411 138.891 123.736 114.888 109.369 104.903 99.338 99.542 99.521 99.106 97.36 110.607 117.158 110.341 99.177 95.676 93.05 97.574
13.031444 107.217 112.433 135.668 146.234 134.405 126.417 109.485 144.19 132.119 124.368 116.011 111.025 145.505 130.35 121.502 115.982 111.517 105.951 106.156 106.135 105.719 103.973 117.22 123.772 116.955 105.79 102.29 99.664 104.188
13.425571 114.237 119.453 142.687 153.253 141.425 133.437 116.505 151.21 139.139 131.388 123.031 118.044 152.524 137.37 128.522 123.002 118.537 112.971 113.176 113.155 112.739 110.993 124.24 130.792 123.975 112.81 109.31 106.684 111.207
13.831619 121.688 126.903 150.138 160.704 148.876 140.887 123.956 158.661 146.59 138.839 130.482 125.495 159.975 144.821 135.973 130.453 125.988 120.422 120.627 120.605 120.19 118.444 131.691 138.243 131.426 120.261 116.76 114.135 118.658
14.249947 129.596 134.812 158.047 168.613 156.784 148.796 131.865 166.57 154.498 146.747 138.391 133.404 167.884 152.729 143.881 138.362 133.896 128.331 128.535 128.514 128.098 126.353 139.6 146.151 139.334 128.169 124.669 122.043 126.567
14.680926 137.99 143.206 166.441 177.007 165.178 157.19 140.259 174.964 162.892 155.141 146.785 141.798 176.278 161.123 152.275 146.756 142.29 136.725 136.929 136.908 136.492 134.747 147.994 154.545 147.728 136.563 133.063 130.437 134.961
15.124941 146.9 152.115 175.35 185.916 174.088 166.099 149.168 183.873 171.802 164.05 155.694 150.707 185.187 170.033 161.185 155.665 151.199 145.634 145.839 145.817 145.402 143.656 156.903 163.454 156.638 145.473 141.972 139.346 143.87
15.582385 156.356 161.572 184.807 195.373 183.544 175.556 158.624 193.329 181.258 173.507 165.15 160.164 194.643 179.489 170.641 165.121 160.656 155.09 155.295 155.274 154.858 153.112 166.359 172.911 166.094 154.929 151.429 148.803 153.327
16.053663 166.393 171.609 194.844 205.41 193.581 185.593 168.662 203.367 191.295 183.544 175.188 170.201 204.681 189.526 180.678 175.159 170.693 165.128 165.332 165.311 164.896 163.15 176.397 182.948 176.131 164.966 161.466 158.84 163.364
16.539195 177.047 182.262 205.497 216.063 204.235 196.246 179.315 214.02 201.949 194.198 185.841 180.854 215.334 200.18 191.332 185.812 181.346 175.781 175.986 175.964 175.549 173.803 187.05 193.602 186.785 175.62 172.119 169.493 174.017
17.039412 188.354 193.57 216.805 227.371 215.542 207.554 190.623 225.328 213.257 205.505 197.149 192.162 226.642 211.487 202.639 197.12 192.654 187.089 187.293 187.272 186.857 185.111 198.358 204.909 198.092 186.928 183.427 180.801 185.325
17.554757 200.356 205.572 228.807 239.373 227.544 219.556 202.625 237.33 225.258 217.507 209.151 204.164 238.644 223.489 214.641 209.122 204.656 199.091 199.295 199.274 198.859 197.113 210.36 216.911 210.094 198.929 195.429 192.803 197.327
18.085689 213.095 218.311 241.546 252.112 240.283 232.295 215.363 250.069 237.997 230.246 221.889 216.903 251.383 236.228 227.38 221.86 217.395 211.829 212.034 212.013 211.597 209.852 223.098 229.65 222.833 211.668 208.168 205.542 210.066
18.632678 226.616 231.832 255.067 265.633 253.804 245.816 228.885 263.59 251.518 243.767 235.411 230.424 264.904 249.749 240.901 235.382 230.916 225.351 225.555 225.534 225.119 223.373 236.62 243.171 236.354 225.19 221.689 219.063 223.587
19.196211 240.968 246.183 269.418 279.984 268.156 260.167 243.236 277.941 265.87 258.118 249.762 244.775 279.255 264.101 255.253 249.733 245.267 239.702 239.907 239.885 239.47 237.724 250.971 257.522 250.706 239.541 236.04 233.414 237.938
19.776787 256.2 261.416 284.651 295.217 283.388 275.4 258.468 293.174 281.102 273.351 264.994 260.008 294.488 279.333 270.485 264.965 260.5 254.934 255.139 255.118 254.702 252.957 266.203 272.755 265.938 254.773 251.273 248.647 253.171
20.374923 272.368 277.584 300.818 311.385 299.556 291.568 274.636 309.341 297.27 289.519 281.162 276.175 310.655 295.501 286.653 281.133 276.668 271.102 271.307 271.286 270.87 269.124 282.371 288.923 282.106 270.941 267.441 264.815 269.339
20.991149 289.529 294.744 317.979 328.545 316.717 308.728 291.797 326.502 314.431 306.68 298.323 293.336 327.816 312.662 303.814 298.294 293.828 288.263 288.468 288.446 288.031 286.285 299.532 306.084 299.267 288.102 284.601 281.976 286.499
21.626011 307.743 312.959 336.194 346.76 334.931 326.943 310.011 344.716 332.645 324.894 316.537 311.551 346.031 330.876 322.028 316.508 312.043 306.477 306.682 306.661 306.245 304.499 317.746 324.298 317.481 306.316 302.816 300.19 304.714
22.280075 327.076 332.291 355.526 366.092 354.264 346.276 329.344 364.049 351.978 344.227 335.87 330.883 365.363 350.209 341.361 335.841 331.376 325.81 326.015 325.993 325.578 323.832 337.079 343.631 336.814 325.649 322.149 319.523 324.046
22.953921 347.596 352.811 376.046 386.612 374.784 366.795 349.864 384.569 372.498 364.747 356.39 351.403 385.883 370.729 361.881 356.361 351.896 346.33 346.535 346.513 346.098 344.352 357.599 364.151 357.334 346.169 342.668 340.043 344.566
23.648147 369.376 374.591 397.826 408.392 396.564 388.575 371.644 406.349 394.278 386.527 378.17 373.183 407.663 392.509 383.661 378.141 373.675 368.11 368.315 368.293 367.878 366.132 379.379 385.931 379.114 367.949 364.448 361.823 366.346
24.363369 392.493 397.709 420.943 431.51 419.681 411.693 394.761 429.466 417.395 409.644 401.287 396.3 430.78 415.626 406.778 401.258 396.793 391.227 391.432 391.411 390.995 389.249 402.496 409.048 402.231 391.066 387.566 384.94 389.463
25.100222 417.03 422.245 445.48 456.046 444.218 436.229 419.298 454.003 441.932 434.181 425.824 420.837 455.317 440.163 431.315 425.795 421.329 415.764 415.969 415.947 415.532 413.786 427.033 433.585 426.768 415.603 412.102 409.477 414.0
25.859362 443.073 448.289 471.524 482.09 470.261 462.273 445.341 480.046 467.975 460.224 451.867 446.881 481.36 466.206 457.358 451.838 447.373 441.807 442.012 441.991 441.575 439.829 453.076 459.628 452.811 441.646 438.146 435.52 440.044
26.64146 470.716 475.931 499.166 509.732 497.904 489.915 472.984 507.689 495.618 487.866 479.51 474.523 509.003 493.849 485.001 479.481 475.015 469.45 469.655 469.633 469.218 467.472 480.719 487.27 480.454 469.289 465.788 463.162 467.686
27.447213 500.055 505.271 528.506 539.072 527.243 519.255 502.324 537.029 524.958 517.206 508.85 503.863 538.343 523.188 514.341 508.821 504.355 498.79 498.995 498.973 498.558 496.812 510.059 516.61 509.794 498.629 495.128 492.502 497.026
28.277335 531.197 536.412 559.647 570.213 558.385 550.397 533.465 568.17 556.099 548.348 539.991 535.004 569.484 554.33 545.482 539.962 535.497 529.931 530.136 530.114 529.699 527.953 541.2 547.752 540.935 529.77 526.27 523.644 528.167
29.132564 564.25 569.466 592.701 603.267 591.438 583.45 566.519 601.224 589.153 581.401 573.045 568.058 602.538 587.383 578.536 573.016 568.55 562.985 563.19 563.168 562.753 561.007 574.254 580.805 573.989 562.824 559.323 556.697 561.221
30.013659 599.334 604.549 627.784 638.35 626.522 618.533 601.602 636.307 624.236 616.485 608.128 603.141 637.621 622.467 613.619 608.099 603.634 598.068 598.273 598.251 597.836 596.09 609.337 615.889 609.072 597.907 594.406 591.781 596.304
30.921401 636.571 641.787 665.022 675.588 663.759 655.771 638.84 673.545 661.473 653.722 645.366 640.379 674.859 659.704 650.856 645.337 640.871 635.306 635.51 635.489 635.074 633.328 646.575 653.126 646.309 635.144 631.644 629.018 633.542
31.856598 676.095 681.311 704.546 715.112 703.283 695.295 678.364 713.069 700.997 693.246 684.89 679.903 714.383 699.228 690.38 684.861 680.395 674.83 675.034 675.013 674.597 672.852 686.099 692.65 685.833 674.668 671.168 668.542 673.066
32.820079 718.046 723.262 746.496 757.063 745.234 737.246 720.314 755.019 742.948 735.197 726.84 721.853 756.333 741.179 732.331 726.811 722.346 716.78 716.985 716.964 716.548 714.802 728.049 734.601 727.784 716.619 713.119 710.493 715.017
33.8127 762.573 767.788 791.03 nan 790.087 781.773 764.841 nan 787.502 779.724 771.367 766.38 nan 785.711 776.858 771.338 766.873 761.307 761.512 761.49 761.075 759.329 772.576 779.128 772.311 761.146 757.645 755.02 759.543
34.835342 762.573 767.788 791.03 nan 790.087 781.773 764.841 nan 787.502 779.724 771.367 766.38 nan 785.711 776.858 771.338 766.873 761.307 761.512 761.49 761.075 759.329 772.576 779.128 772.311 761.146 757.645 755.02 759.543
35.888913 762.573 767.788 791.03 nan 790.087 781.773 764.841 nan 787.502 779.724 771.367 766.38 nan 785.711 776.858 771.338 766.873 761.307 761.512 761.49 761.075 759.329 772.576 779.128 772.311 761.146 757.645 755.02 759.543
36.974349 762.573 767.788 791.03 nan 790.087 781.773 764.841 nan 787.502 779.724 771.367 766.38 nan 785.711 776.858 771.338 766.873 761.307 761.512 761.49 761.075 759.329 772.576 779.128 772.311 761.146 757.645 755.02 759.543
38.092613 762.573 767.788 791.03 nan 790.087 781.773 764.841 nan 787.502 779.724 771.367 766.38 nan 785.711 776.858 771.338 766.873 761.307 761.512 761.49 761.075 759.329 772.576 779.128 772.311 761.146 757.645 755.02 759.543
39.244698 762.573 767.788 791.03 nan 790.087 781.773 764.841 nan 787.502 779.724 771.367 766.38 nan 785.711 776.858 771.338 766.873 761.307 761.512 761.49 761.075 759.329 772.576 779.128 772.311 761.146 757.645 755.02 759.543
