web/models/kne.last_good/kappa_0.5_3.0.v1/36/villar_0.0775_0.1710_0.5000.dat
# %ECSV 1.0
# ---
# datatype:
# - {name: time, datatype: float64}
# - {name: swift_uvot_uvw2, datatype: float64}
# - {name: swift_uvot_uvm2, datatype: float64}
# - {name: swift_uvot_uvw1, datatype: float64}
# - {name: swift_uvot_U, datatype: float64}
# - {name: swift_uvot_B, datatype: float64}
# - {name: swift_uvot_V, datatype: float64}
# - {name: swift_uvot_W, datatype: float64}
# - {name: johnson_U, datatype: float64}
# - {name: johnson_B, datatype: float64}
# - {name: johnson_V, datatype: float64}
# - {name: johnson_R, datatype: float64}
# - {name: johnson_I, datatype: float64}
# - {name: sdss_u, datatype: float64}
# - {name: sdss_g, datatype: float64}
# - {name: sdss_r, datatype: float64}
# - {name: sdss_i, datatype: float64}
# - {name: sdss_z, datatype: float64}
# - {name: PS1_g, datatype: float64}
# - {name: PS1_r, datatype: float64}
# - {name: PS1_i, datatype: float64}
# - {name: PS1_z, datatype: float64}
# - {name: PS1_Y, datatype: float64}
# - {name: PS1_w, datatype: float64}
# - {name: ATLAS_c, datatype: float64}
# - {name: ATLAS_o, datatype: float64}
# - {name: ukirt_J, datatype: float64}
# - {name: ukirt_H, datatype: float64}
# - {name: ukirt_K, datatype: float64}
# - {name: Clear, datatype: float64}
# meta: !!omap
# - comment: [kappa = 0.5, type = villar, mass = 0.07749594937791414, velocity = 0.17100000000000004, theta_obs = 0.0]
# schema: astropy-2.0
time swift_uvot_uvw2 swift_uvot_uvm2 swift_uvot_uvw1 swift_uvot_U swift_uvot_B swift_uvot_V swift_uvot_W johnson_U johnson_B johnson_V johnson_R johnson_I sdss_u sdss_g sdss_r sdss_i sdss_z PS1_g PS1_r PS1_i PS1_z PS1_Y PS1_w ATLAS_c ATLAS_o ukirt_J ukirt_H ukirt_K Clear
[from data line 77]
0.009917 -10.702 -10.485 -10.347 -9.927 -9.571 -9.188 -10.191 -9.874 -9.567 -9.178 -8.787 -8.335 -9.884 -9.449 -8.962 -8.604 -8.268 -9.446 -9.02 -8.681 -8.483 -8.553 -9.026 -9.259 -8.816 -7.596 -7.051 -6.42 -9.107
0.010217 -10.745 -10.53 -10.394 -9.977 -9.622 -9.241 -10.238 -9.924 -9.618 -9.23 -8.84 -8.388 -9.934 -9.5 -9.014 -8.657 -8.321 -9.497 -9.072 -8.733 -8.534 -8.602 -9.079 -9.311 -8.868 -7.65 -7.105 -6.475 -9.159
0.010526 -10.787 -10.576 -10.44 -10.026 -9.673 -9.292 -10.285 -9.974 -9.669 -9.282 -8.893 -8.442 -9.984 -9.552 -9.067 -8.71 -8.375 -9.548 -9.123 -8.785 -8.585 -8.651 -9.131 -9.363 -8.921 -7.704 -7.159 -6.53 -9.21
0.010845 -10.829 -10.621 -10.487 -10.076 -9.724 -9.344 -10.331 -10.023 -9.72 -9.334 -8.945 -8.495 -10.033 -9.603 -9.119 -8.763 -8.428 -9.599 -9.175 -8.837 -8.636 -8.699 -9.183 -9.414 -8.974 -7.758 -7.214 -6.584 -9.262
0.011173 -10.871 -10.666 -10.533 -10.125 -9.774 -9.396 -10.377 -10.073 -9.771 -9.385 -8.998 -8.548 -10.083 -9.654 -9.171 -8.816 -8.482 -9.649 -9.226 -8.889 -8.688 -8.748 -9.235 -9.466 -9.026 -7.812 -7.268 -6.639 -9.314
0.011511 -10.913 -10.711 -10.579 -10.174 -9.825 -9.448 -10.423 -10.122 -9.821 -9.437 -9.05 -8.601 -10.132 -9.705 -9.223 -8.869 -8.535 -9.7 -9.278 -8.94 -8.739 -8.796 -9.286 -9.517 -9.078 -7.866 -7.322 -6.694 -9.365
0.011859 -10.955 -10.756 -10.625 -10.223 -9.876 -9.499 -10.469 -10.172 -9.872 -9.489 -9.103 -8.654 -10.181 -9.756 -9.276 -8.922 -8.588 -9.75 -9.329 -8.992 -8.79 -8.844 -9.338 -9.569 -9.131 -7.92 -7.377 -6.748 -9.417
0.012217 -10.996 -10.8 -10.671 -10.272 -9.926 -9.551 -10.515 -10.221 -9.922 -9.54 -9.155 -8.707 -10.231 -9.806 -9.328 -8.974 -8.641 -9.801 -9.38 -9.043 -8.841 -8.893 -9.39 -9.62 -9.183 -7.974 -7.431 -6.803 -9.468
0.012587 -11.037 -10.845 -10.717 -10.321 -9.976 -9.602 -10.561 -10.27 -9.973 -9.592 -9.207 -8.76 -10.28 -9.857 -9.38 -9.027 -8.694 -9.851 -9.431 -9.095 -8.892 -8.941 -9.442 -9.671 -9.235 -8.028 -7.485 -6.857 -9.52
0.012968 -11.078 -10.889 -10.762 -10.37 -10.027 -9.654 -10.607 -10.319 -10.023 -9.643 -9.26 -8.813 -10.329 -9.908 -9.431 -9.079 -8.747 -9.901 -9.483 -9.146 -8.943 -8.99 -9.493 -9.722 -9.287 -8.081 -7.539 -6.911 -9.571
0.01336 -11.119 -10.933 -10.807 -10.418 -10.077 -9.705 -10.652 -10.368 -10.073 -9.695 -9.312 -8.866 -10.378 -9.958 -9.483 -9.132 -8.8 -9.951 -9.534 -9.198 -8.994 -9.038 -9.545 -9.773 -9.339 -8.135 -7.593 -6.966 -9.622
0.013764 -11.16 -10.977 -10.853 -10.467 -10.127 -9.756 -10.697 -10.417 -10.123 -9.746 -9.364 -8.919 -10.426 -10.009 -9.535 -9.184 -8.853 -10.001 -9.585 -9.249 -9.044 -9.086 -9.596 -9.824 -9.391 -8.189 -7.647 -7.02 -9.673
0.01418 -11.2 -11.021 -10.898 -10.515 -10.177 -9.808 -10.742 -10.465 -10.173 -9.797 -9.416 -8.972 -10.475 -10.059 -9.587 -9.237 -8.906 -10.051 -9.636 -9.3 -9.095 -9.135 -9.647 -9.875 -9.443 -8.242 -7.701 -7.075 -9.724
0.014609 -11.24 -11.064 -10.942 -10.564 -10.227 -9.859 -10.787 -10.514 -10.223 -9.848 -9.468 -9.024 -10.523 -10.109 -9.638 -9.289 -8.959 -10.101 -9.686 -9.352 -9.146 -9.183 -9.699 -9.926 -9.495 -8.296 -7.755 -7.129 -9.775
0.015051 -11.28 -11.108 -10.987 -10.612 -10.276 -9.91 -10.832 -10.562 -10.273 -9.899 -9.519 -9.077 -10.572 -10.16 -9.69 -9.341 -9.011 -10.151 -9.737 -9.403 -9.197 -9.231 -9.75 -9.976 -9.547 -8.349 -7.809 -7.183 -9.826
0.015506 -11.32 -11.151 -11.032 -10.66 -10.326 -9.961 -10.877 -10.611 -10.322 -9.95 -9.571 -9.129 -10.62 -10.21 -9.741 -9.393 -9.064 -10.201 -9.788 -9.454 -9.248 -9.279 -9.801 -10.027 -9.599 -8.403 -7.863 -7.237 -9.877
0.015975 -11.36 -11.194 -11.076 -10.708 -10.376 -10.011 -10.921 -10.659 -10.372 -10.001 -9.623 -9.182 -10.668 -10.26 -9.793 -9.445 -9.117 -10.25 -9.839 -9.505 -9.298 -9.328 -9.852 -10.078 -9.65 -8.456 -7.917 -7.291 -9.927
0.016458 -11.399 -11.237 -11.12 -10.756 -10.425 -10.062 -10.965 -10.707 -10.421 -10.052 -9.675 -9.234 -10.717 -10.31 -9.844 -9.497 -9.169 -10.3 -9.889 -9.556 -9.349 -9.376 -9.903 -10.128 -9.702 -8.509 -7.97 -7.346 -9.978
0.016956 -11.439 -11.279 -11.164 -10.803 -10.475 -10.113 -11.01 -10.755 -10.471 -10.102 -9.726 -9.287 -10.765 -10.359 -9.895 -9.549 -9.222 -10.349 -9.94 -9.607 -9.4 -9.424 -9.954 -10.179 -9.754 -8.563 -8.024 -7.4 -10.029
0.017469 -11.478 -11.322 -11.208 -10.851 -10.524 -10.163 -11.054 -10.803 -10.52 -10.153 -9.778 -9.339 -10.812 -10.409 -9.946 -9.601 -9.274 -10.399 -9.99 -9.658 -9.45 -9.472 -10.005 -10.229 -9.805 -8.616 -8.078 -7.454 -10.079
0.017997 -11.517 -11.364 -11.252 -10.898 -10.573 -10.214 -11.098 -10.851 -10.569 -10.204 -9.829 -9.391 -10.86 -10.459 -9.998 -9.653 -9.327 -10.448 -10.041 -9.709 -9.501 -9.52 -10.055 -10.279 -9.856 -8.669 -8.131 -7.508 -10.13
0.018541 -11.556 -11.406 -11.296 -10.946 -10.622 -10.264 -11.141 -10.898 -10.618 -10.254 -9.881 -9.444 -10.908 -10.508 -10.049 -9.705 -9.379 -10.497 -10.091 -9.76 -9.551 -9.569 -10.106 -10.329 -9.908 -8.722 -8.185 -7.562 -10.18
0.019102 -11.594 -11.448 -11.339 -10.993 -10.671 -10.315 -11.185 -10.946 -10.668 -10.304 -9.932 -9.496 -10.955 -10.558 -10.1 -9.757 -9.431 -10.547 -10.142 -9.811 -9.602 -9.617 -10.157 -10.379 -9.959 -8.775 -8.239 -7.616 -10.23
0.01968 -11.632 -11.49 -11.382 -11.04 -10.72 -10.365 -11.228 -10.993 -10.716 -10.355 -9.983 -9.548 -11.003 -10.607 -10.151 -9.808 -9.484 -10.596 -10.192 -9.861 -9.652 -9.665 -10.207 -10.429 -10.01 -8.829 -8.292 -7.67 -10.28
0.020275 -11.671 -11.531 -11.425 -11.087 -10.769 -10.415 -11.272 -11.041 -10.765 -10.405 -10.034 -9.6 -11.05 -10.657 -10.201 -9.86 -9.536 -10.645 -10.242 -9.912 -9.703 -9.713 -10.258 -10.479 -10.061 -8.882 -8.346 -7.723 -10.33
0.020888 -11.708 -11.573 -11.468 -11.134 -10.818 -10.466 -11.315 -11.088 -10.814 -10.455 -10.086 -9.652 -11.097 -10.706 -10.252 -9.912 -9.588 -10.694 -10.292 -9.963 -9.753 -9.761 -10.308 -10.529 -10.113 -8.935 -8.399 -7.777 -10.38
0.02152 -11.746 -11.614 -11.511 -11.181 -10.867 -10.516 -11.358 -11.135 -10.863 -10.505 -10.137 -9.704 -11.144 -10.755 -10.303 -9.963 -9.64 -10.742 -10.342 -10.014 -9.803 -9.809 -10.358 -10.579 -10.164 -8.988 -8.453 -7.831 -10.43
0.022171 -11.784 -11.655 -11.554 -11.228 -10.915 -10.566 -11.401 -11.182 -10.911 -10.555 -10.188 -9.756 -11.191 -10.804 -10.354 -10.015 -9.692 -10.791 -10.392 -10.064 -9.854 -9.857 -10.408 -10.628 -10.215 -9.04 -8.506 -7.885 -10.48
0.022841 -11.821 -11.696 -11.596 -11.274 -10.964 -10.616 -11.443 -11.229 -10.96 -10.605 -10.239 -9.808 -11.238 -10.853 -10.404 -10.066 -9.744 -10.84 -10.442 -10.115 -9.904 -9.906 -10.459 -10.678 -10.265 -9.093 -8.559 -7.939 -10.53
0.023532 -11.858 -11.736 -11.638 -11.321 -11.012 -10.665 -11.486 -11.276 -11.008 -10.655 -10.29 -9.86 -11.285 -10.902 -10.455 -10.117 -9.796 -10.889 -10.492 -10.165 -9.954 -9.954 -10.509 -10.728 -10.316 -9.146 -8.613 -7.993 -10.58
0.024244 -11.895 -11.777 -11.68 -11.367 -11.06 -10.715 -11.528 -11.322 -11.056 -10.705 -10.34 -9.911 -11.331 -10.951 -10.505 -10.169 -9.848 -10.937 -10.542 -10.216 -10.005 -10.002 -10.559 -10.777 -10.367 -9.199 -8.666 -8.046 -10.629
0.024977 -11.932 -11.817 -11.722 -11.413 -11.108 -10.765 -11.57 -11.369 -11.105 -10.755 -10.391 -9.963 -11.378 -10.999 -10.555 -10.22 -9.9 -10.986 -10.592 -10.266 -10.055 -10.05 -10.609 -10.826 -10.418 -9.252 -8.719 -8.1 -10.679
0.025733 -11.968 -11.857 -11.764 -11.459 -11.157 -10.815 -11.612 -11.415 -11.153 -10.804 -10.442 -10.015 -11.424 -11.048 -10.606 -10.271 -9.952 -11.034 -10.642 -10.316 -10.105 -10.098 -10.659 -10.876 -10.468 -9.305 -8.773 -8.154 -10.728
0.026511 -12.005 -11.897 -11.805 -11.505 -11.205 -10.864 -11.654 -11.462 -11.201 -10.854 -10.492 -10.066 -11.471 -11.097 -10.656 -10.322 -10.003 -11.082 -10.691 -10.367 -10.155 -10.146 -10.708 -10.925 -10.519 -9.357 -8.826 -8.207 -10.778
0.027313 -12.041 -11.936 -11.847 -11.551 -11.252 -10.914 -11.696 -11.508 -11.249 -10.903 -10.543 -10.118 -11.517 -11.145 -10.706 -10.373 -10.055 -11.13 -10.741 -10.417 -10.205 -10.194 -10.758 -10.974 -10.569 -9.41 -8.879 -8.261 -10.827
0.028139 -12.077 -11.976 -11.888 -11.597 -11.3 -10.963 -11.737 -11.554 -11.296 -10.953 -10.594 -10.169 -11.563 -11.193 -10.756 -10.424 -10.107 -11.179 -10.79 -10.467 -10.255 -10.242 -10.808 -11.023 -10.62 -9.462 -8.932 -8.314 -10.876
0.02899 -12.112 -12.015 -11.929 -11.642 -11.348 -11.012 -11.779 -11.6 -11.344 -11.002 -10.644 -10.221 -11.609 -11.242 -10.806 -10.475 -10.158 -11.227 -10.84 -10.517 -10.305 -10.29 -10.857 -11.072 -10.67 -9.515 -8.985 -8.368 -10.926
0.029867 -12.148 -12.054 -11.97 -11.688 -11.396 -11.062 -11.82 -11.646 -11.392 -11.051 -10.694 -10.272 -11.654 -11.29 -10.856 -10.526 -10.21 -11.275 -10.889 -10.567 -10.355 -10.339 -10.907 -11.121 -10.721 -9.568 -9.038 -8.421 -10.975
0.03077 -12.183 -12.093 -12.01 -11.733 -11.443 -11.111 -11.861 -11.691 -11.439 -11.101 -10.745 -10.324 -11.7 -11.338 -10.906 -10.577 -10.261 -11.322 -10.939 -10.618 -10.405 -10.387 -10.956 -11.17 -10.771 -9.62 -9.091 -8.475 -11.024
0.031701 -12.218 -12.131 -12.051 -11.778 -11.49 -11.16 -11.902 -11.737 -11.487 -11.15 -10.795 -10.375 -11.745 -11.386 -10.956 -10.628 -10.313 -11.37 -10.988 -10.668 -10.455 -10.435 -11.006 -11.218 -10.821 -9.672 -9.144 -8.528 -11.073
0.032659 -12.253 -12.169 -12.091 -11.823 -11.538 -11.209 -11.943 -11.782 -11.534 -11.199 -10.845 -10.426 -11.791 -11.434 -11.006 -10.678 -10.364 -11.418 -11.037 -10.718 -10.505 -10.483 -11.055 -11.267 -10.871 -9.725 -9.197 -8.582 -11.121
0.033647 -12.287 -12.208 -12.131 -11.868 -11.585 -11.258 -11.983 -11.828 -11.581 -11.248 -10.895 -10.477 -11.836 -11.481 -11.055 -10.729 -10.416 -11.466 -11.086 -10.767 -10.555 -10.531 -11.104 -11.315 -10.921 -9.777 -9.25 -8.635 -11.17
0.034665 -12.321 -12.245 -12.171 -11.913 -11.632 -11.307 -12.024 -11.873 -11.628 -11.297 -10.945 -10.529 -11.881 -11.529 -11.105 -10.78 -10.467 -11.513 -11.135 -10.817 -10.605 -10.579 -11.153 -11.364 -10.971 -9.83 -9.303 -8.689 -11.219
0.035713 -12.356 -12.283 -12.211 -11.957 -11.679 -11.355 -12.064 -11.918 -11.675 -11.345 -10.995 -10.58 -11.926 -11.577 -11.154 -10.83 -10.518 -11.561 -11.184 -10.867 -10.655 -10.627 -11.202 -11.412 -11.021 -9.882 -9.356 -8.742 -11.267
0.036793 -12.389 -12.321 -12.25 -12.002 -11.726 -11.404 -12.104 -11.963 -11.722 -11.394 -11.045 -10.631 -11.971 -11.624 -11.204 -10.881 -10.569 -11.608 -11.233 -10.917 -10.705 -10.675 -11.251 -11.46 -11.071 -9.934 -9.409 -8.795 -11.316
0.037906 -12.423 -12.358 -12.29 -12.046 -11.773 -11.453 -12.144 -12.007 -11.769 -11.443 -11.095 -10.682 -12.016 -11.671 -11.253 -10.931 -10.621 -11.655 -11.282 -10.967 -10.754 -10.723 -11.3 -11.509 -11.121 -9.986 -9.462 -8.849 -11.364
0.039052 -12.456 -12.395 -12.329 -12.091 -11.819 -11.501 -12.183 -12.052 -11.816 -11.491 -11.145 -10.733 -12.06 -11.719 -11.303 -10.981 -10.672 -11.702 -11.331 -11.016 -10.804 -10.771 -11.349 -11.557 -11.17 -10.039 -9.514 -8.902 -11.413
0.040234 -12.489 -12.432 -12.368 -12.135 -11.866 -11.549 -12.223 -12.097 -11.862 -11.54 -11.195 -10.783 -12.105 -11.766 -11.352 -11.032 -10.723 -11.749 -11.38 -11.066 -10.854 -10.819 -11.398 -11.605 -11.22 -10.091 -9.567 -8.955 -11.461
0.04145 -12.522 -12.468 -12.406 -12.179 -11.912 -11.598 -12.262 -12.141 -11.909 -11.588 -11.244 -10.834 -12.149 -11.813 -11.401 -11.082 -10.774 -11.796 -11.429 -11.116 -10.904 -10.867 -11.446 -11.653 -11.27 -10.143 -9.62 -9.008 -11.509
0.042704 -12.555 -12.504 -12.445 -12.222 -11.959 -11.646 -12.302 -12.185 -11.955 -11.636 -11.294 -10.885 -12.193 -11.86 -11.45 -11.132 -10.825 -11.843 -11.477 -11.165 -10.953 -10.915 -11.495 -11.7 -11.319 -10.195 -9.673 -9.062 -11.557
0.043996 -12.587 -12.54 -12.483 -12.266 -12.005 -11.694 -12.341 -12.229 -12.001 -11.684 -11.343 -10.936 -12.238 -11.907 -11.499 -11.182 -10.876 -11.89 -11.526 -11.215 -11.003 -10.963 -11.543 -11.748 -11.368 -10.247 -9.725 -9.115 -11.605
0.045326 -12.619 -12.576 -12.521 -12.31 -12.051 -11.742 -12.379 -12.273 -12.047 -11.732 -11.393 -10.986 -12.281 -11.954 -11.548 -11.232 -10.926 -11.937 -11.574 -11.264 -11.052 -11.011 -11.592 -11.796 -11.418 -10.299 -9.778 -9.168 -11.653
0.046697 -12.651 -12.612 -12.559 -12.353 -12.097 -11.79 -12.418 -12.317 -12.093 -11.781 -11.442 -11.037 -12.325 -12.0 -11.597 -11.282 -10.977 -11.984 -11.623 -11.313 -11.102 -11.06 -11.64 -11.843 -11.467 -10.351 -9.83 -9.221 -11.701
0.048109 -12.683 -12.647 -12.597 -12.396 -12.143 -11.838 -12.457 -12.361 -12.139 -11.828 -11.491 -11.087 -12.369 -12.047 -11.646 -11.332 -11.028 -12.03 -11.671 -11.363 -11.151 -11.108 -11.688 -11.891 -11.516 -10.403 -9.883 -9.274 -11.749
0.049564 -12.714 -12.682 -12.634 -12.439 -12.189 -11.886 -12.495 -12.404 -12.185 -11.876 -11.541 -11.138 -12.412 -12.093 -11.694 -11.382 -11.079 -12.076 -11.719 -11.412 -11.201 -11.156 -11.736 -11.938 -11.565 -10.455 -9.935 -9.327 -11.797
0.051063 -12.745 -12.717 -12.671 -12.482 -12.234 -11.934 -12.533 -12.448 -12.231 -11.924 -11.59 -11.188 -12.456 -12.14 -11.743 -11.432 -11.129 -12.123 -11.768 -11.461 -11.25 -11.204 -11.784 -11.985 -11.615 -10.506 -9.988 -9.38 -11.844
0.052608 -12.776 -12.752 -12.708 -12.525 -12.28 -11.981 -12.571 -12.491 -12.276 -11.972 -11.639 -11.239 -12.499 -12.186 -11.792 -11.481 -11.18 -12.169 -11.816 -11.51 -11.299 -11.251 -11.832 -12.033 -11.664 -10.558 -10.04 -9.433 -11.892
0.054199 -12.806 -12.786 -12.745 -12.568 -12.325 -12.029 -12.609 -12.534 -12.322 -12.019 -11.688 -11.289 -12.542 -12.232 -11.84 -11.531 -11.23 -12.215 -11.864 -11.56 -11.349 -11.299 -11.88 -12.08 -11.712 -10.61 -10.093 -9.486 -11.939
0.055838 -12.837 -12.82 -12.782 -12.61 -12.371 -12.076 -12.646 -12.577 -12.367 -12.067 -11.737 -11.339 -12.585 -12.278 -11.888 -11.581 -11.281 -12.261 -11.912 -11.609 -11.398 -11.347 -11.928 -12.127 -11.761 -10.662 -10.145 -9.539 -11.986
0.057527 -12.867 -12.854 -12.818 -12.652 -12.416 -12.124 -12.684 -12.62 -12.412 -12.114 -11.786 -11.39 -12.628 -12.324 -11.937 -11.63 -11.331 -12.307 -11.96 -11.658 -11.447 -11.395 -11.976 -12.173 -11.81 -10.713 -10.198 -9.592 -12.034
0.059267 -12.896 -12.887 -12.854 -12.695 -12.461 -12.171 -12.721 -12.663 -12.457 -12.161 -11.835 -11.44 -12.67 -12.37 -11.985 -11.68 -11.381 -12.353 -12.008 -11.707 -11.497 -11.443 -12.024 -12.22 -11.859 -10.765 -10.25 -9.645 -12.081
0.061059 -12.926 -12.921 -12.89 -12.737 -12.506 -12.218 -12.758 -12.705 -12.502 -12.209 -11.883 -11.49 -12.713 -12.416 -12.033 -11.729 -11.432 -12.399 -12.055 -11.755 -11.546 -11.491 -12.071 -12.267 -11.907 -10.817 -10.302 -9.698 -12.128
0.062906 -12.955 -12.954 -12.926 -12.778 -12.551 -12.265 -12.795 -12.748 -12.547 -12.256 -11.932 -11.54 -12.755 -12.461 -12.081 -11.778 -11.482 -12.444 -12.103 -11.804 -11.595 -11.539 -12.119 -12.313 -11.956 -10.868 -10.355 -9.751 -12.175
0.064808 -12.984 -12.986 -12.961 -12.82 -12.595 -12.312 -12.831 -12.79 -12.592 -12.303 -11.98 -11.59 -12.797 -12.507 -12.129 -11.828 -11.532 -12.49 -12.151 -11.853 -11.644 -11.587 -12.166 -12.36 -12.004 -10.92 -10.407 -9.804 -12.222
0.066769 -13.012 -13.019 -12.996 -12.862 -12.64 -12.359 -12.868 -12.832 -12.636 -12.35 -12.029 -11.64 -12.839 -12.552 -12.177 -11.877 -11.582 -12.535 -12.198 -11.902 -11.693 -11.635 -12.213 -12.406 -12.053 -10.971 -10.459 -9.857 -12.268
0.068788 -13.04 -13.051 -13.031 -12.903 -12.685 -12.406 -12.904 -12.874 -12.681 -12.396 -12.077 -11.69 -12.881 -12.597 -12.225 -11.926 -11.632 -12.581 -12.246 -11.95 -11.742 -11.683 -12.26 -12.453 -12.101 -11.023 -10.511 -9.909 -12.315
0.070868 -13.068 -13.083 -13.066 -12.944 -12.729 -12.453 -12.94 -12.915 -12.725 -12.443 -12.126 -11.739 -12.922 -12.642 -12.273 -11.975 -11.682 -12.626 -12.293 -11.999 -11.791 -11.731 -12.308 -12.499 -12.149 -11.074 -10.563 -9.962 -12.362
0.073012 -13.096 -13.114 -13.101 -12.985 -12.773 -12.499 -12.976 -12.957 -12.769 -12.49 -12.174 -11.789 -12.964 -12.687 -12.32 -12.024 -11.732 -12.671 -12.34 -12.047 -11.84 -11.778 -12.355 -12.545 -12.197 -11.125 -10.615 -10.015 -12.408
0.07522 -13.123 -13.146 -13.135 -13.026 -12.817 -12.546 -13.011 -12.998 -12.813 -12.536 -12.222 -11.839 -13.005 -12.732 -12.368 -12.073 -11.782 -12.716 -12.388 -12.096 -11.889 -11.826 -12.401 -12.591 -12.245 -11.176 -10.667 -10.068 -12.454
