web/models/kne.last_good/kappa_0.5_3.0.v1/36/villar_0.0035_0.1240_3.0000.dat
# %ECSV 1.0
# ---
# datatype:
# - {name: time, datatype: float64}
# - {name: swift_uvot_uvw2, datatype: float64}
# - {name: swift_uvot_uvm2, datatype: float64}
# - {name: swift_uvot_uvw1, datatype: float64}
# - {name: swift_uvot_U, datatype: float64}
# - {name: swift_uvot_B, datatype: float64}
# - {name: swift_uvot_V, datatype: float64}
# - {name: swift_uvot_W, datatype: float64}
# - {name: johnson_U, datatype: float64}
# - {name: johnson_B, datatype: float64}
# - {name: johnson_V, datatype: float64}
# - {name: johnson_R, datatype: float64}
# - {name: johnson_I, datatype: float64}
# - {name: sdss_u, datatype: float64}
# - {name: sdss_g, datatype: float64}
# - {name: sdss_r, datatype: float64}
# - {name: sdss_i, datatype: float64}
# - {name: sdss_z, datatype: float64}
# - {name: PS1_g, datatype: float64}
# - {name: PS1_r, datatype: float64}
# - {name: PS1_i, datatype: float64}
# - {name: PS1_z, datatype: float64}
# - {name: PS1_Y, datatype: float64}
# - {name: PS1_w, datatype: float64}
# - {name: ATLAS_c, datatype: float64}
# - {name: ATLAS_o, datatype: float64}
# - {name: ukirt_J, datatype: float64}
# - {name: ukirt_H, datatype: float64}
# - {name: ukirt_K, datatype: float64}
# - {name: Clear, datatype: float64}
# meta: !!omap
# - comment: [kappa = 3.0, type = villar, mass = 0.003465724215782086, velocity = 0.124, theta_obs = 0.0]
# schema: astropy-2.0
time swift_uvot_uvw2 swift_uvot_uvm2 swift_uvot_uvw1 swift_uvot_U swift_uvot_B swift_uvot_V swift_uvot_W johnson_U johnson_B johnson_V johnson_R johnson_I sdss_u sdss_g sdss_r sdss_i sdss_z PS1_g PS1_r PS1_i PS1_z PS1_Y PS1_w ATLAS_c ATLAS_o ukirt_J ukirt_H ukirt_K Clear
[from data line 292]
6.005465 3.106 8.321 15.844 17.631 11.805 7.675 5.316 16.635 11.183 7.167 3.298 0.807 17.225 9.869 5.382 2.742 0.756 1.839 1.989 1.549 0.596 -0.758 3.848 6.876 3.547 -1.885 -3.259 -4.173 0.031
6.187096 3.754 8.97 16.492 18.279 12.453 8.323 5.964 17.283 11.831 7.815 3.946 1.455 17.873 10.517 6.03 3.39 1.404 2.487 2.637 2.197 1.244 -0.11 4.497 7.524 4.195 -1.237 -2.611 -3.525 0.679
6.37422 4.442 9.657 17.18 18.967 13.141 9.011 6.652 17.971 12.519 8.503 4.634 2.143 18.561 11.205 6.718 4.078 2.092 3.175 3.325 2.885 1.932 0.578 5.184 8.212 4.883 -0.549 -1.923 -2.837 1.367
6.567004 5.172 10.388 17.91 19.697 13.871 9.741 7.382 18.701 13.249 9.233 5.364 2.873 19.291 11.935 7.448 4.808 2.822 3.905 4.055 3.615 2.662 1.308 5.915 8.942 5.613 0.182 -1.192 -2.107 2.097
6.765619 5.947 11.163 18.685 20.472 14.646 10.516 8.157 19.476 14.024 10.008 6.139 3.648 20.066 12.71 8.223 5.583 3.597 4.68 4.83 4.39 3.437 2.083 6.69 9.717 6.388 0.957 -0.418 -1.332 2.872
6.97024 6.769 11.985 19.507 21.295 15.469 11.339 8.98 20.299 14.847 10.831 6.961 4.471 20.888 13.533 9.045 6.406 4.42 5.503 5.652 5.212 4.26 2.906 7.512 10.54 7.211 1.779 0.405 -0.509 3.695
7.181051 7.643 12.858 20.381 22.168 16.342 12.212 9.853 21.172 15.72 11.704 7.834 5.344 21.761 14.406 9.918 7.279 5.293 6.376 6.525 6.085 5.133 3.779 8.385 11.413 8.084 2.652 1.278 0.364 4.568
7.398237 8.569 13.785 21.307 23.094 17.268 13.139 10.78 22.098 16.647 12.63 8.761 6.271 22.688 15.333 10.845 8.206 6.219 7.302 7.452 7.012 6.059 4.705 9.312 12.34 9.011 3.579 2.205 1.29 5.494
7.621991 9.553 14.768 22.291 24.078 18.252 14.122 11.763 23.082 17.63 13.614 9.745 7.254 23.672 16.316 11.829 9.189 7.203 8.286 8.436 7.996 7.043 5.689 10.296 13.323 9.994 4.562 3.188 2.274 6.478
7.852513 10.597 15.812 23.335 25.122 19.296 15.166 12.807 24.126 18.674 14.658 10.789 8.298 24.716 17.36 12.873 10.233 8.247 9.33 9.48 9.04 8.087 6.733 11.34 14.367 11.038 5.606 4.232 3.318 7.522
8.090007 11.705 16.921 24.443 26.23 20.404 16.274 13.915 25.234 19.782 15.766 11.897 9.406 25.824 18.468 13.981 11.341 9.355 10.438 10.588 10.148 9.195 7.841 12.448 15.475 12.146 6.715 5.34 4.426 8.63
8.334684 12.881 18.097 25.619 27.406 21.58 17.451 15.092 26.41 20.958 16.942 13.073 10.582 27.0 19.644 15.157 12.518 10.531 11.614 11.764 11.324 10.371 9.017 13.624 16.651 13.322 7.891 6.517 5.602 9.806
8.586761 14.129 19.345 26.867 28.655 22.829 18.699 16.34 27.658 22.207 18.191 14.321 11.831 28.248 20.893 16.405 13.766 11.78 12.863 13.012 12.572 11.62 10.265 14.872 17.9 14.571 9.139 7.765 6.851 11.054
8.846461 15.454 20.67 28.192 29.98 24.154 20.024 17.665 28.983 23.532 19.516 15.646 13.156 29.573 22.218 17.73 15.091 13.105 14.188 14.337 13.897 12.945 11.59 16.197 19.225 15.896 10.464 9.09 8.176 12.379
9.114017 16.861 22.076 29.599 31.386 25.56 21.43 19.071 30.39 24.938 20.922 17.053 14.562 30.98 23.624 19.137 16.497 14.511 15.594 15.744 15.304 14.351 12.997 17.603 20.631 17.302 11.87 10.496 9.582 13.786
9.389664 18.353 23.569 31.091 32.879 27.053 22.923 20.564 31.883 26.431 22.415 18.545 16.055 32.472 25.117 20.629 17.99 16.004 17.087 17.236 16.796 15.844 14.49 19.096 22.124 18.795 13.363 11.989 11.075 15.279
9.673648 19.938 25.153 32.676 34.463 28.637 24.507 22.148 33.467 28.015 23.999 20.13 17.639 34.057 26.701 22.214 19.574 17.588 18.671 18.821 18.381 17.428 16.074 20.681 23.708 20.379 14.947 13.573 12.659 16.863
9.966221 21.62 26.835 34.358 36.145 30.319 26.189 23.83 35.149 29.697 25.681 21.811 19.321 35.738 28.383 23.895 21.256 19.27 20.353 20.502 20.062 19.11 17.756 22.362 25.39 22.061 16.629 15.255 14.341 18.545
10.267642 23.404 28.62 36.142 37.93 32.104 27.974 25.615 36.933 31.482 27.466 23.596 21.106 37.523 30.168 25.68 23.041 21.055 22.138 22.287 21.847 20.895 19.54 24.147 27.175 23.846 18.414 17.04 16.126 20.33
10.57818 25.299 30.515 38.037 39.824 33.998 29.868 27.509 38.828 33.376 29.36 25.491 23.0 39.418 32.062 27.575 24.935 22.949 24.032 24.182 23.742 22.789 21.435 26.042 29.069 25.74 20.309 18.935 18.02 22.224
10.89811 27.31 32.525 40.048 41.835 36.009 31.879 29.52 40.839 35.387 31.371 27.502 25.011 41.429 34.073 29.586 26.946 24.96 26.043 26.193 25.753 24.8 23.446 28.052 31.08 27.751 22.319 20.945 20.031 24.235
11.227716 29.444 34.66 42.182 43.969 38.143 34.014 31.655 42.973 37.521 33.505 29.636 27.146 43.563 36.207 31.72 29.081 27.094 28.177 28.327 27.887 26.934 25.58 30.187 33.214 29.885 24.454 23.08 22.165 26.369
11.56729 31.709 36.925 44.447 46.235 40.409 36.279 33.92 45.239 39.787 35.771 31.901 29.411 45.828 38.473 33.985 31.346 29.36 30.443 30.592 30.152 29.2 27.846 32.452 35.48 32.151 26.719 25.345 24.431 28.635
11.917135 34.114 39.33 46.852 48.639 42.813 38.683 36.325 47.643 42.191 38.175 34.306 31.815 48.233 40.877 36.39 33.75 31.764 32.847 32.997 32.557 31.604 30.25 34.857 37.884 34.555 29.124 27.75 26.835 31.039
12.277561 36.666 41.882 49.404 51.191 45.365 41.236 38.877 50.195 44.743 40.727 36.858 34.368 50.785 43.429 38.942 36.303 34.316 35.399 35.549 35.109 34.156 32.802 37.409 40.436 37.107 31.676 30.302 29.387 33.591
12.648887 39.375 44.591 52.113 53.9 48.074 43.944 41.585 52.904 47.452 43.436 39.567 37.076 53.494 46.138 41.651 39.011 37.025 38.108 38.258 37.818 36.865 35.511 40.118 43.145 39.816 34.385 33.01 32.096 36.3
13.031444 42.25 47.466 54.988 56.775 50.949 46.82 44.461 55.779 50.327 46.311 42.442 39.952 56.369 49.013 44.526 41.887 39.9 40.983 41.133 40.693 39.74 38.386 42.993 46.02 42.691 37.26 35.886 34.971 39.175
13.425571 45.302 50.517 58.04 59.827 54.001 49.871 47.512 58.831 53.379 49.363 45.494 43.003 59.421 52.065 47.578 44.938 42.952 44.035 44.185 43.745 42.792 41.438 46.044 49.072 45.743 40.311 38.937 38.023 42.227
13.831619 48.541 53.757 61.279 63.066 57.24 53.11 50.751 62.07 56.618 52.602 48.733 46.242 62.66 55.304 50.817 48.177 46.191 47.274 47.424 46.984 46.031 44.677 49.284 52.311 48.982 43.55 42.176 41.262 45.466
14.249947 51.979 57.195 64.717 66.504 60.678 56.548 54.189 65.508 60.056 56.04 52.171 49.68 66.098 58.742 54.255 51.615 49.629 50.712 50.862 50.422 49.469 48.115 52.722 55.749 52.42 46.988 45.614 44.7 48.904
14.680926 55.628 60.844 68.366 70.153 64.327 60.197 57.838 69.157 63.705 59.689 55.82 53.329 69.747 62.391 57.904 55.264 53.278 54.361 54.511 54.071 53.118 51.764 56.371 59.398 56.069 50.638 49.264 48.349 52.553
15.124941 59.501 64.717 72.239 74.026 68.2 64.071 61.712 73.03 67.578 63.562 59.693 57.203 73.62 66.264 61.777 59.138 57.151 58.234 58.384 57.944 56.991 55.637 60.244 63.271 59.942 54.511 53.137 52.222 56.426
15.582385 63.612 68.828 76.35 78.137 72.311 68.182 65.823 77.141 71.689 67.673 63.804 61.314 77.731 70.375 65.888 63.249 61.262 62.345 62.495 62.055 61.102 59.748 64.355 67.382 64.053 58.622 57.248 56.333 60.537
16.053663 67.975 73.191 80.713 82.501 76.675 72.545 70.186 81.505 76.053 72.037 68.167 65.677 82.094 74.739 70.251 67.612 65.626 66.709 66.858 66.418 65.466 64.112 68.718 71.746 68.417 62.985 61.611 60.697 64.901
16.539195 72.607 77.822 85.345 87.132 81.306 77.176 74.817 86.136 80.684 76.668 72.799 70.308 86.726 79.37 74.883 72.243 70.257 71.34 71.49 71.05 70.097 68.743 73.349 76.377 73.048 67.616 66.242 65.328 69.532
17.039412 77.523 82.738 90.261 92.048 86.222 82.092 79.733 91.052 85.6 81.584 77.714 75.224 91.641 84.286 79.798 77.159 75.173 76.256 76.405 75.965 75.013 73.659 78.265 81.293 77.964 72.532 71.158 70.244 74.448
17.554757 82.74 87.956 95.478 97.265 91.439 87.31 84.951 96.269 90.817 86.801 82.932 80.442 96.859 89.503 85.016 82.377 80.39 81.473 81.623 81.183 80.23 78.876 83.483 86.51 83.181 77.75 76.376 75.461 79.665
18.085689 88.278 93.494 101.016 102.803 96.977 92.847 90.489 101.807 96.355 92.339 88.47 85.979 102.397 95.041 90.554 87.914 85.928 87.011 87.161 86.721 85.768 84.414 89.021 92.048 88.719 83.288 81.914 80.999 85.203
18.632678 94.156 99.372 106.894 108.681 102.855 98.725 96.367 107.685 102.233 98.217 94.348 91.857 108.275 100.919 96.432 93.792 91.806 92.889 93.039 92.599 91.646 90.292 94.899 97.926 94.597 89.166 87.792 86.877 91.081
19.196211 100.395 105.611 113.133 114.92 109.094 104.964 102.605 113.924 108.472 104.456 100.587 98.096 114.514 107.158 102.671 100.031 98.045 99.128 99.278 98.838 97.885 96.531 101.138 104.165 100.836 95.404 94.03 93.116 97.32
19.776787 107.017 112.233 119.755 121.542 115.716 111.586 109.227 120.546 115.094 111.078 107.209 104.718 121.136 113.78 109.293 106.653 104.667 105.75 105.9 105.46 104.507 103.153 107.76 110.787 107.458 102.026 100.652 99.738 103.942
20.374923 114.045 119.261 126.783 128.571 122.745 118.615 116.256 127.575 122.123 118.107 114.237 111.747 128.164 120.809 116.321 113.682 111.696 112.779 112.928 112.488 111.536 110.182 114.788 117.816 114.487 109.055 107.681 106.767 110.971
20.991149 121.506 126.721 134.244 136.031 130.205 126.075 123.716 135.035 129.583 125.567 121.697 119.207 135.624 128.269 123.781 121.142 119.156 120.239 120.389 119.949 118.996 117.642 122.248 125.276 121.947 116.515 115.141 114.227 118.431
21.626011 129.424 134.64 142.162 143.949 138.123 133.993 131.634 142.953 137.501 133.485 129.616 127.125 143.543 136.187 131.7 129.06 127.074 128.157 128.307 127.867 126.914 125.56 130.167 133.194 129.865 124.434 123.059 122.145 126.349
22.280075 137.828 143.044 150.566 152.354 146.528 142.398 140.039 151.357 145.906 141.89 138.02 135.53 151.947 144.592 140.104 137.465 135.479 136.562 136.711 136.271 135.319 133.964 138.571 141.599 138.27 132.838 131.464 130.55 134.753
22.953921 146.749 151.965 159.487 161.274 155.448 151.318 148.959 160.278 154.826 150.81 146.941 144.45 160.868 153.512 149.025 146.385 144.399 145.482 145.632 145.192 144.239 142.885 147.492 150.519 147.19 141.759 140.384 139.47 143.674
23.648147 156.217 161.433 168.955 170.742 164.916 160.787 158.428 169.746 164.295 160.278 156.409 153.919 170.336 162.98 158.493 155.854 153.867 154.95 155.1 154.66 153.707 152.353 156.96 159.988 156.658 151.227 149.853 148.938 153.142
24.363369 166.267 171.483 179.005 180.792 174.966 170.836 168.477 179.796 174.344 170.328 166.459 163.968 180.386 173.03 168.543 165.903 163.917 165.0 165.15 164.71 163.757 162.403 167.01 170.037 166.708 161.276 159.902 158.988 163.192
25.100222 176.934 182.149 189.672 191.459 185.633 181.503 179.144 190.463 185.011 180.995 177.125 174.635 191.052 183.697 179.209 176.57 174.584 175.667 175.817 175.377 174.424 173.07 177.676 180.704 177.375 171.943 170.569 169.655 173.859
25.859362 188.255 193.471 200.993 202.781 196.955 192.825 190.466 201.784 196.333 192.317 188.447 185.957 202.374 195.019 190.531 187.892 185.906 186.989 187.138 186.698 185.746 184.391 188.998 192.026 188.697 183.265 181.891 180.977 185.18
26.64146 200.272 205.488 213.01 214.797 208.971 204.842 202.483 213.801 208.35 204.334 200.464 197.974 214.391 207.036 202.548 199.909 197.922 199.006 199.155 198.715 197.762 196.408 201.015 204.043 200.714 195.282 193.908 192.993 197.197
27.447213 213.027 218.243 225.765 227.552 221.726 217.597 215.238 226.556 221.104 217.088 213.219 210.729 227.146 219.79 215.303 212.664 210.677 211.76 211.91 211.47 210.517 209.163 213.77 216.797 213.468 208.037 206.663 205.748 209.952
28.277335 226.565 231.781 239.303 241.09 235.264 231.135 228.776 240.094 234.642 230.626 226.757 224.266 240.684 233.328 228.841 226.202 224.215 225.298 225.448 225.008 224.055 222.701 227.308 230.335 227.006 221.575 220.201 219.286 223.49
29.132564 240.934 246.15 253.672 255.459 249.633 245.504 243.145 254.463 249.012 244.996 241.126 238.636 255.053 247.698 243.21 240.571 238.585 239.668 239.817 239.377 238.425 237.07 241.677 244.705 241.376 235.944 234.57 233.656 237.859
30.013659 256.186 261.402 268.924 270.711 264.885 260.755 258.396 269.715 264.263 260.247 256.378 253.887 270.305 262.949 258.462 255.822 253.836 254.919 255.069 254.629 253.676 252.322 256.929 259.956 256.627 251.196 249.821 248.907 253.111
30.921401 272.374 277.59 285.112 286.899 281.073 276.943 274.585 285.903 280.451 276.435 272.566 270.075 286.493 279.137 274.65 272.01 270.024 271.107 271.257 270.817 269.864 268.51 273.117 276.144 272.815 267.384 266.01 265.095 269.299
31.856598 289.556 294.772 302.294 304.081 298.255 294.126 291.767 303.085 297.633 293.617 289.748 287.258 303.675 296.319 291.832 289.193 287.206 288.289 288.439 287.999 287.046 285.692 290.299 293.326 289.997 284.566 283.192 282.277 286.481
32.820079 307.793 313.009 320.531 322.318 316.492 312.363 310.004 321.322 315.871 311.854 307.985 305.495 321.912 314.556 310.069 307.43 305.443 306.526 306.676 306.236 305.283 303.929 308.536 311.564 308.234 302.803 301.429 300.514 304.718
33.8127 327.15 332.366 339.888 341.675 335.849 331.72 329.361 340.679 335.227 331.211 327.342 324.852 341.269 333.913 329.426 326.787 324.8 325.883 326.033 325.593 324.64 323.286 327.893 330.921 327.591 322.16 320.786 319.871 324.075
34.835342 347.696 352.911 360.434 362.221 356.395 352.265 349.906 361.225 355.773 351.757 347.888 345.397 361.814 354.459 349.971 347.332 345.346 346.429 346.579 346.139 345.186 343.832 348.438 351.466 348.137 342.705 341.331 340.417 344.621
35.888913 369.503 374.718 382.241 384.028 378.202 374.072 371.713 383.032 377.58 373.564 369.695 367.204 383.622 376.266 371.779 369.139 367.153 368.236 368.386 367.946 366.993 365.639 370.245 373.273 369.944 364.512 363.138 362.224 366.428
36.974349 392.649 397.865 405.387 407.174 401.348 397.218 394.859 406.178 400.726 396.71 392.841 390.35 406.768 399.412 394.925 392.285 390.299 391.382 391.532 391.092 390.139 388.785 393.392 396.419 393.09 387.658 386.284 385.37 389.574
38.092613 417.216 422.432 429.954 431.741 425.915 421.786 419.427 430.745 425.294 421.277 417.408 414.918 431.335 423.979 419.492 416.853 414.866 415.949 416.099 415.659 414.706 413.352 417.959 420.987 417.658 412.226 410.852 409.937 414.141
39.244698 443.292 448.508 456.03 457.817 451.991 447.862 445.503 456.821 451.369 447.353 443.484 440.994 457.411 450.055 445.568 442.929 440.942 442.025 442.175 441.735 440.782 439.428 444.035 447.062 443.733 438.302 436.928 436.013 440.217
40.431627 470.969 476.185 483.707 485.494 479.668 475.539 473.18 484.498 479.046 475.03 471.161 468.671 485.088 477.732 473.245 470.606 468.619 469.702 469.852 469.412 468.459 467.105 471.712 474.74 471.41 465.979 464.605 463.69 467.894
41.654454 500.346 505.561 513.084 514.871 509.045 504.915 502.556 513.875 508.423 504.407 500.537 498.047 514.464 507.109 502.621 499.982 497.996 499.079 499.229 498.789 497.836 496.482 501.088 504.116 500.787 495.355 493.981 493.067 497.271
42.914265 531.526 536.742 544.264 546.051 540.225 536.095 533.737 545.055 539.603 535.587 531.718 529.227 545.645 538.289 533.802 531.162 529.176 530.259 530.409 529.969 529.016 527.662 532.269 535.296 531.967 526.536 525.162 524.247 528.451
44.212178 564.621 569.837 577.359 579.146 573.32 569.19 566.831 578.15 572.698 568.682 564.813 562.322 578.74 571.384 566.897 564.257 562.271 563.354 563.504 563.064 562.111 560.757 565.364 568.391 565.062 559.63 558.256 557.342 561.546
45.549345 599.748 604.964 612.486 614.273 608.447 604.317 601.958 613.277 607.825 603.809 599.94 597.449 613.867 606.511 602.024 599.384 597.398 598.481 598.631 598.191 597.238 595.884 600.491 603.518 600.189 594.757 593.383 592.469 596.673
46.926954 637.032 642.247 649.77 651.557 645.731 641.601 639.242 650.561 645.109 641.093 637.224 634.733 651.151 643.795 639.308 636.668 634.682 635.765 635.915 635.475 634.522 633.168 637.775 640.802 637.473 632.041 630.667 629.753 633.957
48.346227 676.605 681.821 689.343 691.13 685.304 681.175 678.816 690.134 684.682 680.666 676.797 674.307 690.724 683.368 678.881 676.242 674.255 675.338 675.488 675.048 674.095 672.741 677.348 680.375 677.046 671.615 670.241 669.326 673.53
49.808426 718.608 723.824 731.346 733.134 727.308 723.178 720.819 732.137 726.686 722.67 718.8 716.31 732.727 725.372 720.884 718.245 716.259 717.342 717.491 717.051 716.099 714.744 719.351 722.379 719.05 713.618 712.244 711.33 715.533
