web/models/linear/15/-13_286_0_002.dat
# %ECSV 1.0
# ---
# datatype:
# - {name: time, datatype: float64}
# - {name: swift_uvot_uvw2, datatype: float64}
# - {name: swift_uvot_uvm2, datatype: float64}
# - {name: swift_uvot_uvw1, datatype: float64}
# - {name: swift_uvot_U, datatype: float64}
# - {name: swift_uvot_B, datatype: float64}
# - {name: swift_uvot_V, datatype: float64}
# - {name: swift_uvot_W, datatype: float64}
# - {name: johnson_U, datatype: float64}
# - {name: johnson_B, datatype: float64}
# - {name: johnson_V, datatype: float64}
# - {name: johnson_R, datatype: float64}
# - {name: johnson_I, datatype: float64}
# - {name: sdss_u, datatype: float64}
# - {name: sdss_g, datatype: float64}
# - {name: sdss_r, datatype: float64}
# - {name: sdss_i, datatype: float64}
# - {name: sdss_z, datatype: float64}
# - {name: PS1_g, datatype: float64}
# - {name: PS1_r, datatype: float64}
# - {name: PS1_i, datatype: float64}
# - {name: PS1_z, datatype: float64}
# - {name: PS1_Y, datatype: float64}
# - {name: PS1_w, datatype: float64}
# - {name: ATLAS_c, datatype: float64}
# - {name: ATLAS_o, datatype: float64}
# - {name: ukirt_J, datatype: float64}
# - {name: ukirt_H, datatype: float64}
# - {name: ukirt_K, datatype: float64}
# - {name: Clear, datatype: float64}
# meta: !!omap
# - comment: [M=-13.285714285714286, dM=0.0021718998507771624]
# schema: astropy-2.0
time swift_uvot_uvw2 swift_uvot_uvm2 swift_uvot_uvw1 swift_uvot_U swift_uvot_B swift_uvot_V swift_uvot_W johnson_U johnson_B johnson_V johnson_R johnson_I sdss_u sdss_g sdss_r sdss_i sdss_z PS1_g PS1_r PS1_i PS1_z PS1_Y PS1_w ATLAS_c ATLAS_o ukirt_J ukirt_H ukirt_K Clear
0.0 -13.285714285714286 -13.285714285714286 -13.285714285714286 -13.285714285714286 -13.285714285714286 -13.285714285714286 -13.285714285714286 -13.285714285714286 -13.285714285714286 -13.285714285714286 -13.285714285714286 -13.285714285714286 -13.285714285714286 -13.285714285714286 -13.285714285714286 -13.285714285714286 -13.285714285714286 -13.285714285714286 -13.285714285714286 -13.285714285714286 -13.285714285714286 -13.285714285714286 -13.285714285714286 -13.285714285714286 -13.285714285714286 -13.285714285714286 -13.285714285714286 -13.285714285714286 -13.285714285714286
0.07537688442211055 -13.285550574670259 -13.285550574670259 -13.285550574670259 -13.285550574670259 -13.285550574670259 -13.285550574670259 -13.285550574670259 -13.285550574670259 -13.285550574670259 -13.285550574670259 -13.285550574670259 -13.285550574670259 -13.285550574670259 -13.285550574670259 -13.285550574670259 -13.285550574670259 -13.285550574670259 -13.285550574670259 -13.285550574670259 -13.285550574670259 -13.285550574670259 -13.285550574670259 -13.285550574670259 -13.285550574670259 -13.285550574670259 -13.285550574670259 -13.285550574670259 -13.285550574670259 -13.285550574670259
0.1507537688442211 -13.28538686362623 -13.28538686362623 -13.28538686362623 -13.28538686362623 -13.28538686362623 -13.28538686362623 -13.28538686362623 -13.28538686362623 -13.28538686362623 -13.28538686362623 -13.28538686362623 -13.28538686362623 -13.28538686362623 -13.28538686362623 -13.28538686362623 -13.28538686362623 -13.28538686362623 -13.28538686362623 -13.28538686362623 -13.28538686362623 -13.28538686362623 -13.28538686362623 -13.28538686362623 -13.28538686362623 -13.28538686362623 -13.28538686362623 -13.28538686362623 -13.28538686362623 -13.28538686362623
0.22613065326633164 -13.285223152582201 -13.285223152582201 -13.285223152582201 -13.285223152582201 -13.285223152582201 -13.285223152582201 -13.285223152582201 -13.285223152582201 -13.285223152582201 -13.285223152582201 -13.285223152582201 -13.285223152582201 -13.285223152582201 -13.285223152582201 -13.285223152582201 -13.285223152582201 -13.285223152582201 -13.285223152582201 -13.285223152582201 -13.285223152582201 -13.285223152582201 -13.285223152582201 -13.285223152582201 -13.285223152582201 -13.285223152582201 -13.285223152582201 -13.285223152582201 -13.285223152582201 -13.285223152582201
0.3015075376884422 -13.285059441538174 -13.285059441538174 -13.285059441538174 -13.285059441538174 -13.285059441538174 -13.285059441538174 -13.285059441538174 -13.285059441538174 -13.285059441538174 -13.285059441538174 -13.285059441538174 -13.285059441538174 -13.285059441538174 -13.285059441538174 -13.285059441538174 -13.285059441538174 -13.285059441538174 -13.285059441538174 -13.285059441538174 -13.285059441538174 -13.285059441538174 -13.285059441538174 -13.285059441538174 -13.285059441538174 -13.285059441538174 -13.285059441538174 -13.285059441538174 -13.285059441538174 -13.285059441538174
0.37688442211055273 -13.284895730494144 -13.284895730494144 -13.284895730494144 -13.284895730494144 -13.284895730494144 -13.284895730494144 -13.284895730494144 -13.284895730494144 -13.284895730494144 -13.284895730494144 -13.284895730494144 -13.284895730494144 -13.284895730494144 -13.284895730494144 -13.284895730494144 -13.284895730494144 -13.284895730494144 -13.284895730494144 -13.284895730494144 -13.284895730494144 -13.284895730494144 -13.284895730494144 -13.284895730494144 -13.284895730494144 -13.284895730494144 -13.284895730494144 -13.284895730494144 -13.284895730494144 -13.284895730494144
0.4522613065326633 -13.284732019450116 -13.284732019450116 -13.284732019450116 -13.284732019450116 -13.284732019450116 -13.284732019450116 -13.284732019450116 -13.284732019450116 -13.284732019450116 -13.284732019450116 -13.284732019450116 -13.284732019450116 -13.284732019450116 -13.284732019450116 -13.284732019450116 -13.284732019450116 -13.284732019450116 -13.284732019450116 -13.284732019450116 -13.284732019450116 -13.284732019450116 -13.284732019450116 -13.284732019450116 -13.284732019450116 -13.284732019450116 -13.284732019450116 -13.284732019450116 -13.284732019450116 -13.284732019450116
0.5276381909547738 -13.284568308406087 -13.284568308406087 -13.284568308406087 -13.284568308406087 -13.284568308406087 -13.284568308406087 -13.284568308406087 -13.284568308406087 -13.284568308406087 -13.284568308406087 -13.284568308406087 -13.284568308406087 -13.284568308406087 -13.284568308406087 -13.284568308406087 -13.284568308406087 -13.284568308406087 -13.284568308406087 -13.284568308406087 -13.284568308406087 -13.284568308406087 -13.284568308406087 -13.284568308406087 -13.284568308406087 -13.284568308406087 -13.284568308406087 -13.284568308406087 -13.284568308406087 -13.284568308406087
0.6030150753768844 -13.284404597362059 -13.284404597362059 -13.284404597362059 -13.284404597362059 -13.284404597362059 -13.284404597362059 -13.284404597362059 -13.284404597362059 -13.284404597362059 -13.284404597362059 -13.284404597362059 -13.284404597362059 -13.284404597362059 -13.284404597362059 -13.284404597362059 -13.284404597362059 -13.284404597362059 -13.284404597362059 -13.284404597362059 -13.284404597362059 -13.284404597362059 -13.284404597362059 -13.284404597362059 -13.284404597362059 -13.284404597362059 -13.284404597362059 -13.284404597362059 -13.284404597362059 -13.284404597362059
0.6783919597989949 -13.284240886318031 -13.284240886318031 -13.284240886318031 -13.284240886318031 -13.284240886318031 -13.284240886318031 -13.284240886318031 -13.284240886318031 -13.284240886318031 -13.284240886318031 -13.284240886318031 -13.284240886318031 -13.284240886318031 -13.284240886318031 -13.284240886318031 -13.284240886318031 -13.284240886318031 -13.284240886318031 -13.284240886318031 -13.284240886318031 -13.284240886318031 -13.284240886318031 -13.284240886318031 -13.284240886318031 -13.284240886318031 -13.284240886318031 -13.284240886318031 -13.284240886318031 -13.284240886318031
0.7537688442211055 -13.284077175274001 -13.284077175274001 -13.284077175274001 -13.284077175274001 -13.284077175274001 -13.284077175274001 -13.284077175274001 -13.284077175274001 -13.284077175274001 -13.284077175274001 -13.284077175274001 -13.284077175274001 -13.284077175274001 -13.284077175274001 -13.284077175274001 -13.284077175274001 -13.284077175274001 -13.284077175274001 -13.284077175274001 -13.284077175274001 -13.284077175274001 -13.284077175274001 -13.284077175274001 -13.284077175274001 -13.284077175274001 -13.284077175274001 -13.284077175274001 -13.284077175274001 -13.284077175274001
0.829145728643216 -13.283913464229974 -13.283913464229974 -13.283913464229974 -13.283913464229974 -13.283913464229974 -13.283913464229974 -13.283913464229974 -13.283913464229974 -13.283913464229974 -13.283913464229974 -13.283913464229974 -13.283913464229974 -13.283913464229974 -13.283913464229974 -13.283913464229974 -13.283913464229974 -13.283913464229974 -13.283913464229974 -13.283913464229974 -13.283913464229974 -13.283913464229974 -13.283913464229974 -13.283913464229974 -13.283913464229974 -13.283913464229974 -13.283913464229974 -13.283913464229974 -13.283913464229974 -13.283913464229974
0.9045226130653266 -13.283749753185946 -13.283749753185946 -13.283749753185946 -13.283749753185946 -13.283749753185946 -13.283749753185946 -13.283749753185946 -13.283749753185946 -13.283749753185946 -13.283749753185946 -13.283749753185946 -13.283749753185946 -13.283749753185946 -13.283749753185946 -13.283749753185946 -13.283749753185946 -13.283749753185946 -13.283749753185946 -13.283749753185946 -13.283749753185946 -13.283749753185946 -13.283749753185946 -13.283749753185946 -13.283749753185946 -13.283749753185946 -13.283749753185946 -13.283749753185946 -13.283749753185946 -13.283749753185946
0.9798994974874371 -13.283586042141916 -13.283586042141916 -13.283586042141916 -13.283586042141916 -13.283586042141916 -13.283586042141916 -13.283586042141916 -13.283586042141916 -13.283586042141916 -13.283586042141916 -13.283586042141916 -13.283586042141916 -13.283586042141916 -13.283586042141916 -13.283586042141916 -13.283586042141916 -13.283586042141916 -13.283586042141916 -13.283586042141916 -13.283586042141916 -13.283586042141916 -13.283586042141916 -13.283586042141916 -13.283586042141916 -13.283586042141916 -13.283586042141916 -13.283586042141916 -13.283586042141916 -13.283586042141916
1.0552763819095476 -13.283422331097889 -13.283422331097889 -13.283422331097889 -13.283422331097889 -13.283422331097889 -13.283422331097889 -13.283422331097889 -13.283422331097889 -13.283422331097889 -13.283422331097889 -13.283422331097889 -13.283422331097889 -13.283422331097889 -13.283422331097889 -13.283422331097889 -13.283422331097889 -13.283422331097889 -13.283422331097889 -13.283422331097889 -13.283422331097889 -13.283422331097889 -13.283422331097889 -13.283422331097889 -13.283422331097889 -13.283422331097889 -13.283422331097889 -13.283422331097889 -13.283422331097889 -13.283422331097889
1.1306532663316582 -13.28325862005386 -13.28325862005386 -13.28325862005386 -13.28325862005386 -13.28325862005386 -13.28325862005386 -13.28325862005386 -13.28325862005386 -13.28325862005386 -13.28325862005386 -13.28325862005386 -13.28325862005386 -13.28325862005386 -13.28325862005386 -13.28325862005386 -13.28325862005386 -13.28325862005386 -13.28325862005386 -13.28325862005386 -13.28325862005386 -13.28325862005386 -13.28325862005386 -13.28325862005386 -13.28325862005386 -13.28325862005386 -13.28325862005386 -13.28325862005386 -13.28325862005386 -13.28325862005386
1.2060301507537687 -13.283094909009831 -13.283094909009831 -13.283094909009831 -13.283094909009831 -13.283094909009831 -13.283094909009831 -13.283094909009831 -13.283094909009831 -13.283094909009831 -13.283094909009831 -13.283094909009831 -13.283094909009831 -13.283094909009831 -13.283094909009831 -13.283094909009831 -13.283094909009831 -13.283094909009831 -13.283094909009831 -13.283094909009831 -13.283094909009831 -13.283094909009831 -13.283094909009831 -13.283094909009831 -13.283094909009831 -13.283094909009831 -13.283094909009831 -13.283094909009831 -13.283094909009831 -13.283094909009831
1.2814070351758793 -13.282931197965803 -13.282931197965803 -13.282931197965803 -13.282931197965803 -13.282931197965803 -13.282931197965803 -13.282931197965803 -13.282931197965803 -13.282931197965803 -13.282931197965803 -13.282931197965803 -13.282931197965803 -13.282931197965803 -13.282931197965803 -13.282931197965803 -13.282931197965803 -13.282931197965803 -13.282931197965803 -13.282931197965803 -13.282931197965803 -13.282931197965803 -13.282931197965803 -13.282931197965803 -13.282931197965803 -13.282931197965803 -13.282931197965803 -13.282931197965803 -13.282931197965803 -13.282931197965803
1.3567839195979898 -13.282767486921776 -13.282767486921776 -13.282767486921776 -13.282767486921776 -13.282767486921776 -13.282767486921776 -13.282767486921776 -13.282767486921776 -13.282767486921776 -13.282767486921776 -13.282767486921776 -13.282767486921776 -13.282767486921776 -13.282767486921776 -13.282767486921776 -13.282767486921776 -13.282767486921776 -13.282767486921776 -13.282767486921776 -13.282767486921776 -13.282767486921776 -13.282767486921776 -13.282767486921776 -13.282767486921776 -13.282767486921776 -13.282767486921776 -13.282767486921776 -13.282767486921776 -13.282767486921776
1.4321608040201004 -13.282603775877746 -13.282603775877746 -13.282603775877746 -13.282603775877746 -13.282603775877746 -13.282603775877746 -13.282603775877746 -13.282603775877746 -13.282603775877746 -13.282603775877746 -13.282603775877746 -13.282603775877746 -13.282603775877746 -13.282603775877746 -13.282603775877746 -13.282603775877746 -13.282603775877746 -13.282603775877746 -13.282603775877746 -13.282603775877746 -13.282603775877746 -13.282603775877746 -13.282603775877746 -13.282603775877746 -13.282603775877746 -13.282603775877746 -13.282603775877746 -13.282603775877746 -13.282603775877746
1.507537688442211 -13.282440064833718 -13.282440064833718 -13.282440064833718 -13.282440064833718 -13.282440064833718 -13.282440064833718 -13.282440064833718 -13.282440064833718 -13.282440064833718 -13.282440064833718 -13.282440064833718 -13.282440064833718 -13.282440064833718 -13.282440064833718 -13.282440064833718 -13.282440064833718 -13.282440064833718 -13.282440064833718 -13.282440064833718 -13.282440064833718 -13.282440064833718 -13.282440064833718 -13.282440064833718 -13.282440064833718 -13.282440064833718 -13.282440064833718 -13.282440064833718 -13.282440064833718 -13.282440064833718
1.5829145728643215 -13.282276353789689 -13.282276353789689 -13.282276353789689 -13.282276353789689 -13.282276353789689 -13.282276353789689 -13.282276353789689 -13.282276353789689 -13.282276353789689 -13.282276353789689 -13.282276353789689 -13.282276353789689 -13.282276353789689 -13.282276353789689 -13.282276353789689 -13.282276353789689 -13.282276353789689 -13.282276353789689 -13.282276353789689 -13.282276353789689 -13.282276353789689 -13.282276353789689 -13.282276353789689 -13.282276353789689 -13.282276353789689 -13.282276353789689 -13.282276353789689 -13.282276353789689 -13.282276353789689
1.658291457286432 -13.28211264274566 -13.28211264274566 -13.28211264274566 -13.28211264274566 -13.28211264274566 -13.28211264274566 -13.28211264274566 -13.28211264274566 -13.28211264274566 -13.28211264274566 -13.28211264274566 -13.28211264274566 -13.28211264274566 -13.28211264274566 -13.28211264274566 -13.28211264274566 -13.28211264274566 -13.28211264274566 -13.28211264274566 -13.28211264274566 -13.28211264274566 -13.28211264274566 -13.28211264274566 -13.28211264274566 -13.28211264274566 -13.28211264274566 -13.28211264274566 -13.28211264274566 -13.28211264274566
1.7336683417085426 -13.281948931701633 -13.281948931701633 -13.281948931701633 -13.281948931701633 -13.281948931701633 -13.281948931701633 -13.281948931701633 -13.281948931701633 -13.281948931701633 -13.281948931701633 -13.281948931701633 -13.281948931701633 -13.281948931701633 -13.281948931701633 -13.281948931701633 -13.281948931701633 -13.281948931701633 -13.281948931701633 -13.281948931701633 -13.281948931701633 -13.281948931701633 -13.281948931701633 -13.281948931701633 -13.281948931701633 -13.281948931701633 -13.281948931701633 -13.281948931701633 -13.281948931701633 -13.281948931701633
1.809045226130653 -13.281785220657603 -13.281785220657603 -13.281785220657603 -13.281785220657603 -13.281785220657603 -13.281785220657603 -13.281785220657603 -13.281785220657603 -13.281785220657603 -13.281785220657603 -13.281785220657603 -13.281785220657603 -13.281785220657603 -13.281785220657603 -13.281785220657603 -13.281785220657603 -13.281785220657603 -13.281785220657603 -13.281785220657603 -13.281785220657603 -13.281785220657603 -13.281785220657603 -13.281785220657603 -13.281785220657603 -13.281785220657603 -13.281785220657603 -13.281785220657603 -13.281785220657603 -13.281785220657603
1.8844221105527637 -13.281621509613576 -13.281621509613576 -13.281621509613576 -13.281621509613576 -13.281621509613576 -13.281621509613576 -13.281621509613576 -13.281621509613576 -13.281621509613576 -13.281621509613576 -13.281621509613576 -13.281621509613576 -13.281621509613576 -13.281621509613576 -13.281621509613576 -13.281621509613576 -13.281621509613576 -13.281621509613576 -13.281621509613576 -13.281621509613576 -13.281621509613576 -13.281621509613576 -13.281621509613576 -13.281621509613576 -13.281621509613576 -13.281621509613576 -13.281621509613576 -13.281621509613576 -13.281621509613576
