web/models/linear/15/-13_286_0_006.dat
# %ECSV 1.0
# ---
# datatype:
# - {name: time, datatype: float64}
# - {name: sdss_u, datatype: float64}
# - {name: sdss_g, datatype: float64}
# - {name: sdss_r, datatype: float64}
# - {name: sdss_i, datatype: float64}
# - {name: sdss_z, datatype: float64}
# - {name: Clear, datatype: float64}
# - {name: johnson_B, datatype: float64}
# - {name: johnson_V, datatype: float64}
# - {name: johnson_R, datatype: float64}
# - {name: johnson_I, datatype: float64}
# - {name: ukirt_J, datatype: float64}
# - {name: ukirt_H, datatype: float64}
# - {name: ukirt_K, datatype: float64}
# meta: !!omap
# - comment: [M=-13.285714285714286, dM=0.006433028999174784]
# schema: astropy-2.0
time sdss_u sdss_g sdss_r sdss_i sdss_z Clear johnson_B johnson_V johnson_R johnson_I ukirt_J ukirt_H ukirt_K
[from data line 117]
8.819095477386934 -13.228980788761765 -13.228980788761765 -13.228980788761765 -13.228980788761765 -13.228980788761765 -13.228980788761765 -13.228980788761765 -13.228980788761765 -13.228980788761765 -13.228980788761765 -13.228980788761765 -13.228980788761765 -13.228980788761765
8.894472361809044 -13.22849588707841 -13.22849588707841 -13.22849588707841 -13.22849588707841 -13.22849588707841 -13.22849588707841 -13.22849588707841 -13.22849588707841 -13.22849588707841 -13.22849588707841 -13.22849588707841 -13.22849588707841 -13.22849588707841
8.969849246231155 -13.228010985395056 -13.228010985395056 -13.228010985395056 -13.228010985395056 -13.228010985395056 -13.228010985395056 -13.228010985395056 -13.228010985395056 -13.228010985395056 -13.228010985395056 -13.228010985395056 -13.228010985395056 -13.228010985395056
9.045226130653266 -13.2275260837117 -13.2275260837117 -13.2275260837117 -13.2275260837117 -13.2275260837117 -13.2275260837117 -13.2275260837117 -13.2275260837117 -13.2275260837117 -13.2275260837117 -13.2275260837117 -13.2275260837117 -13.2275260837117
9.120603015075377 -13.227041182028346 -13.227041182028346 -13.227041182028346 -13.227041182028346 -13.227041182028346 -13.227041182028346 -13.227041182028346 -13.227041182028346 -13.227041182028346 -13.227041182028346 -13.227041182028346 -13.227041182028346 -13.227041182028346
9.195979899497488 -13.22655628034499 -13.22655628034499 -13.22655628034499 -13.22655628034499 -13.22655628034499 -13.22655628034499 -13.22655628034499 -13.22655628034499 -13.22655628034499 -13.22655628034499 -13.22655628034499 -13.22655628034499 -13.22655628034499
9.271356783919597 -13.226071378661636 -13.226071378661636 -13.226071378661636 -13.226071378661636 -13.226071378661636 -13.226071378661636 -13.226071378661636 -13.226071378661636 -13.226071378661636 -13.226071378661636 -13.226071378661636 -13.226071378661636 -13.226071378661636
9.346733668341708 -13.22558647697828 -13.22558647697828 -13.22558647697828 -13.22558647697828 -13.22558647697828 -13.22558647697828 -13.22558647697828 -13.22558647697828 -13.22558647697828 -13.22558647697828 -13.22558647697828 -13.22558647697828 -13.22558647697828
9.422110552763819 -13.225101575294927 -13.225101575294927 -13.225101575294927 -13.225101575294927 -13.225101575294927 -13.225101575294927 -13.225101575294927 -13.225101575294927 -13.225101575294927 -13.225101575294927 -13.225101575294927 -13.225101575294927 -13.225101575294927
9.497487437185928 -13.224616673611571 -13.224616673611571 -13.224616673611571 -13.224616673611571 -13.224616673611571 -13.224616673611571 -13.224616673611571 -13.224616673611571 -13.224616673611571 -13.224616673611571 -13.224616673611571 -13.224616673611571 -13.224616673611571
9.572864321608039 -13.224131771928217 -13.224131771928217 -13.224131771928217 -13.224131771928217 -13.224131771928217 -13.224131771928217 -13.224131771928217 -13.224131771928217 -13.224131771928217 -13.224131771928217 -13.224131771928217 -13.224131771928217 -13.224131771928217
9.64824120603015 -13.223646870244862 -13.223646870244862 -13.223646870244862 -13.223646870244862 -13.223646870244862 -13.223646870244862 -13.223646870244862 -13.223646870244862 -13.223646870244862 -13.223646870244862 -13.223646870244862 -13.223646870244862 -13.223646870244862
9.72361809045226 -13.223161968561506 -13.223161968561506 -13.223161968561506 -13.223161968561506 -13.223161968561506 -13.223161968561506 -13.223161968561506 -13.223161968561506 -13.223161968561506 -13.223161968561506 -13.223161968561506 -13.223161968561506 -13.223161968561506
9.798994974874372 -13.222677066878152 -13.222677066878152 -13.222677066878152 -13.222677066878152 -13.222677066878152 -13.222677066878152 -13.222677066878152 -13.222677066878152 -13.222677066878152 -13.222677066878152 -13.222677066878152 -13.222677066878152 -13.222677066878152
9.874371859296481 -13.222192165194796 -13.222192165194796 -13.222192165194796 -13.222192165194796 -13.222192165194796 -13.222192165194796 -13.222192165194796 -13.222192165194796 -13.222192165194796 -13.222192165194796 -13.222192165194796 -13.222192165194796 -13.222192165194796
9.949748743718592 -13.221707263511442 -13.221707263511442 -13.221707263511442 -13.221707263511442 -13.221707263511442 -13.221707263511442 -13.221707263511442 -13.221707263511442 -13.221707263511442 -13.221707263511442 -13.221707263511442 -13.221707263511442 -13.221707263511442
10.025125628140703 -13.221222361828087 -13.221222361828087 -13.221222361828087 -13.221222361828087 -13.221222361828087 -13.221222361828087 -13.221222361828087 -13.221222361828087 -13.221222361828087 -13.221222361828087 -13.221222361828087 -13.221222361828087 -13.221222361828087
10.100502512562812 -13.220737460144733 -13.220737460144733 -13.220737460144733 -13.220737460144733 -13.220737460144733 -13.220737460144733 -13.220737460144733 -13.220737460144733 -13.220737460144733 -13.220737460144733 -13.220737460144733 -13.220737460144733 -13.220737460144733
10.175879396984923 -13.220252558461377 -13.220252558461377 -13.220252558461377 -13.220252558461377 -13.220252558461377 -13.220252558461377 -13.220252558461377 -13.220252558461377 -13.220252558461377 -13.220252558461377 -13.220252558461377 -13.220252558461377 -13.220252558461377
10.251256281407034 -13.219767656778023 -13.219767656778023 -13.219767656778023 -13.219767656778023 -13.219767656778023 -13.219767656778023 -13.219767656778023 -13.219767656778023 -13.219767656778023 -13.219767656778023 -13.219767656778023 -13.219767656778023 -13.219767656778023
10.326633165829145 -13.219282755094667 -13.219282755094667 -13.219282755094667 -13.219282755094667 -13.219282755094667 -13.219282755094667 -13.219282755094667 -13.219282755094667 -13.219282755094667 -13.219282755094667 -13.219282755094667 -13.219282755094667 -13.219282755094667
10.402010050251256 -13.218797853411312 -13.218797853411312 -13.218797853411312 -13.218797853411312 -13.218797853411312 -13.218797853411312 -13.218797853411312 -13.218797853411312 -13.218797853411312 -13.218797853411312 -13.218797853411312 -13.218797853411312 -13.218797853411312
10.477386934673365 -13.218312951727958 -13.218312951727958 -13.218312951727958 -13.218312951727958 -13.218312951727958 -13.218312951727958 -13.218312951727958 -13.218312951727958 -13.218312951727958 -13.218312951727958 -13.218312951727958 -13.218312951727958 -13.218312951727958
10.552763819095476 -13.217828050044602 -13.217828050044602 -13.217828050044602 -13.217828050044602 -13.217828050044602 -13.217828050044602 -13.217828050044602 -13.217828050044602 -13.217828050044602 -13.217828050044602 -13.217828050044602 -13.217828050044602 -13.217828050044602
10.628140703517587 -13.217343148361248 -13.217343148361248 -13.217343148361248 -13.217343148361248 -13.217343148361248 -13.217343148361248 -13.217343148361248 -13.217343148361248 -13.217343148361248 -13.217343148361248 -13.217343148361248 -13.217343148361248 -13.217343148361248
10.703517587939697 -13.216858246677893 -13.216858246677893 -13.216858246677893 -13.216858246677893 -13.216858246677893 -13.216858246677893 -13.216858246677893 -13.216858246677893 -13.216858246677893 -13.216858246677893 -13.216858246677893 -13.216858246677893 -13.216858246677893
10.778894472361808 -13.216373344994539 -13.216373344994539 -13.216373344994539 -13.216373344994539 -13.216373344994539 -13.216373344994539 -13.216373344994539 -13.216373344994539 -13.216373344994539 -13.216373344994539 -13.216373344994539 -13.216373344994539 -13.216373344994539
10.854271356783919 -13.215888443311183 -13.215888443311183 -13.215888443311183 -13.215888443311183 -13.215888443311183 -13.215888443311183 -13.215888443311183 -13.215888443311183 -13.215888443311183 -13.215888443311183 -13.215888443311183 -13.215888443311183 -13.215888443311183
10.92964824120603 -13.215403541627829 -13.215403541627829 -13.215403541627829 -13.215403541627829 -13.215403541627829 -13.215403541627829 -13.215403541627829 -13.215403541627829 -13.215403541627829 -13.215403541627829 -13.215403541627829 -13.215403541627829 -13.215403541627829
11.00502512562814 -13.214918639944473 -13.214918639944473 -13.214918639944473 -13.214918639944473 -13.214918639944473 -13.214918639944473 -13.214918639944473 -13.214918639944473 -13.214918639944473 -13.214918639944473 -13.214918639944473 -13.214918639944473 -13.214918639944473
11.08040201005025 -13.21443373826112 -13.21443373826112 -13.21443373826112 -13.21443373826112 -13.21443373826112 -13.21443373826112 -13.21443373826112 -13.21443373826112 -13.21443373826112 -13.21443373826112 -13.21443373826112 -13.21443373826112 -13.21443373826112
11.15577889447236 -13.213948836577764 -13.213948836577764 -13.213948836577764 -13.213948836577764 -13.213948836577764 -13.213948836577764 -13.213948836577764 -13.213948836577764 -13.213948836577764 -13.213948836577764 -13.213948836577764 -13.213948836577764 -13.213948836577764
11.231155778894472 -13.213463934894408 -13.213463934894408 -13.213463934894408 -13.213463934894408 -13.213463934894408 -13.213463934894408 -13.213463934894408 -13.213463934894408 -13.213463934894408 -13.213463934894408 -13.213463934894408 -13.213463934894408 -13.213463934894408
11.306532663316581 -13.212979033211054 -13.212979033211054 -13.212979033211054 -13.212979033211054 -13.212979033211054 -13.212979033211054 -13.212979033211054 -13.212979033211054 -13.212979033211054 -13.212979033211054 -13.212979033211054 -13.212979033211054 -13.212979033211054
11.381909547738692 -13.212494131527698 -13.212494131527698 -13.212494131527698 -13.212494131527698 -13.212494131527698 -13.212494131527698 -13.212494131527698 -13.212494131527698 -13.212494131527698 -13.212494131527698 -13.212494131527698 -13.212494131527698 -13.212494131527698
11.457286432160803 -13.212009229844345 -13.212009229844345 -13.212009229844345 -13.212009229844345 -13.212009229844345 -13.212009229844345 -13.212009229844345 -13.212009229844345 -13.212009229844345 -13.212009229844345 -13.212009229844345 -13.212009229844345 -13.212009229844345
11.532663316582914 -13.211524328160989 -13.211524328160989 -13.211524328160989 -13.211524328160989 -13.211524328160989 -13.211524328160989 -13.211524328160989 -13.211524328160989 -13.211524328160989 -13.211524328160989 -13.211524328160989 -13.211524328160989 -13.211524328160989
11.608040201005025 -13.211039426477635 -13.211039426477635 -13.211039426477635 -13.211039426477635 -13.211039426477635 -13.211039426477635 -13.211039426477635 -13.211039426477635 -13.211039426477635 -13.211039426477635 -13.211039426477635 -13.211039426477635 -13.211039426477635
11.683417085427134 -13.21055452479428 -13.21055452479428 -13.21055452479428 -13.21055452479428 -13.21055452479428 -13.21055452479428 -13.21055452479428 -13.21055452479428 -13.21055452479428 -13.21055452479428 -13.21055452479428 -13.21055452479428 -13.21055452479428
11.758793969849245 -13.210069623110925 -13.210069623110925 -13.210069623110925 -13.210069623110925 -13.210069623110925 -13.210069623110925 -13.210069623110925 -13.210069623110925 -13.210069623110925 -13.210069623110925 -13.210069623110925 -13.210069623110925 -13.210069623110925
11.834170854271356 -13.20958472142757 -13.20958472142757 -13.20958472142757 -13.20958472142757 -13.20958472142757 -13.20958472142757 -13.20958472142757 -13.20958472142757 -13.20958472142757 -13.20958472142757 -13.20958472142757 -13.20958472142757 -13.20958472142757
11.909547738693465 -13.209099819744216 -13.209099819744216 -13.209099819744216 -13.209099819744216 -13.209099819744216 -13.209099819744216 -13.209099819744216 -13.209099819744216 -13.209099819744216 -13.209099819744216 -13.209099819744216 -13.209099819744216 -13.209099819744216
11.984924623115576 -13.20861491806086 -13.20861491806086 -13.20861491806086 -13.20861491806086 -13.20861491806086 -13.20861491806086 -13.20861491806086 -13.20861491806086 -13.20861491806086 -13.20861491806086 -13.20861491806086 -13.20861491806086 -13.20861491806086
12.060301507537687 -13.208130016377504 -13.208130016377504 -13.208130016377504 -13.208130016377504 -13.208130016377504 -13.208130016377504 -13.208130016377504 -13.208130016377504 -13.208130016377504 -13.208130016377504 -13.208130016377504 -13.208130016377504 -13.208130016377504
12.135678391959798 -13.20764511469415 -13.20764511469415 -13.20764511469415 -13.20764511469415 -13.20764511469415 -13.20764511469415 -13.20764511469415 -13.20764511469415 -13.20764511469415 -13.20764511469415 -13.20764511469415 -13.20764511469415 -13.20764511469415
12.21105527638191 -13.207160213010795 -13.207160213010795 -13.207160213010795 -13.207160213010795 -13.207160213010795 -13.207160213010795 -13.207160213010795 -13.207160213010795 -13.207160213010795 -13.207160213010795 -13.207160213010795 -13.207160213010795 -13.207160213010795
12.286432160804019 -13.20667531132744 -13.20667531132744 -13.20667531132744 -13.20667531132744 -13.20667531132744 -13.20667531132744 -13.20667531132744 -13.20667531132744 -13.20667531132744 -13.20667531132744 -13.20667531132744 -13.20667531132744 -13.20667531132744
12.36180904522613 -13.206190409644085 -13.206190409644085 -13.206190409644085 -13.206190409644085 -13.206190409644085 -13.206190409644085 -13.206190409644085 -13.206190409644085 -13.206190409644085 -13.206190409644085 -13.206190409644085 -13.206190409644085 -13.206190409644085
12.43718592964824 -13.205705507960731 -13.205705507960731 -13.205705507960731 -13.205705507960731 -13.205705507960731 -13.205705507960731 -13.205705507960731 -13.205705507960731 -13.205705507960731 -13.205705507960731 -13.205705507960731 -13.205705507960731 -13.205705507960731
12.51256281407035 -13.205220606277376 -13.205220606277376 -13.205220606277376 -13.205220606277376 -13.205220606277376 -13.205220606277376 -13.205220606277376 -13.205220606277376 -13.205220606277376 -13.205220606277376 -13.205220606277376 -13.205220606277376 -13.205220606277376
12.58793969849246 -13.204735704594022 -13.204735704594022 -13.204735704594022 -13.204735704594022 -13.204735704594022 -13.204735704594022 -13.204735704594022 -13.204735704594022 -13.204735704594022 -13.204735704594022 -13.204735704594022 -13.204735704594022 -13.204735704594022
12.663316582914572 -13.204250802910666 -13.204250802910666 -13.204250802910666 -13.204250802910666 -13.204250802910666 -13.204250802910666 -13.204250802910666 -13.204250802910666 -13.204250802910666 -13.204250802910666 -13.204250802910666 -13.204250802910666 -13.204250802910666
12.738693467336683 -13.203765901227312 -13.203765901227312 -13.203765901227312 -13.203765901227312 -13.203765901227312 -13.203765901227312 -13.203765901227312 -13.203765901227312 -13.203765901227312 -13.203765901227312 -13.203765901227312 -13.203765901227312 -13.203765901227312
12.814070351758794 -13.203280999543956 -13.203280999543956 -13.203280999543956 -13.203280999543956 -13.203280999543956 -13.203280999543956 -13.203280999543956 -13.203280999543956 -13.203280999543956 -13.203280999543956 -13.203280999543956 -13.203280999543956 -13.203280999543956
12.889447236180903 -13.2027960978606 -13.2027960978606 -13.2027960978606 -13.2027960978606 -13.2027960978606 -13.2027960978606 -13.2027960978606 -13.2027960978606 -13.2027960978606 -13.2027960978606 -13.2027960978606 -13.2027960978606 -13.2027960978606
12.964824120603014 -13.202311196177247 -13.202311196177247 -13.202311196177247 -13.202311196177247 -13.202311196177247 -13.202311196177247 -13.202311196177247 -13.202311196177247 -13.202311196177247 -13.202311196177247 -13.202311196177247 -13.202311196177247 -13.202311196177247
13.040201005025125 -13.201826294493891 -13.201826294493891 -13.201826294493891 -13.201826294493891 -13.201826294493891 -13.201826294493891 -13.201826294493891 -13.201826294493891 -13.201826294493891 -13.201826294493891 -13.201826294493891 -13.201826294493891 -13.201826294493891
