web/models/kne/40/mosfit_kn_0.012011_0.2023_3.6500.dat
# %ECSV 1.0
# ---
# datatype:
# - {name: time, datatype: float64}
# - {name: PS1_g, datatype: float64}
# - {name: PS1_i, datatype: float64}
# - {name: PS1_r, datatype: float64}
# - {name: PS1_w, datatype: float64}
# - {name: PS1_y, datatype: float64}
# - {name: PS1_z, datatype: float64}
# - {name: swift_uvot_B, datatype: float64}
# - {name: swift_uvot_U, datatype: float64}
# - {name: swift_uvot_uvm2, datatype: float64}
# - {name: swift_uvot_uvw1, datatype: float64}
# - {name: swift_uvot_uvw2, datatype: float64}
# - {name: swift_uvot_V, datatype: float64}
# - {name: johnson_B, datatype: float64}
# - {name: johnson_I, datatype: float64}
# - {name: johnson_R, datatype: float64}
# - {name: johnson_U, datatype: float64}
# - {name: johnson_V, datatype: float64}
# - {name: sdss_g, datatype: float64}
# - {name: sdss_i, datatype: float64}
# - {name: sdss_r, datatype: float64}
# - {name: sdss_u, datatype: float64}
# - {name: sdss_z, datatype: float64}
# - {name: ATLAS_c, datatype: float64}
# - {name: ATLAS_o, datatype: float64}
# - {name: ukirt_H, datatype: float64}
# - {name: ukirt_J, datatype: float64}
# - {name: ukirt_K, datatype: float64}
# - {name: Clear, datatype: float64}
# meta: !!omap
# - comment: [kappa = 3.65, type = rprocess, mass = 0.012011244339858356, velocity = 0.20233333333333337, theta_obs = 0.0, tfloor = 1000.0]
# schema: astropy-2.0
time PS1_g PS1_i PS1_r PS1_w PS1_y PS1_z swift_uvot_B swift_uvot_U swift_uvot_uvm2 swift_uvot_uvw1 swift_uvot_uvw2 swift_uvot_V johnson_B johnson_I johnson_R johnson_U johnson_V sdss_g sdss_i sdss_r sdss_u sdss_z ATLAS_c ATLAS_o ukirt_H ukirt_J ukirt_K Clear
[from data line 28]
1.7434869739478958 -11.609003168717553 -13.54054702803154 -12.848240603838939 -12.809655802218263 -14.071000867336565 -13.884273332583437 -10.775162279578929 -10.01087175824292 -5.474292288568122 -8.048061237586452 -6.08443681225847 -12.23937915467917 -10.87523062140026 -14.146331306120807 -13.262329746624719 -10.108802148572071 -12.319837410444004 -11.422813808984067 -13.531824158996155 -12.836786746798872 -9.229800334042881 -13.94063447344303 -12.167897663533687 -13.195071175248447 -14.367911612409861 -14.336927521870367 -14.2336903148216 -13.0613358284862
1.8036072144288577 -11.515720505009845 -13.504000103219553 -12.789043172005528 -12.757204337419594 -14.057494912107469 -13.861702980948305 -10.661944421199092 -9.852115871769769 -5.212753740184495 -7.879932028081864 -5.912002065860683 -12.16101383295155 -10.765638215074564 -14.116518105756477 -13.210692236541785 -9.957494018971744 -12.244295931490823 -11.324511386217395 -13.494660372399476 -12.77684187889431 -9.074873259209646 -13.920744974650532 -12.09270533721238 -13.148229590080227 -14.386996445048721 -14.341212425720434 -14.262660491596238 -13.020437193245584
1.8637274549098195 -11.419666475171795 -13.464760882799212 -12.72710282641384 -12.702347010661068 -14.041390736790547 -13.836488708743513 -10.545862433670134 -9.690410743676736 -4.948520237323229 -7.711103869521363 -5.739890402612907 -12.07980571972356 -10.653268748860757 -14.08404708605498 -13.156405940099962 -9.803222557599096 -12.165973107310409 -11.223426435144699 -13.454802083408541 -12.714132788196455 -8.91694310179334 -13.898239299081752 -12.014911890820592 -13.098772018030278 -14.403700773065518 -14.343013695281249 -14.28932752550322 -12.977288266052884
1.9238476953907815 -11.320768635029221 -13.422830986755176 -12.662392369219937 -12.645061410828689 -14.022718742601583 -13.808649570380425 -10.42681776328281 -9.525595954826809 -4.681298870621958 -7.541404065050941 -5.5678441241775225 -11.995702222240478 -10.538029824177965 -14.048928487518115 -13.099454878498832 -9.645837808366597 -12.0848209581335 -11.119479887296517 -13.41225015159484 -12.648631140253705 -8.755854926754267 -13.873140185154043 -11.934468496726005 -13.046687964255224 -14.418096321176284 -14.342384171030067 -14.313776197830597 -12.931880253568373
1.9839679358717435 -11.219058321115192 -13.378275831947395 -12.59496429853403 -12.58540091090346 -14.001557060397385 -13.778258651188846 -10.304829558955088 -9.35766093344684 -4.41102071941476 -7.3708167070304675 -5.395768228076449 -11.908743763681066 -10.419944415657344 -14.011231672592192 -13.039897680898786 -9.485334345700355 -12.000882698526139 -11.012699990483252 -13.367069664823852 -12.580388770380182 -8.591600796387553 -13.845522579466572 -11.851417688668917 -12.992038200183273 -14.430279954633585 -14.339412094607605 -14.336109593581162 -12.884272392323215
2.0440881763527052 -11.114540085233084 -13.331138993621394 -12.524847238759147 -12.523396420934034 -13.97796415166253 -13.74536849230683 -10.179888319240675 -9.186562520548183 -4.137577022969253 -7.199292853515278 -5.223537274499716 -11.818945032980245 -10.299007398151264 -13.971004818818546 -12.977770010653995 -9.32167474401145 -11.914176229903733 -10.903087767721082 -13.31930381257445 -12.509433520990143 -8.424140372057085 -13.815441186370503 -11.765777122676209 -12.934860982131404 -14.440332086664165 -14.334167796475564 -14.356415339357776 -12.834502843980289
2.1042084168336674 -11.00714387125283 -13.281411007057624 -12.45200807539156 -12.459021112990687 -13.951954473115293 -13.70998403743231 -10.051902097234546 -9.012157757724939 -3.860722656620477 -7.026685080009187 -5.0509304421041925 -11.726251353816021 -10.175132992646855 -13.928245742202076 -12.913049097312072 -9.154724508829865 -11.82465146231573 -10.790567714000048 -13.2689425046466 -12.43573111526402 -8.253334712878697 -13.782904250668455 -11.677497343409637 -12.875138031143827 -14.448302227353745 -14.326684746721233 -14.374754177818792 -12.782557070381309
2.164328657314629 -10.896920979545843 -13.229159377633817 -12.376508400208301 -12.392337201579693 -13.923601360554763 -13.672176236832296 -9.92091600508327 -8.83447645639098 -3.5804659369910246 -6.853018295769466 -4.87790243735413 -11.630717825841039 -10.048369588943306 -13.883023939356562 -12.845800918585415 -8.984516124437 -11.732365846460107 -10.67518961976635 -13.21605310572755 -12.359342585894328 -8.079214726462425 -13.747983909941137 -11.586635902836377 -12.812935994918373 -14.454273021328488 -14.31704125803172 -14.39121215611907 -12.72850040806075
2.224448897795591 -10.783786723103681 -13.174358703927584 -12.298299587359569 -12.32330380780537 -13.892903114569695 -13.631933918884567 -9.786823646246596 -8.653362210231847 -3.296554235679994 -6.678133324232842 -4.704227009464152 -11.532274291195261 -9.918617416927983 -13.835321277841832 -12.775987592726594 -8.81090138117947 -11.637254149003498 -10.55686345557783 -13.16060959834747 -12.28021804253201 -7.901627649837852 -13.710672384874751 -11.493128997551487 -12.748221411678369 -14.4582778521967 -14.305254660798406 -14.405833952350394 -12.672304766777156
2.284569138276553 -10.667791388904497 -13.117070302498774 -12.217439053698236 -12.25197924148901 -13.859924954512373 -13.58932064895285 -9.649670806283314 -8.468849651847261 -3.009012769567934 -6.502057397960961 -4.529866416463872 -11.430973176147276 -9.785925569478206 -13.785200538935946 -12.70367062397374 -8.633916868092932 -11.539371167502493 -10.435638456611667 -13.102673213007687 -12.19841433690748 -7.720608712475681 -13.671034284329266 -11.397031889265907 -12.681055994373054 -14.46038867478691 -14.291393756970441 -14.41869416975029 -12.61403098135121
2.344689378757515 -10.548815287008022 -13.057240543821784 -12.133847148574155 -12.178294195241754 -13.824640038516591 -13.544298844573497 -9.509313376556314 -8.2807390930917 -2.7175373766979254 -6.324590458059394 -4.354559963557229 -11.326710530687365 -9.65015764556615 -13.732616327386193 -12.628782693555085 -8.453371893242291 -11.4386186946286 -10.31138897746029 -13.04218962595872 -12.1138503244185 -7.535962011769293 -13.629035918736339 -11.298248743263883 -12.611377447213865 -14.460618518502455 -14.275453344569849 -14.42981865597737 -12.553624765621407
2.4048096192384767 -10.426898524954105 -12.994919530445905 -12.047570443781606 -12.1022969558069 -13.78710212983032 -13.496920678175801 -9.365787171651824 -8.089055956377571 -2.4221489259706024 -6.14574861805389 -4.1782642571546305 -11.219528003424568 -9.511353127348062 -13.677620183871284 -12.55137478462765 -8.269293675249322 -11.33504102698616 -10.18415416328299 -12.97920886392097 -12.026571939471609 -7.347713340297819 -13.584730572855452 -11.196824737166224 -12.539236834272511 -14.459027737981012 -14.257490699787938 -14.43927040778968 -12.491137215656778
2.464929859719439 -10.302004212768043 -12.93010443859517 -11.958592901903682 -12.023977571059437 -13.747322117833143 -13.44719144746918 -9.219042255878886 -7.893720444149146 -2.1227223800025667 -5.965445474398248 -4.000836898265238 -11.10939610806054 -9.369467801655315 -13.620213710112463 -12.471439019776522 -8.081607293954349 -11.228612902770292 -10.053894016233347 -12.913727761444687 -11.93656207597563 -7.155784628832311 -13.538125938757375 -11.092736423468441 -12.464628442144221 -14.455648425262877 -14.237528190546962 -14.447088655176133 -12.42656678687144
2.5250501002004007 -10.17401224772005 -12.862735442095445 -11.86683091741612 -11.943263861387639 -13.705264933866044 -13.395066078471558 -9.068935816882455 -7.694538585682018 -1.8189751051030205 -5.783488137094519 -3.8220332917318554 -10.996208349274951 -9.224367016481224 -13.560344806146098 -12.388904238356748 -7.89012697856392 -11.119233907917108 -9.920482979751029 -12.845685859519165 -11.843735545078271 -6.9599850047756995 -13.489180786709358 -10.985886553083208 -12.387485575826354 -14.450482948774058 -14.215551066770773 -14.453287932123933 -12.359856057776462
2.5851703406813624 -10.043062978587454 -12.792924035381237 -11.772408061440451 -11.86027492182923 -13.661029676307503 -13.34064842796133 -8.915617953286425 -7.4916814177981195 -1.511144715490949 -5.600022364599884 -3.6419455718034963 -10.880096787582858 -9.076201880422236 -13.49812170624655 -12.303893121772688 -7.695020652576289 -11.007036751115445 -9.78406391655854 -12.775195009758367 -11.74821586073623 -6.7604835811414254 -13.437998199680568 -10.876407407636961 -12.307927406149357 -14.44361376920776 -14.191649320193827 -14.457946222609566 -12.291118495994073
2.6452905811623246 -9.908988349081778 -12.720575527848084 -11.67520057877848 -11.774901631333492 -13.614552021529907 -13.283861901140313 -8.758892983152766 -7.28489135881647 -1.198865689933089 -5.414794577882933 -3.4602746524974957 -10.760909865183017 -8.92478643177466 -13.433459159282883 -12.21629687876953 -7.496040613427805 -10.89187715624888 -9.64446214500402 -12.702159744635324 -11.649877363951564 -6.557026481496262 -13.38450624544512 -10.764158750321275 -12.225850674810097 -14.43502237531092 -14.165783517588293 -14.461059801581209 -12.220263232219786
2.7054108216432864 -9.771773912483575 -12.645695885711614 -11.575206676106777 -11.687147491042253 -13.565846246252313 -13.224717261369463 -8.59873810132439 -7.074126498040076 -0.8820811052630644 -5.227751188703724 -3.2769213017844865 -10.638636578975824 -8.77010343454867 -13.366366059828138 -12.126120867884726 -7.293148122807153 -10.773748254518088 -9.50166132728997 -12.62658584248678 -11.54871724760719 -6.349572506101939 -13.328717633366978 -10.649135641662237 -12.141261499055656 -14.424736785440276 -14.137975378907795 -14.462661610143764 -12.147299984623032
2.7655310621242486 -9.631396701648693 -12.568284239805116 -11.472417050889288 -11.597009008128012 -13.514920529803724 -13.163218868022977 -8.435121341567175 -6.859334337072394 -0.5607220211756241 -5.038827504774375 -3.091777792903659 -10.513257725026374 -8.612126823313918 -13.296844707699755 -12.033363415432216 -7.0862940986566265 -10.652635243851519 -9.355636457184335 -12.548472229358598 -11.444725133051179 -6.138069943017435 -13.270638811355138 -10.531325313561606 -12.054159037407537 -14.412780044423313 -14.108241149499124 -14.462779972578142 -12.07223202103366
2.8256513026052104 -9.487850378980394 -12.488349719585692 -11.366835079676036 -11.504494184918581 -13.461790284593285 -13.099379405756615 -8.268029802802747 -6.6404867743886165 -0.2347565335428774 -4.847979481387625 -2.904759112934044 -10.384769076934727 -8.450849179841743 -13.224906598031662 -11.938034676195095 -6.875453056320719 -10.528538003071633 -9.206379756521255 -12.467827906010616 -11.337903418842021 -5.922491125832181 -13.210284242970918 -10.410729324497225 -11.964553596084269 -14.399178392984078 -14.076602125020246 -14.461445164561242 -11.995072647922669
2.885771543086172 -9.341047907507889 -12.405846737878576 -11.258398953475073 -11.40955141281891 -13.406427191838226 -13.033163423543765 -8.097360235015866 -6.417444138011312 0.09600094552345073 -4.655062853632881 -2.715683972133206 -10.253091757047496 -8.286175331707891 -13.150511811694738 -11.840084060494124 -6.660491247499138 -10.401383739889576 -9.05380041778482 -12.384606868872776 -11.228188774360532 -5.702698133255701 -13.147621742220483 -10.287278029636404 -11.8723969853367 -14.383930604154587 -14.043044724094942 -14.45866505316779 -11.91578200743395
2.9458917835671343 -9.190989067895323 -12.320786586038235 -11.147115823576463 -11.312192074327818 -13.348847222430766 -12.964584775348627 -7.9231072687402735 -6.1901889187505965 0.43156183796877645 -4.460042242805073 -2.524480426820318 -10.118226534396435 -8.118105456070545 -13.073673576534059 -11.739525353877582 -6.441393361638667 -10.271177421009002 -8.89789714233638 -12.298820329599902 -11.11558737940749 -5.478673661945912 -13.082666847618096 -10.16097789307537 -11.777702598109645 -14.36706122408786 -14.007589601253814 -14.454467540718381 -11.834376158242907
3.006012024048096 -9.03759454052338 -12.233127014290837 -11.032929002632148 -11.21236932693586 -13.289023630500196 -12.893610252256664 -7.745176912218127 -5.9585940680974225 0.7720881302194345 -4.262785374790159 -2.330983261229832 -9.980100981957982 -7.946553735900327 -12.99435484138786 -11.636312955009817 -6.218037806168095 -10.13785282548598 -8.738587237677855 -12.210425676099028 -11.000041026075387 -5.250292143941415 -13.015389518117289 -10.031765692581907 -11.68042663793221 -14.34856815597662 -13.970223444713133 -14.448858895202592 -11.750819344379266
3.066132264529058 -8.880878567770054 -12.142887374832316 -10.915856316854686 -11.110104055767636 -13.226977765157422 -12.820260134610457 -7.563580643326101 -5.722664005733886 1.1175556498364942 -4.06327543849514 -2.1351428637513012 -9.838728720915892 -7.771536951711852 -12.912576136839242 -11.530470710991125 -5.990430502212025 -10.001427649266573 -8.575884453259679 -12.119442258833786 -10.881566644170384 -5.017557912809512 -12.945811472219582 -9.899660114350937 -11.580591755674163 -14.328477403022875 -13.930970187845373 -14.441867260161628 -11.66513579698421
3.12625250501002 -8.720785292932547 -12.050039583401517 -10.795859029192538 -11.005365622731382 -13.162693143965267 -12.744513010071117 -7.378251387659144 -5.482306024399506 1.4680733749133497 -3.8614106871422744 -1.9368278424043726 -9.694058485620893 -7.592995717323085 -12.82831345818802 -11.421969918995131 -5.758483144094495 -9.861856532851048 -8.409730406191223 -12.025841742055317 -10.760124104316358 -4.780379302460034 -12.873914068437333 -9.76461812606562 -11.478169974010104 -14.306791424838996 -13.889823713089358 -14.433501690186732 -11.5773039516848
3.186372745490982 -8.557265300565593 -11.954559179857078 -10.672903181899098 -10.898127732901237 -13.096155736814481 -12.666350370524722 -7.189129548236802 -5.237437094895565 1.823734165735737 -3.6570987977355958 -1.7359177181059446 -9.546044714255288 -7.410878085986376 -12.741546102130556 -11.31078646829047 -5.522116812028639 -9.71909982994086 -8.240073413307805 -11.929599449500241 -10.635678078069386 -4.538674192077359 -12.799681483023235 -9.626602194446168 -11.373137521121492 -14.283513453575745 -13.846779458948715 -14.42377149506729 -11.487306056648467
3.2464929859719436 -8.390321844000201 -11.856456295173512 -10.546996730954774 -10.788401881168532 -13.027378415070299 -12.585783684338594 -6.996215015766466 -4.9880484147188575 2.184525721840182 -3.4503116738930646 -1.5323568994497125 -9.394690356619499 -7.225189917678726 -12.652285664734084 -11.196935263370602 -5.281324622593175 -9.573165188688753 -8.066916098280608 -11.830725502777373 -10.50823552208028 -4.2924338791080885 -12.723126883745994 -9.485620701252273 -11.265507865095472 -14.258662149561692 -13.801853553561683 -14.412697815613152 -11.395157678233616
3.306613226452906 -8.21987657098175 -11.755685988933866 -10.418081868871383 -10.676140057417598 -12.95633027645259 -12.502776091152281 -6.799416090363507 -4.734017754840156 2.5505906734201718 -3.240925098577598 -1.3259963425546881 -9.239922740611412 -7.03584843671058 -12.56049209971777 -11.080370313754344 -5.035989652885508 -9.423986900820063 -7.890177092553952 -11.729174659583883 -10.377737015671276 -4.041537489038962 -12.64421671423845 -9.341610434064087 -11.155235827978274 -14.232229334399092 -13.755027567070622 -14.400280258257341 -11.300821749997088
3.3667334669338675 -8.045936471052748 -11.652259866380614 -10.286168990413422 -10.56135567848468 -12.883024686296753 -12.41733992146493 -6.598737311541632 -4.475342686076633 2.9219038965248574 -3.028917831411295 -1.1167899265750445 -9.081748002284204 -6.8428642414019905 -12.46617822587175 -10.96110900104603 -4.7861112616821195 -9.271575971300388 -7.709862978030468 -11.624958550821525 -10.244191964218228 -3.785982679766562 -12.56296498752194 -9.1945826490584 -11.042336845202314 -14.20423271114032 -13.706317374851443 -14.386538533033145 -11.204315364998738
