web/models/kne/40/mosfit_kn_0.177477_0.1553_3.6500.dat
# %ECSV 1.0
# ---
# datatype:
# - {name: time, datatype: float64}
# - {name: PS1_g, datatype: float64}
# - {name: PS1_i, datatype: float64}
# - {name: PS1_r, datatype: float64}
# - {name: PS1_w, datatype: float64}
# - {name: PS1_y, datatype: float64}
# - {name: PS1_z, datatype: float64}
# - {name: swift_uvot_B, datatype: float64}
# - {name: swift_uvot_U, datatype: float64}
# - {name: swift_uvot_uvm2, datatype: float64}
# - {name: swift_uvot_uvw1, datatype: float64}
# - {name: swift_uvot_uvw2, datatype: float64}
# - {name: swift_uvot_V, datatype: float64}
# - {name: johnson_B, datatype: float64}
# - {name: johnson_I, datatype: float64}
# - {name: johnson_R, datatype: float64}
# - {name: johnson_U, datatype: float64}
# - {name: johnson_V, datatype: float64}
# - {name: sdss_g, datatype: float64}
# - {name: sdss_i, datatype: float64}
# - {name: sdss_r, datatype: float64}
# - {name: sdss_u, datatype: float64}
# - {name: sdss_z, datatype: float64}
# - {name: ATLAS_c, datatype: float64}
# - {name: ATLAS_o, datatype: float64}
# - {name: ukirt_H, datatype: float64}
# - {name: ukirt_J, datatype: float64}
# - {name: ukirt_K, datatype: float64}
# - {name: Clear, datatype: float64}
# meta: !!omap
# - comment: [kappa = 3.65, type = rprocess, mass = 0.1774768329891343, velocity = 0.15533333333333332, theta_obs = 0.0, tfloor = 1000.0]
# schema: astropy-2.0
time PS1_g PS1_i PS1_r PS1_w PS1_y PS1_z swift_uvot_B swift_uvot_U swift_uvot_uvm2 swift_uvot_uvw1 swift_uvot_uvw2 swift_uvot_V johnson_B johnson_I johnson_R johnson_U johnson_V sdss_g sdss_i sdss_r sdss_u sdss_z ATLAS_c ATLAS_o ukirt_H ukirt_J ukirt_K Clear
[from data line 141]
8.537074148296593 -9.668927075463163 -13.216842997120981 -11.874348215860131 -12.135327743882325 -14.422655814110534 -13.967020855616745 -8.243880638967173 -6.168530360210944 1.1354704003801936 -4.683345853702328 -2.7689171054904125 -10.691687172579602 -8.481623515250195 -14.023211633848344 -12.538797839401347 -6.472012782317737 -10.876733231095999 -9.338133562722302 -13.190196036801343 -11.83372523835521 -5.476589462340478 -14.109177205729875 -10.79527021595565 -12.614756215292413 -15.706322874104096 -15.225570096247587 -15.876816185067584 -12.763137895685297
8.597194388777554 -9.633515278342344 -13.198197817642772 -11.84892967652452 -12.113968433058844 -14.41117063336419 -13.952652636178744 -8.202114332049526 -6.112977646968023 1.2178434891457153 -4.638817408098568 -2.7250681732942392 -10.660029031710529 -8.441679414762739 -14.0067317769321 -12.51637987068695 -6.418551864553532 -10.846440202673742 -9.30120639006276 -13.171363016713116 -11.807920076193863 -5.421781216264634 -14.095802061600082 -10.766249684717852 -12.593851447320663 -15.705603423847535 -15.219929114095212 -15.879482718201546 -12.74611792022057
8.657314629258517 -9.598001412725523 -13.179444624395646 -11.82340535652088 -12.092517344429972 -14.399577160795154 -13.938175623043332 -8.160244403327443 -6.057321903710093 1.3002675292302053 -4.594264760982494 -2.6811795770916578 -10.628261785915011 -8.401639429721776 -13.990144688292709 -12.49386376912324 -6.364986995674659 -10.816043694656779 -9.264177434879155 -13.15242204851641 -11.782007599758089 -5.366866775565029 -14.082319915465913 -10.737133781206207 -12.572847596707959 -15.704780655463587 -15.2141823573829 -15.882048726738168 -12.729012317453101
8.71743486973948 -9.562273637319088 -13.16050907810741 -11.797685776395799 -12.070894039606745 -14.387817059633363 -13.923525033862614 -8.118144805115623 -6.001406220875172 1.3829591081797838 -4.549555043560449 -2.6371197106427 -10.596281987813018 -8.361381630321606 -13.973380873992724 -12.471166816335561 -6.311165962963294 -10.785443350524433 -9.226931467725965 -13.133298373908904 -11.75589745962645 -5.3116909069387575 -14.068668217064708 -10.7078249559736 -12.551665297443488 -15.703820293984393 -15.208284554473277 -15.884487506886378 -12.71175035758315
8.77755511022044 -9.526449687720682 -13.141470442020236 -11.771865752348862 -12.049183876120395 -14.37595313612995 -13.90877030365603 -8.075947887066352 -5.945394586357562 1.465692680646577 -4.504825772682857 -2.5930243871348178 -10.56419879748318 -8.321034168977185 -13.956514620211806 -12.448376932773304 -6.257247973834989 -10.754745193195932 -9.189589704401602 -13.114071688268236 -11.72968536551327 -5.256415921195483 -14.054914118774828 -10.678426213814696 -12.530388968450872 -15.702760364292857 -15.202285063417857 -15.886829284197608 -12.69440739100208
8.837675350701403 -9.490418344263922 -13.122254754049276 -11.745856280147109 -12.027306896856054 -14.363927335918145 -13.893846968030896 -8.033528299951495 -5.889130972165599 1.5486833813692487 -4.459945166873425 -2.5487630255022107 -10.53190931058219 -8.280475823018424 -13.93947678518509 -12.42541186839355 -6.203081666076795 -10.7238494152525 -9.152037558169237 -13.094667613227635 -11.703281441854614 -5.200887443757196 -14.040995382946537 -10.648840571161582 -12.508939687817602 -15.701566753891353 -15.196138829191614 -15.889047484619477 -12.676913138563393
8.897795591182364 -9.454284672458169 -13.102932798319653 -11.719742004223495 -12.005339250546374 -14.351795768428222 -13.878817049616998 -7.99100414800857 -5.832761689953667 1.6317301939207924 -4.415035568798533 -2.504456501709583 -10.499510974939021 -8.239820925714824 -13.922333711943484 -12.402350091684735 -6.148809094238132 -10.692850647476229 -9.114383196837395 -13.075157318094615 -11.67677113575321 -5.145250305183229 -14.026971990448782 -10.61915992957072 -12.48739280222578 -15.700273452246304 -15.189889958428253 -15.891169130923737 -12.659334800601645
8.957915831663327 -9.417964385155475 -13.083448604749481 -11.69345552389455 -11.983220442071207 -14.339514556742134 -13.86363179649452 -7.948280397560278 -5.776168372452588 1.7149962264657121 -4.369997118357034 -2.460005781745561 -10.466925808876166 -8.198977610707562 -13.905033098425356 -12.379129369301413 -6.094315441371265 -10.661673286542184 -9.076539773913925 -13.055484516683116 -11.65008637891022 -5.089387390598326 -14.012796889864898 -10.589310842899717 -12.46568859846386 -15.698854796632325 -15.183504464088973 -15.89317429902964 -12.641619257720098
9.018036072144287 -9.381496672836978 -13.063828850159656 -11.66702858181953 -11.960979058940335 -14.327105009021448 -13.848314680038154 -7.905401010766254 -5.719405271276514 1.798407148201517 -4.324874805450776 -2.4154552121732773 -10.434190232648472 -8.157988473066599 -13.887599998634272 -12.355779203407746 -6.039653417090218 -10.630352736041802 -9.038547613702619 -13.035676027137253 -11.623259207133838 -5.0333524240545024 -13.998492809975911 -10.559327675848191 -12.443855419121697 -15.697323992207327 -15.176999259923143 -15.895073641362776 -12.623791817978596
9.07815631262525 -9.34488301370111 -13.044074959138978 -11.640462634290731 -11.93861647004626 -14.31456850961581 -13.832867100222082 -7.862367502685458 -5.662473931435663 1.8819611244816565 -4.279669387537002 -2.370805366110925 -10.401305724928022 -8.116855042751471 -13.870035828642362 -12.332301068706546 -5.984824578454006 -10.598890492897597 -9.000408201272432 -13.015733275782537 -11.596291077022354 -4.977146966776758 -13.984061153340548 -10.52921186000301 -12.421894702202962 -15.695682349905407 -15.170375694187648 -15.896868445537978 -12.605853821172648
9.138276553106213 -9.30808143812973 -13.024159245764508 -11.613724234071299 -11.916102734103529 -14.301883472667107 -13.817265009384094 -7.819132476671867 -5.605315162352191 1.9657396409878887 -4.234330965018298 -2.3260066165730495 -10.368233480827016 -8.075531564398148 -13.8523147580539 -12.308664173358672 -5.929771534866017 -10.567248987851697 -8.962078276119563 -12.995628417842227 -11.569148197559791 -4.920712458294236 -13.969478741579096 -10.498926915679299 -12.399776908613678 -15.693917486000895 -15.163617178859745 -15.898549231631039 -12.587779069150056
9.198396793587174 -9.271172107907617 -13.00413581779667 -11.586878025943204 -11.89349590700461 -14.289092832672221 -13.801555848868077 -7.775786036820263 -5.548040536918766 2.0495898390757157 -4.188952160031523 -2.2811505778432415 -10.335047919274835 -8.034105215122892 -13.834487507190698 -12.284928406673778 -5.87460262899252 -10.535500456400351 -8.92364036020071 -12.975415854062593 -11.541895836357696 -4.864159372088217 -13.954791449046269 -10.468542925480264 -12.377559551522399 -15.692055448871521 -15.156757487893753 -15.900136719832696 -12.56961875548372
9.258517034068136 -9.234040893685993 -12.98392862839135 -11.559832585629408 -11.870714070739172 -14.276136840339024 -13.785673291695009 -7.732199548331212 -5.4904899889432635 2.1337314608681597 -4.14339911162978 -2.236104379646203 -10.301643314575497 -7.992451721892952 -13.816482982624098 -12.261009398793405 -5.819162562504065 -10.503542444634205 -8.884976878554411 -12.955019112206188 -11.514441650139009 -4.807329284544348 -13.939935262051648 -10.437960461266975 -12.355161652345004 -15.690061108400975 -15.149750236471213 -15.901603551970707 -12.551300985201834
9.318637274549097 -9.196806049277466 -12.963617299012817 -11.532683154071659 -11.847842678455827 -14.263078550393455 -13.769687077485013 -7.688506012750099 -5.432828376637726 2.217938692423311 -4.09780867474284 -2.1910035374567225 -10.268129419706728 -7.950699704654504 -13.798375778150788 -12.23699529295579 -5.763611394942576 -10.471481433979404 -8.846209584502152 -12.93451824759277 -11.486881809995584 -4.750385424803838 -13.924977585927927 -10.407282812209058 -12.332667848835097 -15.687972468930425 -15.142644888502694 -15.902979823600008 -12.53290101597532
9.37875751503006 -9.159382336916586 -12.943145110314358 -11.505361498690139 -11.824820638286404 -14.249873449531876 -13.75354776471358 -7.644609324231296 -5.374936041198595 2.302375709748305 -4.052080857710543 -2.145748722228905 -10.234427278190463 -7.908756352275827 -13.780112887639088 -12.21282317091034 -5.707833042855459 -10.439240941195072 -8.807250659934862 -12.913856222644782 -11.459147390403572 -4.693209361627009 -13.909870719032451 -10.376435766476941 -12.310017751895348 -15.68576346667816 -15.135406946608878 -15.904245298224298 -12.514365278831043
9.438877755511022 -9.121801554403461 -12.922533749688423 -11.477893401908421 -11.801671123599018 -14.236538877896816 -13.737274446930687 -7.600545151185233 -5.316856976527955 2.386982398944679 -4.006251853944516 -2.100375659125809 -10.200566470241778 -7.866656204985855 -13.761714682238317 -12.188516982108919 -5.651870258392499 -10.406849710030135 -8.768132819994108 -12.89305483916623 -11.431264415928517 -4.6358446755104055 -13.89463314940441 -10.3454471893936 -12.287234369000934 -15.683444861071948 -15.128050183492494 -15.905408657572513 -12.495714271571448
9.498997995991983 -9.084108190705358 -12.90181341562052 -11.450314846345915 -11.778426404558306 -14.223098888693357 -13.720893658577786 -7.556363460192595 -5.258652939444897 2.4716744737112935 -3.960372411664945 -2.0549345686047746 -10.166588366225106 -7.824447593478826 -13.743209494827912 -12.164110072355278 -5.595783035193229 -10.37434789482523 -8.72890185024973 -12.872144456829595 -11.403269218184118 -4.578352541285131 -13.879290544773326 -10.314355989768433 -12.264349730998223 -15.681031388321248 -15.120593600469405 -15.906481691833301 -12.47697646019807
9.559118236472946 -9.046200115091345 -12.880916016226713 -11.422543995983911 -11.755013285941072 -14.209499976794184 -13.704346000766687 -7.511949120043805 -5.200180657600573 2.5566480595542425 -3.9143234172306225 -2.0093070457143045 -10.132398290861008 -7.7820193764860015 -13.72453367673889 -12.13952700795189 -5.539432365325993 -10.341643813695283 -8.689452538186355 -12.851056603810367 -11.375079122316052 -4.520591129435978 -13.863785597709377 -10.283073263381688 -12.2412914228428 -15.678491630810175 -15.112995681716601 -15.9074399682434 -12.458087685160493
9.619238476953907 -9.008179386555781 -12.859910330151507 -11.394663086736063 -11.731505428507223 -14.19579662823681 -13.687691732371938 -7.46741693034891 -5.141582414182508 2.641708755408307 -3.8682223046974857 -1.963609532498086 -10.098091033473306 -7.739482501301506 -13.705751661138976 -12.114843830338248 -5.482956400453116 -10.308829381901086 -8.649889959972903 -12.829860432565283 -11.346777181118739 -4.462701347435534 -13.8481765366752 -10.251688093630449 -12.218132468465672 -15.675858412765745 -15.105299162796442 -15.908309460274912 -12.439112753400998
9.67935871743487 -8.969962889518985 -12.838740985552572 -11.366605546209936 -11.707843333769503 -14.181945363416286 -13.67088256667131 -7.422673171687047 -5.08274153690051 2.7270161351315076 -3.8219722084187064 -1.9177456665508106 -10.063589540656743 -7.696746530977613 -13.686811702134023 -12.08999921890322 -5.426241948061687 -10.275830010245544 -8.610128487951059 -12.808500261858775 -11.31829613320333 -4.404567694636512 -13.832416787733326 -10.220128166587514 -12.19481399839161 -15.67310627557617 -15.09747034648063 -15.909070411588198 -12.41999955173723
9.739478957915832 -8.931592689201295 -12.817436532768074 -11.338405395445985 -11.684057499281462 -14.167968918888914 -13.653943587923507 -7.377765093134992 -5.023716427858851 2.812490511182088 -3.7756210745549796 -1.8717629141176881 -10.028932932879641 -7.6538571626051635 -13.667740584675478 -12.065024696661776 -5.36934574399843 -10.24268366655974 -8.57021141391261 -12.78700479454523 -11.289670330813273 -4.346248025817658 -13.816530614529299 -10.188430262716892 -12.171366290178138 -15.670249137276372 -15.089527188130914 -15.909733950628178 -12.400774974897306
9.799599198396793 -8.893075271727025 -12.796001664464445 -11.31006806155165 -11.660152830452137 -14.15387120254696 -13.636879019936377 -7.332699881805676 -4.964515740909157 2.8981202102143273 -3.7291756654900783 -1.825667853347038 -9.994127313983913 -7.610821399028346 -13.648542766732625 -12.039925388492307 -5.3122762378158335 -10.209396325498703 -8.530145388580888 -12.765378744576417 -11.260905243541739 -4.2877509376251055 -13.800522138599671 -10.156600147862616 -12.147794273845776 -15.667289707087107 -15.081472949213788 -15.910302407010393 -12.381443442519426
9.859719438877756 -8.854343771788624 -12.774391860623382 -11.281540005361155 -11.636081553756092 -14.139617280738097 -13.61965005023455 -7.287402115152616 -4.905045538316788 2.984033418646736 -3.682558300508951 -1.7793830865166558 -9.959110672289555 -7.567566515903742 -13.629176657253883 -12.014652044187592 -5.254942299380662 -10.175908002770731 -8.48986152263171 -12.743577343111294 -11.231946767447312 -4.22898342518609 -13.784353941382026 -10.124579700123473 -12.124050660530905 -15.664207605355461 -15.073280596683494 -15.910760012835928 -12.361963170015393
9.919839679358716 -8.815498940930109 -12.752675033908378 -11.25290241830987 -11.61191626716402 -14.125260944821036 -13.602316179548595 -7.241985149708255 -4.84544633835327 3.07003862278419 -3.63588436375716 -1.7330232050206393 -9.923976637822857 -7.524201986880218 -13.609705866896011 -11.989279657560871 -5.197480369430647 -10.14230943251105 -8.44946354689748 -12.721668871536433 -11.202876915847497 -4.170084673983574 -13.76808349949469 -10.092456787390951 -12.100207474379268 -15.661035173070236 -15.064992287366666 -15.911132313494639 -12.342397950110975
9.97995991983968 -8.77645820614605 -12.730796109000924 -11.224089124100267 -11.587597922197048 -14.110758922322404 -13.584829359174257 -7.19635587426379 -4.785602243061167 3.15629385778555 -3.5890582005861833 -1.6864929155180373 -9.888648601148617 -7.4806380268158925 -13.590078926786877 -11.96374733477872 -5.139778000982417 -10.108526502706725 -8.40886639694105 -12.699597948104895 -11.17362881565981 -4.110939926845845 -13.75166448087585 -10.06015961193885 -12.076206241170944 -15.657747065648003 -15.056574479907832 -15.911399646769356 -12.322696116093166
10.040080160320642 -8.737247500548762 -12.708772796662924 -11.19512116565419 -11.56314537933369 -14.096125378995072 -13.567205186530682 -7.150543385740909 -4.725549133927078 3.242750254868107 -3.5421090691435704 -1.639821163025029 -9.853150713787599 -7.436902788886609 -13.57031247189844 -11.93807460293674 -5.081870069646303 -10.07458266814776 -8.368096753266894 -12.677382376858422 -11.144223712504804 -4.051584742415724 -13.735111984605997 -10.027710873638593 -12.05206571694493 -15.654352062470679 -15.04803842152757 -15.911569086305642 -12.30287432578141
10.100200400801603 -8.697899767157118 -12.686627515702185 -11.166025223895737 -11.538582503102237 -14.081378194979148 -13.549463376870392 -7.104584682498852 -4.665332710972194 3.3293456916451953 -3.495074157423019 -1.5930448283186602 -9.817513651532927 -7.393032030633705 -13.550427539777925 -11.91228616598383 -5.023800981822408 -10.04050768578004 -8.327188515525581 -12.655044695587474 -11.1146885521684 -3.9920644097609603 -13.718445079280315 -9.995139358747931 -12.027809631631854 -15.650861135337856 -15.039398248313612 -15.911649412829634 -12.282953605307103
10.160320641282565 -8.65832532739299 -12.664300376806974 -11.136729383034893 -11.513845198880084 -14.066470281483312 -13.531551657224892 -7.058378645194568 -4.6048271391378215 3.416251349826564 -3.4478500860160106 -1.5460608132679563 -9.781654158851023 -7.348928294277947 -13.53036815852197 -11.886315892217507 -4.965448641463876 -10.006221049106363 -8.286049304586118 -12.632524683116877 -11.084950652664087 -3.9322543116914233 -13.70161336676512 -9.962367120433022 -12.003374469008747 -15.647246674115834 -15.030617443466648 -15.9116191980606 -12.26287790825145
