web/models/kne/40/mosfit_kn_0.144270_0.4843_3.6500.dat
# %ECSV 1.0
# ---
# datatype:
# - {name: time, datatype: float64}
# - {name: PS1_g, datatype: float64}
# - {name: PS1_i, datatype: float64}
# - {name: PS1_r, datatype: float64}
# - {name: PS1_w, datatype: float64}
# - {name: PS1_y, datatype: float64}
# - {name: PS1_z, datatype: float64}
# - {name: swift_uvot_B, datatype: float64}
# - {name: swift_uvot_U, datatype: float64}
# - {name: swift_uvot_uvm2, datatype: float64}
# - {name: swift_uvot_uvw1, datatype: float64}
# - {name: swift_uvot_uvw2, datatype: float64}
# - {name: swift_uvot_V, datatype: float64}
# - {name: johnson_B, datatype: float64}
# - {name: johnson_I, datatype: float64}
# - {name: johnson_R, datatype: float64}
# - {name: johnson_U, datatype: float64}
# - {name: johnson_V, datatype: float64}
# - {name: sdss_g, datatype: float64}
# - {name: sdss_i, datatype: float64}
# - {name: sdss_r, datatype: float64}
# - {name: sdss_u, datatype: float64}
# - {name: sdss_z, datatype: float64}
# - {name: ATLAS_c, datatype: float64}
# - {name: ATLAS_o, datatype: float64}
# - {name: ukirt_H, datatype: float64}
# - {name: ukirt_J, datatype: float64}
# - {name: ukirt_K, datatype: float64}
# - {name: Clear, datatype: float64}
# meta: !!omap
# - comment: [kappa = 3.65, type = rprocess, mass = 0.1442699905917794, velocity = 0.48433333333333334, theta_obs = 0.0, tfloor = 1000.0]
# schema: astropy-2.0
time PS1_g PS1_i PS1_r PS1_w PS1_y PS1_z swift_uvot_B swift_uvot_U swift_uvot_uvm2 swift_uvot_uvw1 swift_uvot_uvw2 swift_uvot_V johnson_B johnson_I johnson_R johnson_U johnson_V sdss_g sdss_i sdss_r sdss_u sdss_z ATLAS_c ATLAS_o ukirt_H ukirt_J ukirt_K Clear
[from data line 141]
8.537074148296593 -13.727261028639628 -16.74678075415258 -15.617595697669824 -15.759216755056542 -17.728244823917674 -17.362626448514682 -12.500387338313807 -10.8573579353925 -4.419705581900948 -9.073574887357001 -7.1314956111082 -14.628663805794481 -12.684967819562697 -17.485733473752163 -16.191884253766695 -11.09471583297725 -14.773761851078307 -13.444082048634769 -16.726046590758514 -15.58828849263266 -10.140329200886331 -17.474579199609206 -14.65703158312131 -16.220116244168672 -18.67748288916974 -18.349498473053245 -18.743430619389297 -16.254411685612453
8.597194388777554 -13.761670235064809 -16.77478529609175 -15.648183152419062 -15.788467328609688 -17.75354719281408 -17.389009138884468 -12.537172173568802 -10.899358007406175 -4.472449146845892 -9.112619489736904 -7.170156327865346 -14.661564038836616 -12.721158474868787 -17.51293102449453 -16.221430380224444 -11.135910703568285 -14.806213706742495 -13.47906655059754 -16.75412264205523 -15.619002652150833 -10.182004220142975 -17.500608726021305 -14.68911870661941 -16.249085450520138 -18.69879350569256 -18.37263091137432 -18.763501091657822 -16.28210649294518
8.657314629258517 -13.796447008016255 -16.802998381381435 -15.679043196704274 -15.817960232162136 -17.778991483165427 -17.415560287037284 -12.574382866079247 -10.941912829988905 -4.526020036131711 -9.15216417176838 -7.209307211716979 -14.694793388005618 -12.757761466907919 -17.540317343142508 -16.25122449916991 -11.177640207638728 -14.838984418090869 -13.514432854238283 -16.782409006369647 -15.649992284748926 -10.224225358436296 -17.52679826142634 -14.721517316966928 -16.278288412958872 -18.72014857339415 -18.395852239675854 -18.78358592717086 -16.310006349440176
8.71743486973948 -13.831577975412728 -16.831411542610653 -15.710165378138043 -15.847686255551281 -17.80457133247145 -17.44227268177287 -12.612004173328064 -10.985003125005424 -4.580391153830095 -9.192193350073108 -7.248932987082867 -14.728339564784811 -12.794762095854967 -17.56788459939455 -16.28125704497145 -11.219885673499707 -14.87206210179698 -13.550167143286274 -16.81089716103573 -15.681246822111774 -10.266973544856555 -17.55314088796757 -14.754215935944242 -16.307716015828984 -18.741544908462583 -18.41915781990732 -18.803682943449896 -16.338103335535674
8.77755511022044 -13.867055652179978 -16.860020222693795 -15.741543951731423 -15.877640483674345 -17.830283454700186 -17.469142521752694 -12.650027473014049 -11.028617844452295 -4.635546947124889 -9.232698766420988 -7.28902559147102 -14.76219570203589 -12.832152098247626 -17.595628624185313 -16.31152283750356 -11.262636410946484 -14.905440157166508 -13.586261666031394 -16.839582515774367 -15.71276044249558 -10.310237838263632 -17.57963298854996 -14.787208255562962 -16.337363351155822 -18.762981171657774 -18.442545420813747 -18.82379141979031 -16.366393346535926
8.837675350701403 -13.902877748708367 -16.888823313676635 -15.773177325687673 -15.907821794197154 -17.85612727689866 -17.496169012880554 -12.688449985165377 -11.072753204239039 -4.6914820611679025 -9.27367865248005 -7.329583353903043 -14.79635971545066 -12.869928892055093 -17.623548477855373 -16.34202056701068 -11.305888773831747 -14.939116644836615 -13.622714023027065 -16.868463948919423 -15.744531511625812 -10.354014472027568 -17.606273857335193 -14.82049253208535 -16.367229224382598 -18.784457650629967 -18.46601493369338 -18.843911925096567 -16.394875648029004
8.897795591182364 -13.93902720771056 -16.917809866635665 -15.805052080545732 -15.93821825631423 -17.882094462361522 -17.52334276718093 -12.727252336965115 -11.117384817938163 -4.748162252881463 -9.3151128580425 -7.3705865248231675 -14.830815917063653 -12.908073755013895 -17.651633999674427 -16.37273789253082 -11.34961913332478 -14.97307636351472 -13.6595066047677 -16.89753044283801 -15.776546471012889 -10.398279328991382 -17.63305446513714 -14.854054035136635 -16.39730185348366 -18.80596993467506 -18.489560152593505 -18.864041281562343 -16.423539889507648
8.957915831663327 -13.975511273369357 -16.94698510156103 -15.837174244853074 -15.968835708503164 -17.908189415227955 -17.550668507454272 -12.766442469245966 -11.162522231629914 -4.805600887117055 -9.357011539063311 -7.412045178794088 -14.865570998202308 -12.94659453125439 -17.679890174739594 -16.40368060619541 -11.393836769723535 -15.007325926939197 -13.696646833410586 -16.926787239565666 -15.808811369487437 -10.443041808174183 -17.65997944700267 -14.887899397077131 -16.427586857784675 -18.827521295719457 -18.51318486244093 -18.884182423674375 -16.452391522722856
9.018036072144287 -14.01231182637023 -16.976337345066828 -15.869529538421396 -15.99966142757161 -17.934403216579522 -17.57813620677446 -12.805999822632447 -11.208139598728355 -4.863761683041388 -9.39935323927438 -7.453938295499064 -14.900608289505286 -12.985471341114629 -17.70830616009497 -16.434835558947356 -11.438516636298328 -15.04184917446718 -13.734116007146167 -16.956222593225228 -15.841311781544025 -10.488276349825654 -17.6870391528937 -14.922012946197452 -16.4580716779831 -18.849106949903472 -18.536882388739144 -18.904331865070795 -16.481419485469697
9.07815631262525 -14.049424394983419 -17.005864000562525 -15.902114600764463 -16.030692667077968 -17.96073409772532 -17.605743758337695 -12.845919178201274 -11.254230133229974 -4.9226351058797695 -9.442133531218513 -7.496261616213612 -14.935923688772476 -13.024699225326518 -17.736879614592304 -16.46619978231587 -11.483652171638596 -15.076642195416275 -13.771909482137747 -16.985833885737005 -15.874044290917144 -10.53397622068708 -17.714231601913433 -14.956391006857572 -16.488753524225856 -18.870726420969262 -18.56065166177803 -18.924489544474913 -16.510621586929997
9.138276553106213 -14.086845429607955 -17.03556307652967 -15.934926804143714 -16.061927350015708 -17.987180761832278 -17.633489580393782 -12.886196356182069 -11.30078834634082 -4.982213451726632 -9.485349163086454 -7.5390120468680735 -14.97151394048431 -13.064274234871952 -17.76560876240324 -16.49777098952437 -11.529238071414671 -15.111701903919117 -13.81002356511459 -17.015619107618427 -15.907006220214512 -10.580135968086797 -17.74155532089372 -14.991030711825584 -16.51963026013668 -18.892379508432683 -18.5844919770644 -18.944655615538185 -16.539996229840508
9.198396793587174 -14.124562014970898 -17.065426340345535 -15.967956019955256 -16.09335653617247 -18.01373698698601 -17.661366640488225 -12.926816655694566 -11.347795687226299 -5.042470681181064 -9.528985175618061 -7.582174982616422 -15.00736716467631 -13.104182182791288 -17.794485978945602 -16.529539894083147 -11.575256362573782 -15.147016803635525 -13.848444916719806 -17.045569973417276 -15.94018733076025 -10.626737238689206 -17.769003556536926 -15.025920952960536 -16.550693030860852 -18.914063025923134 -18.608398759404423 -18.964827847425415 -16.569535705890015
9.258517034068136 -14.162573940652905 -17.09545400699378 -16.001202283394633 -16.12498058009674 -18.04040320597327 -17.689375277045087 -12.967779655297448 -11.395251347671618 -5.10340567311902 -9.573042520171935 -7.625751481493154 -15.04348317688769 -13.144422774024921 -17.823511552506776 -16.561506688664977 -11.62170627845435 -15.182586800903655 -13.887173284534633 -17.075686692770642 -15.973587630275734 -10.673779201988154 -17.796576693628445 -15.061061793625043 -16.58194207810933 -18.93577779928339 -18.632372651526854 -18.98500720171295 -16.599240576185288
9.318637274549097 -14.200868870532197 -17.12563821468942 -16.034655920563985 -16.156790950529434 -18.06717347965142 -17.717508775732718 -13.00907131127164 -11.443137605017473 -5.164993553729203 -9.61750696761639 -7.669727673894705 -15.07985062840935 -13.184982457131497 -17.852678202778282 -16.593662505205373 -11.668570647802767 -15.218400914359245 -13.926195927115632 -17.105961353376298 -16.007197339331487 -10.72124432272421 -17.82426828495682 -15.096442627463986 -16.613368947113276 -18.957520793644612 -18.656409289682596 -19.005191557901405 -16.629103489375243
9.37875751503006 -14.23944029196873 -17.15597497012146 -16.068311914109685 -16.18878337297687 -18.094044913956928 -17.745763796246283 -13.05068412668452 -11.491444874152137 -5.2272208784963 -9.66237158405713 -7.714096876870617 -15.11646353085488 -13.225854048817215 -17.881982272270662 -16.626002817086906 -11.715840190618955 -15.254453387998995 -13.965506101977283 -17.136389933207443 -16.041011373095788 -10.769123102400329 -17.85207515027336 -15.132057966908512 -16.644969348968335 -18.979290805296976 -18.680506695177677 -19.025380249932407 -16.659120879601268
9.438877755511022 -14.278286540520888 -17.186463498478854 -16.102169121957584 -16.220957119315216 -18.121017147668255 -17.774139804907385 -13.09261605475178 -11.540170345425302 -5.290083729906583 -9.707635538430122 -7.758858421820797 -15.153320356550648 -13.267035668649484 -17.91142311758681 -16.658526711960235 -11.763512196827534 -15.290742815171468 -14.005102061038883 -17.166971646899665 -16.075028553380672 -10.817412733141634 -17.879996827137035 -15.167906587395397 -16.6767424628741 -19.00108815385394 -18.70466487320261 -19.045573822038598 -16.68929233646642
9.498997995991983 -14.317394325324972 -17.2170952831058 -16.13621709438 -16.253302935317784 -18.148083712009786 -17.802629508107 -13.134851988403852 -11.589294992012178 -5.3535553967116405 -9.7532833920582 -7.8039972757923906 -15.190408876589327 -13.308512723551672 -17.94099284029687 -16.691224588394242 -11.811568228710556 -15.327257350912047 -14.044970081363335 -17.197697923924657 -16.109238320185657 -10.866094392669954 -17.908026304088978 -15.203977030386024 -16.708679128127635 -19.022909456007767 -18.728879029025762 -19.0657698605783 -16.719609853520225
9.559118236472946 -14.35676160173351 -17.24786928301432 -16.170454377009555 -16.285819801352677 -18.175244027408564 -17.83123213486485 -13.177389459295618 -11.638815491442944 -5.417631243661794 -9.799313847198459 -7.8495123300785465 -15.227727211412933 -13.350282919423172 -17.970690544808605 -16.724095237503864 -11.860005077548845 -15.36399524271644 -14.085108024487667 -17.22856771145537 -16.143639181269496 -10.915164766704724 -17.936162887033458 -15.240267730169297 -16.740778238070746 -19.044754882218054 -18.7531489871507 -19.08596878167829 -16.75007275481951
9.619238476953907 -14.396380451788264 -17.27878054363366 -16.204874811961325 -16.3185023867951 -18.20249442495763 -17.85994349591837 -13.22021940287635 -11.688720333020086 -5.482295124218466 -9.845718221592499 -7.895395219372986 -15.265268075596616 -13.392337540263796 -18.000511667354335 -16.757133057844175 -11.908811593367396 -15.400949464083256 -14.125507702890463 -17.259576021227065 -16.178224903672085 -10.964612455384266 -17.964402569730762 -15.276771949089891 -16.77303446970294 -19.066622725691 -18.77747214190217 -19.106169499582194 -16.780676521739935
9.67935871743487 -14.436242029466282 -17.309823487489204 -16.23947149546039 -16.35134467268397 -18.229830740701622 -17.8887588560778 -13.263331714902382 -11.738996719561996 -5.547529077941056 -9.892486653672954 -7.941636427486966 -15.303023329809122 -13.434666855475562 -18.030451059113883 -16.790331748398952 -11.957975378207461 -15.438112153673769 -14.166159973685648 -17.29071723866822 -16.21298850315739 -11.014424789051613 -17.99274081603329 -15.313482128460159 -16.80544182797025 -19.088510971252376 -18.801845494129754 -19.126370677624532 -16.811416018474432
9.739478957915832 -14.476345466496792 -17.340997837230177 -16.27424390282089 -16.38434648495325 -18.257252985217125 -17.917678103911943 -13.306725256389218 -11.789642995204925 -5.613330820559386 -9.939619354727292 -7.988236361660114 -15.34099217365154 -13.47726986062867 -18.060508536123933 -16.823690961372286 -12.0074948375268 -15.475482608184342 -14.20706391185405 -17.321991079163848 -16.247929425508545 -11.064600098782513 -18.021177568364735 -15.35039772932441 -16.838000030962323 -19.110420123107833 -18.826269319078115 -19.146572985749245 -16.842291314773483
9.799599198396793 -14.516679255043297 -17.372296233818894 -16.30918299389954 -16.417499838776788 -18.284755582432393 -17.94669494491801 -13.350386938132399 -11.840642664630145 -5.6796771840294396 -9.987103097771861 -8.03518221415468 -15.379164018213675 -13.520133914991867 -18.090677277630515 -16.8572023954943 -12.057353986207488 -15.513050573449297 -14.248207633866947 -17.353390136761302 -16.283038534095375 -11.115122064045302 -18.049706778083525 -15.38750884259077 -16.87070116268858 -19.13234729500125 -18.850739499805567 -19.16677438318478 -16.87329551640877
9.859719438877756 -14.557238074039294 -17.403715427632793 -16.344284675053782 -16.45080128047537 -18.31233619231094 -17.97580666923432 -13.394310624069831 -11.8919878741821 -5.746557157684651 -10.034932463791613 -8.08246887196374 -15.417533966100311 -13.563253144957365 -18.120954312095787 -16.890862365059373 -12.10754521865707 -15.550811346099296 -14.28958562926912 -17.384911138068002 -16.318311678406108 -11.165982897086852 -18.078325868420286 -15.424811002119352 -16.903541736481955 -19.15429155207757 -18.875254456787918 -19.186974382487808 -16.90442576383793
9.919839679358716 -14.598018686629857 -17.435253549385248 -16.379546516488457 -16.48424888071851 -18.339993559500893 -18.005011769675736 -13.438492521825076 -11.943673686149303 -5.813963837677732 -10.083104679680108 -8.130093837658382 -15.456099036076242 -13.606623957552223 -18.151337960220506 -16.924668736044143 -12.158063756247579 -15.588762091214805 -14.331194534929548 -17.416552197860238 -16.35374638517611 -11.21717768899229 -18.107033427090098 -15.462301574351471 -16.93651975447077 -19.176252609505738 -18.899813458789385 -19.207173011531854 -16.935680554090577
9.97995991983968 -14.639010928144103 -17.466904118513398 -16.41496054377276 -16.517835618085197 -18.367722789802094 -18.034304712489124 -13.482921059349337 -11.995685503309037 -5.881876712504826 -10.131608185287835 -8.178045975300726 -15.494849875345881 -13.650235181812803 -18.18182222053733 -16.95861419293526 -12.208895453364043 -15.626893755135852 -14.373023852344673 -17.448306793833126 -16.38933459348447 -11.268691994855473 -18.135824139557553 -15.499971821011602 -16.969628245071267 -19.19822797000998 -18.92441291162344 -19.227368526795342 -16.96705384055365
10.040080160320642 -14.680211502752858 -17.498665216577844 -16.45052427391736 -16.551559507429054 -18.39552258231187 -18.06368394372157 -13.52759238300963 -12.048018320643443 -5.950288778270159 -10.18044012613613 -8.226322729561456 -15.53378344802071 -13.69408316108061 -18.212405365305983 -16.992696546681156 -12.26003546524047 -15.665203446582987 -14.415070158626566 -17.48017299149252 -16.425073777317607 -11.320520839916792 -18.16469654650673 -15.537819049923787 -17.002865156570728 -19.22021730650959 -18.94905204038512 -19.24756091435643 -16.998544064368097
10.100200400801603 -14.721615123804774 -17.530533596593152 -16.48623362850108 -16.585417096426838 -18.42339058548678 -18.093146748036997 -13.57250040517621 -12.100664362309583 -6.0191891267554025 -10.229595123145181 -8.274919071628112 -15.572894886957489 -13.738162061380933 -18.2430844207535 -17.026912115613506 -12.311476259867248 -15.70368648600988 -14.457327980754044 -17.512147520416814 -16.460959803113102 -11.372656514147081 -18.193648062549244 -15.575838812543008 -17.036227004167035 -19.242219648370998 -18.973729240989687 -19.267749642440123 -17.03014835566547
