web/models/kne/40/mosfit_kn_0.117276_0.3590_0.5000.dat
# %ECSV 1.0
# ---
# datatype:
# - {name: time, datatype: float64}
# - {name: PS1_g, datatype: float64}
# - {name: PS1_i, datatype: float64}
# - {name: PS1_r, datatype: float64}
# - {name: PS1_w, datatype: float64}
# - {name: PS1_y, datatype: float64}
# - {name: PS1_z, datatype: float64}
# - {name: swift_uvot_B, datatype: float64}
# - {name: swift_uvot_U, datatype: float64}
# - {name: swift_uvot_uvm2, datatype: float64}
# - {name: swift_uvot_uvw1, datatype: float64}
# - {name: swift_uvot_uvw2, datatype: float64}
# - {name: swift_uvot_V, datatype: float64}
# - {name: johnson_B, datatype: float64}
# - {name: johnson_I, datatype: float64}
# - {name: johnson_R, datatype: float64}
# - {name: johnson_U, datatype: float64}
# - {name: johnson_V, datatype: float64}
# - {name: sdss_g, datatype: float64}
# - {name: sdss_i, datatype: float64}
# - {name: sdss_r, datatype: float64}
# - {name: sdss_u, datatype: float64}
# - {name: sdss_z, datatype: float64}
# - {name: ATLAS_c, datatype: float64}
# - {name: ATLAS_o, datatype: float64}
# - {name: ukirt_H, datatype: float64}
# - {name: ukirt_J, datatype: float64}
# - {name: ukirt_K, datatype: float64}
# - {name: Clear, datatype: float64}
# meta: !!omap
# - comment: [kappa = 0.5, type = rprocess, mass = 0.11727632184323686, velocity = 0.359, theta_obs = 0.0, tfloor = 1000.0]
# schema: astropy-2.0
time PS1_g PS1_i PS1_r PS1_w PS1_y PS1_z swift_uvot_B swift_uvot_U swift_uvot_uvm2 swift_uvot_uvw1 swift_uvot_uvw2 swift_uvot_V johnson_B johnson_I johnson_R johnson_U johnson_V sdss_g sdss_i sdss_r sdss_u sdss_z ATLAS_c ATLAS_o ukirt_H ukirt_J ukirt_K Clear
[from data line 172]
10.400801603206412 5.477808434082849 -3.404020379116428 0.07105039892140397 -1.8968734125825648 -6.927210427641697 -5.509534462794559 9.017715010647336 15.676659108542257 29.565254412571417 11.642241640616806 14.155258147096458 3.437325126953634 7.813777693681146 -4.957533685538379 -1.9875009188133788 14.645657929290497 2.482302791784881 6.2903485353972854 -3.3227644270034418 0.2995390584178459 16.177764638717083 -6.08296207481656 2.0501269686640633 -2.4022855559457312 -11.876197805557192 -9.726708510067501 -13.236486486030364 -4.182767456343921
10.460921843687375 5.491867542231308 -3.3899612709679694 0.08510950706988041 -1.8828143044341061 -6.913151319493238 -5.4954753546461 9.031774118795795 15.690718216690716 29.579313520719882 11.656300748765265 14.169317255244916 3.4513842351020925 7.827836801829605 -4.94347457738992 -1.97344181066492 14.659717037438956 2.4963618999333574 6.304407643545762 -3.308705318854983 0.31359816656630457 16.19182374686554 -6.068902966668102 2.064186076812522 -2.3882264477972726 -11.862138697408716 -9.712649401919025 -13.222427377881905 -4.168708348195462
10.521042084168336 5.505831185142895 -3.375997628056382 0.09907314998146788 -1.8688506615225187 -6.899187676581633 -5.4815117117345125 9.045737761707382 15.704681859602303 29.593277163631473 11.670264391676852 14.183280898156504 3.4653478780136977 7.841800444741192 -4.9295109344783326 -1.9594781677533326 14.67368068035056 2.510325542844945 6.318371286457349 -3.2947416759433956 0.32756180947789204 16.20578738977713 -6.054939323756514 2.0781497197241094 -2.374262804885685 -11.848175054497128 -9.698685759007438 -13.208463734970318 -4.154744705283875
10.581162324649299 5.519702175111583 -3.3621266380876946 0.11294413995015518 -1.8549796715538314 -6.885316686612963 -5.467640721765825 9.05960875167607 15.71855284957099 29.60714815360016 11.68413538164554 14.197151888125191 3.4792188679823672 7.85567143470988 -4.915639944509645 -1.9456071777846453 14.68755167031923 2.524196532813632 6.332242276426037 -3.2808706859747083 0.34143279944657934 16.219658379745816 -6.041068333787827 2.0920207096927967 -2.360391814916998 -11.83430406452844 -9.68481476903875 -13.19459274500163 -4.1408737153151876
10.64128256513026 5.533479226264468 -3.348349586934809 0.1267211911030408 -1.8412026204009457 -6.871539635460078 -5.4538636706129395 9.073385802828955 15.732329900723876 29.620925204753046 11.697912432798425 14.210928939278077 3.492995919135253 7.869448485862765 -4.90186289335676 -1.9318301266317597 14.701328721472134 2.537973583966518 6.346019327578922 -3.2670936348218227 0.35520985059946497 16.2334354308987 -6.027291282634941 2.1057977608456824 -2.346614763764112 -11.820527013375555 -9.671037717885865 -13.180815693848745 -4.127096664162302
10.701402805611222 5.54716570229191 -3.3346631109073677 0.14040766713048214 -1.8275161443735044 -6.857853159432619 -5.440177194585498 9.087072278856397 15.746016376751317 29.634611680780484 11.711598908825867 14.224615415305518 3.506682395162712 7.883134961890207 -4.888176417329318 -1.9181436506043184 14.715015197499575 2.551660059993959 6.359705803606364 -3.2534071587943814 0.3688963266269063 16.247121906926143 -6.0136048066075 2.1194842368731237 -2.332928287736671 -11.806840537348114 -9.657351241858423 -13.167129217821303 -4.113410188134843
10.761523046092185 5.5607626557143774 -3.3210661574849176 0.15400462055293218 -1.8139191909510544 -6.844256206010169 -5.426580241163048 9.100669232278847 15.759613330173767 29.648208634202945 11.725195862248334 14.238212368727968 3.520279348585162 7.896731915312657 -4.874579463906868 -1.9045466971818683 14.728612150922025 2.565257013416409 6.373302757028814 -3.2398102053719136 0.3824932800493741 16.260718860348593 -6.000007853185032 2.1330811902955737 -2.319331334314203 -11.793243583925664 -9.643754288435973 -13.153532264398835 -4.099813234712393
10.821643286573146 5.574271834314892 -3.307556978884385 0.167513799153447 -1.8004100123505395 -6.830747027409654 -5.413071062562516 9.11417841087938 15.773122508774282 29.66171781280346 11.73870504084885 14.2517215473285 3.533788527185677 7.910241093913189 -4.861070285306336 -1.8910375185813357 14.74212132952254 2.578766192016924 6.3868119356293285 -3.2263010267713987 0.3960024586498889 16.274228038949108 -5.986498674584517 2.1465903688960886 -2.305822155713688 -11.779734405325149 -9.630245109835458 -13.14002308579832 -4.086304056111878
10.881763527054108 5.587694670111674 -3.2941341430876037 0.18093663495022838 -1.7869871765537582 -6.817324191612872 -5.399648226765734 9.12760124667616 15.786545344571064 29.67514064860024 11.75212787664563 14.265144383125282 3.547211362982458 7.923663929709971 -4.847647449509554 -1.8776146827845543 14.755544165319321 2.5921890278137054 6.40023477142611 -3.2128781909746174 0.4094252944466703 16.28765087474589 -5.973075838787736 2.16001320469287 -2.292399319916907 -11.766311569528368 -9.616822274038677 -13.12660025000154 -4.072881220315097
10.941883767535069 5.601032384577067 -3.28079642862221 0.19427434941562183 -1.773649462088347 -6.803986477147479 -5.386310512300341 9.140938961141554 15.799883059036475 29.688478363065645 11.765465591111024 14.278482097590675 3.5605490774478517 7.937001644175364 -4.834309735044161 -1.864276968319161 14.768881879784715 2.605526742279099 6.413572485891521 -3.199540476509224 0.42276300891206375 16.3009885892113 -5.959738124322342 2.173350919158281 -2.2790616054515134 -11.752973855062974 -9.603484559573284 -13.113262535536146 -4.059543505849703
11.002004008016032 5.614286225475933 -3.2675425877233444 0.20752819031450542 -1.7603956211894811 -6.790732636248595 -5.373056671401475 9.15419280204042 15.81313689993534 29.701732203964507 11.77871943200989 14.291735938489541 3.5738029183467352 7.95025548507423 -4.821055894145295 -1.851023127420295 14.782135720683598 2.6187805831779825 6.426826326790387 -3.186286635610358 0.4360168498109296 16.314242430110166 -5.946484283423477 2.186604760057147 -2.2658077645526475 -11.73972001416409 -9.5902307186744 -13.10000869463728 -4.046289664950837
11.062124248496994 5.627457739963386 -3.254371073235909 0.220699704801941 -1.7472241067020455 -6.77756112176116 -5.359885156914039 9.167364316527856 15.826308414422776 29.714903718451954 11.791890946497325 14.304907452976977 3.586974432834171 7.9634269995616656 -4.807884379657859 -1.8378516129328595 14.795307235171034 2.631952097665418 6.4399978412778225 -3.1731151211229047 0.4491883642983652 16.327413944597602 -5.933312768936023 2.1997762745445826 -2.252636250065194 -11.726548499676655 -9.577059204186964 -13.086837180149827 -4.033118150463384
11.122244488977955 5.640548097002984 -3.241280716196293 0.23379006184153894 -1.7341337496624476 -6.764470764721562 -5.346794799874424 9.180454673567471 15.839398771462374 29.72799407549155 11.804981303536941 14.317997810016593 3.6000647898737688 7.976517356601281 -4.794794022618244 -1.8247612558932438 14.808397592210632 2.645042454705016 6.45308819831742 -3.160024764083307 0.46227872133798087 16.3405043016372 -5.920222411896425 2.2128666315841805 -2.2395458930255963 -11.713458142637057 -9.563968847147367 -13.073746823110229 -4.020027793423786
11.182364729458918 5.653558244664225 -3.228270568535052 0.24680020950279768 -1.7211236020011889 -6.751460617060303 -5.333784652213183 9.193464821228712 15.852408919123633 29.741004223152803 11.817991451198182 14.331007957677834 3.6130749375350097 7.989527504262522 -4.781783874957003 -1.8117511082320028 14.82140773987189 2.6580526023662747 6.466098345978679 -3.147014616422066 0.47528886899922185 16.35351444929846 -5.907212264235184 2.2258767792454393 -2.2265357453643553 -11.700447994975798 -9.550958699486108 -13.060736675448988 -4.007017645762545
11.242484969939879 5.666489675424771 -3.2153391377745244 0.2597316402633254 -1.7081921712406611 -6.738529186299775 -5.320853221452655 9.20639625198924 15.86534034988416 29.753935653913327 11.83092288195871 14.343939388438361 3.6260063682955552 8.00245893502305 -4.768852444196475 -1.798819677471475 14.834339170632418 2.6709840331268024 6.479029776739207 -3.1340831856615203 0.48822029975974957 16.366445880058986 -5.894280833474639 2.238808210005967 -2.21360431460381 -11.68751656421527 -9.53802726872558 -13.047805244688442 -3.9940862150019996
11.302605210420841 5.679343557448124 -3.202485255751153 0.27258552228669686 -1.6953382892172897 -6.725675304276422 -5.3079993394292835 9.219250134012611 15.878194231907532 29.7667895359367 11.843776763982081 14.356793270461733 3.638860250318909 8.015312817046421 -4.755998562173104 -1.7859657954481036 14.84719305265579 2.683837915150174 6.491883658762578 -3.1212293036381666 0.501074181783121 16.379299762082358 -5.881426951451285 2.2516620920293384 -2.200750432580456 -11.674662682191899 -9.525173386702209 -13.034951362665089 -3.981232332978646
11.362725450901802 5.692120790026944 -3.189708023172333 0.2853627548655169 -1.6825610566384697 -6.712898071697584 -5.2952221068504635 9.232027366591431 15.890971464486352 29.77956676851552 11.856553996560901 14.369570503040553 3.6516374828977467 8.028090049625241 -4.7432213295942836 -1.7731885628692836 14.85997028523461 2.696615147728994 6.504660891341398 -3.108452071059329 0.513851414361941 16.392076994661178 -5.868649718872447 2.2644393246081584 -2.187973200001636 -11.661885449613079 -9.512396154123389 -13.02217413008625 -3.968455100399808
11.422845691382765 5.704822532920808 -3.1770062802784693 0.2980644977593627 -1.6698593137446238 -6.700196328803738 -5.2825203639566 9.244729109485295 15.903673207380198 29.792268511409375 11.869255739454765 14.382272245934416 3.6643392257915925 8.040791792519105 -4.73051958670042 -1.76048681997542 14.872672028128456 2.7093168906228398 6.517362634235244 -3.095750328165483 0.5265531572558046 16.404778737555024 -5.8559479759786015 2.2771410675020043 -2.1752714571077725 -11.649183706719233 -9.499694411229543 -13.009472387192405 -3.9557533575059622
11.482965931863728 5.717450040991583 -3.1643787722076944 0.3106920058301377 -1.657231805673831 -6.687568820732963 -5.269892855885825 9.25735661755607 15.91630071545099 29.80489601948015 11.88188324752554 14.394899754005191 3.6769667338623675 8.05341930058988 -4.717892078629645 -1.747859311904645 14.88529953619923 2.7219443986936147 6.529990142306019 -3.083122820094708 0.5391806653265796 16.417406245625816 -5.8433204679078266 2.289768575572797 -2.1626439490369975 -11.636556198648458 -9.487066903158768 -12.99684487912163 -3.9431258494351873
11.543086172344688 5.73000429140377 -3.1518245217955076 0.3232462562423244 -1.6446775552616621 -6.675014570320776 -5.257338605473638 9.269910867968257 15.92885496586316 29.817450269892337 11.894437497937727 14.407454004417378 3.689520984274554 8.065973551002049 -4.705337828217458 -1.735305061492476 14.897853786611417 2.7344986491058014 6.542544392718206 -3.0705685696825213 0.5517349157387663 16.429960496037985 -5.83076621749564 2.302322825984966 -2.150089698624811 -11.624001948236272 -9.474512652746581 -12.984290628709443 -3.9305715990230006
11.603206412825651 5.742486046268205 -3.1393427669310903 0.33572801110675954 -1.632195800397227 -6.662532815456341 -5.244856850609221 9.282392622832674 15.941336720727595 29.829932024756772 11.906919252802162 14.419935759281813 3.7020027391389894 8.078455305866484 -4.692856073353041 -1.722823306628041 14.910335541475852 2.7469804039702366 6.555026147582641 -3.058086814818086 0.5642166706032015 16.44244225090242 -5.818284462631205 2.314804580849401 -2.1376079437603757 -11.611520193371836 -9.462030897882146 -12.971808873845008 -3.9180898441585654
11.663326653306612 5.754896577115094 -3.1269322360841834 0.34813854195366645 -1.61978526955032 -6.650122284609434 -5.232446319762314 9.294803153679581 15.953747251574502 29.84234255560367 11.91932978364905 14.432346290128702 3.7144132699858785 8.090865836713391 -4.680445542506134 -1.710412775781134 14.92274607232276 2.7593909348171435 6.567436678429548 -3.045676283971197 0.5766272014500906 16.454852781749327 -5.8058739317843155 2.327215111696308 -2.1251974129134865 -11.59910966252493 -9.449620367035239 -12.959398342998119 -3.9056793133116763
11.723446893787575 5.767236871928674 -3.1145919412706213 0.36047883676722847 -1.607444974736758 -6.637781989795872 -5.220106024948752 9.307143448493143 15.966087546388064 29.85468285041724 11.93167007846263 14.444686584942264 3.7267535647994583 8.103206131526953 -4.668105247692572 -1.698072480967572 14.935086367136321 2.7717312296307055 6.57977697324311 -3.0333359891576173 0.5889674962636704 16.46719307656289 -5.793533636970736 2.33955540650987 -2.1128571180999067 -11.586769367711367 -9.437280072221677 -12.94705804818454 -3.8933390184980965
11.783567134268537 5.7795077624991364 -3.102321050700141 0.3727497273376912 -1.5951740841662954 -6.62551109922541 -5.207835134378271 9.319414339063623 15.978358436958526 29.866953740987704 11.943940969033093 14.456957475512745 3.739024455369921 8.115477022097433 -4.6558343571220915 -1.6858015903971093 14.947357257706784 2.784002120201168 6.592047863813573 -3.0210650985871546 0.6012383868341331 16.479463967133352 -5.781262746400273 2.3518262970803328 -2.100586227529444 -11.574498477140905 -9.425009181651214 -12.934787157614076 -3.881068127927634
11.843687374749498 5.791710093932387 -3.09011871926689 0.38495205877095984 -1.5829717527330267 -6.613308767792141 -5.1956328029450205 9.331616670496874 15.990560768391795 29.879156072420965 11.956143300466344 14.469159806945996 3.7512267868031897 8.127679353530684 -4.643632025688841 -1.6735992589638407 14.959559589140053 2.796204451634437 6.604250195246841 -3.0088627671539037 0.613440718267384 16.49166629856662 -5.769060414967022 2.3640286285136014 -2.088383896096193 -11.562296145707636 -9.412806850217946 -12.922584826180826 -3.868865796494383
11.90380761523046 5.803844991063887 -3.0779838221354083 0.3970869559024415 -1.570836855601545 -6.601173870660659 -5.183497905813539 9.343751567628356 16.002695665523277 29.891290969552447 11.968278197597826 14.481294704077477 3.7633616839346713 8.139814250662166 -4.631497128557359 -1.661464361832359 14.971694486271534 2.8083393487659185 6.616385092378323 -2.9967278700224043 0.6255756153988656 16.503801195698102 -5.756925517835523 2.376163525645083 -2.0762489989646937 -11.550161248576154 -9.400671953086464 -12.910449929049326 -3.8567308993628835
11.963927855711422 5.815913318518202 -3.065915494681075 0.40915528335677465 -1.558768528147212 -6.589105543206344 -5.171429578359206 9.35581989508269 16.01476399297761 29.903359297006777 11.980346525052159 14.49336303153181 3.7754300113889867 8.1518825781165 -4.619428801103026 -1.6493960343780258 14.983762813725868 2.8204076762202517 6.628453419832656 -2.984659542568089 0.6376439428531988 16.515869523152436 -5.744857190381207 2.388231853099416 -2.0641806715103783 -11.538092921121821 -9.38860362563213 -12.89838160159501 -3.844662571908568
12.024048096192384 5.8279157480444965 -3.053913065154781 0.42115771288305126 -1.5467660986209175 -6.5771031136800495 -5.159427148832911 9.367822324608984 16.026766422503904 29.915361726533064 11.992348954578453 14.505365461058105 3.787432440915281 8.163885007642794 -4.607426371576731 -1.6373936048517315 14.995765243252144 2.8324101057465283 6.640455849358933 -2.9726571130417945 0.6496463723794932 16.52787195267873 -5.732854760854913 2.400234282625693 -2.052178241984084 -11.526090491595545 -9.376601196105854 -12.886379172068716 -3.8326601423822737
