web/models/kne/40/mosfit_kn_0.022361_0.1397_10.0000.dat
# %ECSV 1.0
# ---
# datatype:
# - {name: time, datatype: float64}
# - {name: PS1_g, datatype: float64}
# - {name: PS1_i, datatype: float64}
# - {name: PS1_r, datatype: float64}
# - {name: PS1_w, datatype: float64}
# - {name: PS1_y, datatype: float64}
# - {name: PS1_z, datatype: float64}
# - {name: swift_uvot_B, datatype: float64}
# - {name: swift_uvot_U, datatype: float64}
# - {name: swift_uvot_uvm2, datatype: float64}
# - {name: swift_uvot_uvw1, datatype: float64}
# - {name: swift_uvot_uvw2, datatype: float64}
# - {name: swift_uvot_V, datatype: float64}
# - {name: johnson_B, datatype: float64}
# - {name: johnson_I, datatype: float64}
# - {name: johnson_R, datatype: float64}
# - {name: johnson_U, datatype: float64}
# - {name: johnson_V, datatype: float64}
# - {name: sdss_g, datatype: float64}
# - {name: sdss_i, datatype: float64}
# - {name: sdss_r, datatype: float64}
# - {name: sdss_u, datatype: float64}
# - {name: sdss_z, datatype: float64}
# - {name: ATLAS_c, datatype: float64}
# - {name: ATLAS_o, datatype: float64}
# - {name: ukirt_H, datatype: float64}
# - {name: ukirt_J, datatype: float64}
# - {name: ukirt_K, datatype: float64}
# - {name: Clear, datatype: float64}
# meta: !!omap
# - comment: [kappa = 10.0, type = rprocess, mass = 0.022360679775100388, velocity = 0.13966666666666672, theta_obs = 0.0, tfloor = 1000.0]
# schema: astropy-2.0
time PS1_g PS1_i PS1_r PS1_w PS1_y PS1_z swift_uvot_B swift_uvot_U swift_uvot_uvm2 swift_uvot_uvw1 swift_uvot_uvw2 swift_uvot_V johnson_B johnson_I johnson_R johnson_U johnson_V sdss_g sdss_i sdss_r sdss_u sdss_z ATLAS_c ATLAS_o ukirt_H ukirt_J ukirt_K Clear
[from data line 114]
6.913827655310621 -3.8060041643707265 -9.04627586978064 -7.020721521182853 -7.753907524764916 -10.983041886813822 -10.230075564206604 -1.7241657635193086 1.7647122540582851 11.548966677097457 1.834244934987535 3.7701943689384234 -5.182753415852724 -2.1880810295383886 -10.078293551776174 -8.033126041392642 1.2480970632292165 -5.537813856677897 -3.3214099220559135 -9.000843927469333 -6.933135118711142 2.392307602347312 -10.483507806284837 -5.615682367348445 -8.254908902995517 -13.389308332901225 -12.3951012662841 -13.918428302661868 -8.854014857440013
6.973947895791583 -3.715244577411454 -8.990979378175297 -6.951151472667405 -7.695291121465111 -10.943181512781521 -10.18387317163537 -1.619389407264854 1.899576898800728 11.730859562859003 1.9345998950246472 3.8730133354395915 -5.098958126513414 -2.0889400302494505 -10.027863830041898 -7.971833504126605 1.3783942724573772 -5.458302993612933 -3.22741875968374 -8.945161445056442 -6.862422329366034 2.525977570974103 -10.439881027183038 -5.539922888597033 -8.19642275113269 -13.373587073348341 -12.368347579385828 -13.910516668059676 -8.805951453112275
7.034068136272545 -3.6238676103070233 -8.935200623291966 -6.881047302838947 -7.636215696194029 -10.902900492746248 -10.137222261615086 -1.513934802173661 2.0352529701463418 11.913548106785964 2.0354817180701983 3.9764487745766677 -5.0145566949895874 -1.9891779237064926 -9.976975515288277 -7.910079027585966 1.5094791692377707 -5.378232940583556 -3.132797946205468 -8.888995702267337 -6.791165136159432 2.6604576893561216 -10.3958258435385 -5.463625704751678 -8.137471243912664 -13.357556709556649 -12.341234657139937 -13.902335116788434 -8.757493226950537
7.0941883767535066 -3.5320206134866794 -8.87904020822246 -6.810528489623717 -7.5767860431396805 -10.862278997692325 -10.090211380306258 -1.407967874481414 2.1715349584449406 12.096764456025323 2.136731023544183 4.08033831790879 -4.929687362824827 -1.8889533856280354 -9.92572280403347 -7.84797146959112 1.641152103255752 -5.297736574429856 -3.0376991158403754 -8.832447823986271 -6.719484516328311 2.795543885029357 -10.351427503956874 -5.386918276285897 -8.078159226153758 -13.341265455399734 -12.313825351059895 -13.893921495508541 -8.708731094992928
7.154308617234468 -3.4395365353880614 -8.82238602191265 -6.739460880282575 -7.516884890760771 -10.821228758944716 -10.042742431588163 -1.3012999221804045 2.3086583439110697 12.280815737250737 2.2385297335597625 4.184868328736627 -4.844193869084166 -1.788086788687821 -9.87400115775839 -7.7853899835003775 1.7736412862688478 -5.216664700802267 -2.941950235141153 -8.775405116573882 -6.647244512434458 2.9314696637255366 -10.306592049677832 -5.309656777887355 -8.018369816407809 -13.324662393472194 -12.28605170908869 -13.885236956469383 -8.659564280405867
7.214428857715431 -3.346560943652115 -8.76533744418822 -6.667962498953113 -7.4566156889931 -10.77982896178204 -9.994902883001071 -1.1940948828510145 2.446420041146933 12.46543775188012 2.340720609413101 4.289878436905706 -4.758212814706806 -1.6867348362699845 -9.821903616412577 -7.72244202379999 1.9067494311351108 -5.135148566747405 -2.8457011051605896 -8.7179674749442 -6.574564642472396 3.0680333503862123 -10.261403673079581 -5.231967078969664 -7.958206524776568 -13.307795094891313 -12.25797578156257 -13.876318807323516 -8.610082475532383
7.274549098196393 -3.252941967817904 -8.70779255512561 -6.595911400065422 -7.395871928262672 -10.737999363325237 -9.946603545900334 -1.086181187994849 2.58503421503395 12.650909231391548 2.4434686415145817 4.395537937474533 -4.671602098706747 -1.5847343444321498 -9.769335162746302 -7.659017907035726 2.040684055276454 -5.05305263040739 -2.748795329364082 -8.660032452743938 -6.5013213006583825 3.205447309851195 -10.215776993450785 -5.15371848790231 -7.897563190286281 -13.290617327081991 -12.229535830989915 -13.867131811822409 -8.560194251659325
7.3346693386773545 -3.1588382552921246 -8.64985958001327 -6.523436148853445 -7.334766191216531 -10.69582614249283 -9.897939650066654 -0.9777375518538911 2.7242793498464124 12.836942648176489 2.546602722319023 4.501672019999848 -4.58451061984005 -1.4822560053400162 -9.716397084994465 -7.595234511383258 2.175230005892217 -4.970519831144313 -2.6513961748550408 -8.601708835203397 -6.427644702031152 3.343491568446826 -10.169803627163478 -5.075048092581387 -7.836552454321204 -13.273180712777906 -12.200799301051289 -13.857716366838167 -8.509997099842401
7.394789579158316 -3.064091691578632 -8.59143230183367 -6.450409727178599 -7.273187594970185 -10.65322561321004 -9.848818204519194 -0.8685853722827475 2.8643783499486197 13.023827573802627 2.65029420859559 4.608456699742952 -4.4967903731743535 -1.3791300178970227 -9.662990351470306 -7.530977661346328 2.310603265973643 -4.887409058295657 -2.5533408249104816 -8.5428898596542 -6.35340608862208 3.4823871708214504 -10.1233945671399 -4.995819845639122 -7.7750637671261025 -13.255436958149465 -12.171701764430425 -13.848035629697984 -8.459395870920261
7.454909819639278 -2.9688229498606056 -8.532593225301959 -6.376930047559366 -7.21122186052277 -10.610263567369422 -9.799311860077875 -0.7588605456506514 3.0051629132803015 13.21134602774174 2.7544132356464783 4.715759244123895 -4.408554690056364 -1.275486205054101 -9.609192212035833 -7.466336446615494 2.4466403161193884 -4.803829171081728 -2.454753456515917 -8.48365845775966 -6.2787046281826875 3.6219669431284096 -10.07661974398287 -4.916138045903367 -7.713182946670756 -13.237425642560845 -12.142294808105907 -13.838120652654238 -8.408464844620962
7.51503006012024 -2.872893114306674 -8.473249056714973 -6.302885547400976 -7.1487716913139465 -10.566866514282243 -9.74933893556166 -0.6484061354451776 3.1468289936278104 13.39975198669087 2.8591099707946914 4.823734197044512 -4.319673502592825 -1.171175513344526 -9.554915708475928 -7.401210777395744 2.5835309778459847 -4.719656314783422 -2.3554910248842553 -8.423920860157352 -6.203427208442065 3.762425193137844 -10.029401031601761 -4.8358832360281845 -7.650812990849882 -13.219104435830376 -12.112521904994134 -13.827939192647419 -8.357120644904885
7.575150300601202 -2.7764599520038047 -8.413507415501389 -6.228404060954471 -7.085948868938452 -10.523120133494164 -9.698994130018317 -0.5373999027219079 3.28915616251086 13.588760553440583 2.964214816350506 4.932207824523292 -4.2302949614286804 -1.0663675402668675 -9.500261535302005 -7.335716656898186 2.721061182306055 -4.6350325632839935 -2.255715892513912 -8.363785241267792 -6.127703335952397 3.9035430091458245 -9.981829486773481 -4.755191630118087 -7.588065758240177 -13.200524555481612 -12.082450045477254 -13.817531255177647 -8.305459926591183
7.635270541082164 -2.6793869369443613 -8.353276571284542 -6.153375926677125 -7.02265779658898 -10.478952140344084 -9.648197109979257 -0.4256876173149415 3.4323369964089245 13.77862100226666 3.0698750959205694 5.041331884300973 -4.140291203958982 -0.9609158691857937 -9.4451441931101 -7.269755778286638 2.8594174644728265 -4.5498362291853995 -2.1552874811279388 -8.303159405490916 -6.051421816913152 4.0455113506039275 -9.933828292988558 -4.673945846496466 -7.524845930447306 -13.181644345655739 -12.052023621821116 -13.806865103184672 -8.253400810221105
7.695390781563126 -2.581794384173506 -8.292638771047702 -6.077898746003694 -6.958983786319308 -10.434428102048265 -9.597020298501153 -0.31340480735189685 3.5762035617683985 13.969116883646283 3.175961796311882 5.150974109949612 -4.049775289541764 -0.8549498124085313 -9.389640666169782 -7.203416765671389 2.9984366881888813 -4.464175784033537 -2.054329601158056 -8.242126024044065 -5.974681531621293 4.1881633956693065 -9.885467119288514 -4.5922497763518955 -7.461238928507115 -13.162503151890926 -12.021293986828281 -13.795971538052159 -8.201017097773864
7.755511022044088 -2.4835485798544887 -8.231504127023506 -6.001865097819543 -6.8948332582638905 -10.389477158063904 -9.545384950924447 -0.20040042348751114 3.7209444764235755 14.160491852862368 3.2826188520228077 5.261282978945939 -3.9586219446644693 -0.7483260702820653 -9.333667177445736 -7.1366034345944955 3.138301532358969 -4.3779321004600975 -1.9527045765805973 -8.180594756452031 -5.8973735443074915 4.331686179763068 -9.836670698366436 -4.5099884909147825 -7.397151431718196 -13.143060126274369 -11.990206625317173 -13.784819436998015 -8.148228699212652
7.8156312625250495 -2.384732035057162 -8.169929251400116 -5.925342059168184 -6.830264860088064 -10.344144544325395 -9.49334097141584 -0.08676735908243244 3.8664448223177494 14.3525981106894 3.389757943375376 5.372167990002957 -3.8669087706754484 -0.6411333652923583 -9.277276762500819 -7.0693768559042285 3.2789002849453364 -4.291179766154582 -1.8504973063282648 -8.118622508759668 -5.819565801285318 4.475965492744578 -9.787487100292278 -4.427233292031882 -7.332642218370271 -13.123342624952004 -11.958797091240124 -13.773430319021783 -8.09508644959367
7.875751503006012 -2.2852856864717275 -8.107874795322516 -5.848282434312235 -6.7652375784216545 -10.298399426815816 -9.44085397768351 0.027561207290486334 4.012788406288159 14.545543913536726 3.4974426329135437 5.483695016373829 -3.774580510457544 -0.5333085546238296 -9.220432840524204 -7.001695170197178 3.420313962496351 -4.203866554889346 -1.7476469621574786 -8.056169738855026 -5.7412104090966665 4.621084351130538 -9.73788360198622 -4.343933557319666 -7.267670480324764 -13.103333289080526 -11.927041910368688 -13.761791179523735 -8.041555493812034
7.935871743486974 -2.1852373366413502 -8.045360272116469 -5.770709130349676 -6.699771518602748 -10.252257620092564 -9.387941282013692 0.14255409045015882 4.159937068038122 14.739280525831294 3.6056433342699106 5.5958339660836 -3.6816634305071476 -0.42488166471408234 -9.16315379533809 -6.933579638384811 3.5625052974451843 -4.116018042354878 -1.6441821318984573 -7.993256065954757 -5.662330542691105 4.767004721437171 -9.687877027583909 -4.260113455810952 -7.202256480862292 -13.083042149759814 -11.894953789273417 -13.749910142083246 -7.987653508324559
7.995991983967936 -2.0845837906722053 -7.982384172421462 -5.692620027827999 -6.633864960785836 -10.205718265699861 -9.334601726203235 0.2582150704036657 4.307896145968044 14.933815250063574 3.7143636860110267 5.708588960165365 -3.588154704209619 -0.3158494800799477 -9.105438376571186 -6.865028984273523 3.7054792070008946 -4.027632041918225 -1.540099498292733 -7.929879980381127 -5.582924007050227 4.913731740581788 -9.637466498153291 -4.175770459846646 -7.136398671901478 -13.06246942497008 -11.862532490199643 -13.737787746972623 -7.933379404853973
8.056112224448897 -1.983271200009682 -7.918910618466217 -5.613972109114531 -6.56748057440975 -10.158753241580918 -9.280803946658605 0.3746050711583216 4.4567420958494175 15.12924654573268 3.82366137581208 5.822019960544825 -3.4940039306332276 -0.20615453405199374 -9.047253243174122 -6.7960051905015755 3.8493095629234975 -3.9386610361304237 -1.435343609177071 -7.866005431933694 -5.502947135664105 5.061341129699368 -9.586622205932898 -4.090858452522461 -7.070059911071258 -13.041599304929521 -11.829756621758667 -13.725412164533724 -7.878701531150192
8.11623246492986 -1.8813785672594285 -7.854993815994558 -5.534829591313475 -6.500674406589031 -10.111405849930168 -9.226595726336946 0.49163512445468244 4.606364799000691 15.325433671119107 3.9334521971267127 5.936040360447748 -3.3992854650413244 -0.09588168933581215 -8.988649161068356 -6.726566603271576 3.9938893288449573 -3.849176416983899 -1.3299957559642017 -7.801686907497025 -5.422464998590026 5.209723431906905 -9.535390154764087 -4.005445633293121 -7.003296379637192 -13.020457912017259 -11.796660180640027 -13.712803896670065 -7.823668385190032
8.176352705410821 -1.7788097466145913 -7.790569165742518 -5.4551152949755455 -6.433379397576964 -10.063625170134554 -9.171920447799291 0.6094138661204773 4.7569000871078515 15.522551059972894 4.043838862193088 6.050756695876821 -3.3039091661725566 0.015071788282870535 -8.929565971091133 -6.656644549543043 4.13934993951689 -3.759092832140973 -1.2239569556067842 -7.73685949285845 -5.341399285062511 5.359013298664266 -9.48371635993869 -3.919449493755973 -6.93604121480929 -12.999016018354313 -11.763204079212917 -13.699940750945474 -7.768222814808592
8.236472945891784 -1.6756618899498221 -7.725703174890874 -5.374908078419303 -6.365664299091964 -10.01546425153327 -9.116836702041855 0.7278318393941674 4.908212306117452 15.7204256128025 4.154717946783624 6.166062357725647 -3.207966454416529 0.12660163923583995 -8.870065915792715 -6.586310464815395 4.2855596090931485 -3.6684978927531704 -1.1173271812890029 -7.671590037764826 -5.259829921403938 5.509075925386551 -9.43165716275189 -3.832953817724576 -6.868363295870843 -12.977305435223501 -11.729429852645834 -13.686847592589205 -7.712424179498658
8.296593186372744 -1.5717909445380052 -7.660298695896177 -5.294092066668679 -6.297428428448093 -9.966846328196652 -9.06125924165016 0.8470517237185937 5.060504567955757 15.91931741709114 4.266242921188805 6.282116564875771 -3.111322146353868 0.2388617964164969 -8.810058451862457 -6.515461041700015 4.432714981879744 -3.5772634342529637 -1.009958148548158 -7.605780920017189 -5.177639343269114 5.6601127405069285 -9.37913119201502 -3.7458349121204293 -6.800162141919692 -12.955281735907088 -11.695278361938717 -13.67349050299948 -7.656186539059
8.356713426853707 -1.4673672698954832 -7.594471904232574 -5.2128052120455415 -6.228791893822532 -9.91786384259072 -9.00529031429171 0.9668814534686632 5.213538341236408 16.118922342144778 4.378232630459529 6.398732064361688 -3.0141364694119703 0.35166970542995174 -8.749652180251825 -6.444220648111448 4.580584548762452 -3.4855425203484787 -0.9020251792078149 -7.5395489047472175 -5.09496742148837 5.811886827294277 -9.326236564768973 -3.6582394882660374 -6.731557967386976 -12.932999826429901 -11.660821667583308 -13.659912126527692 -7.599613234637577
8.41683366733467 -1.36225572289014 -7.528131660939863 -5.130938815851653 -6.159660282145136 -9.868444771390763 -8.94884993498021 1.0874736476075852 5.367504210204803 16.319484246801906 4.490830885288517 6.516058169963635 -2.916282587696551 0.4651697064142863 -8.688762167211099 -6.372492472693161 4.7293527958983255 -3.3932149881766245 -0.7933891644073654 -7.4728024105898605 -5.011703863911148 5.964587178627152 -9.272896964706199 -3.5700515277211764 -6.662456550551585 -12.910418040618746 -11.626004297321087 -13.646080661712306 -7.542623729311462
8.47695390781563 -1.2565069550757713 -7.461312897140324 -5.048534174449788 -6.090069617156786 -9.818617096394266 -8.891968932613779 1.208771293697638 5.5223317585286935 16.520913859453646 4.603983925923405 6.634039502823917 -2.8178082534616005 0.5793073507466635 -8.627421164618234 -6.300314182243636 4.878951192366852 -3.300326832709943 -0.6841022212689296 -7.405576554067572 -4.92789051370762 6.118143734665722 -9.219142141784822 -3.481314778033653 -6.5928940529932945 -12.887553410363546 -11.590848312869786 -13.632009541286719 -7.485249272048087
8.537074148296593 -1.1501126013703455 -7.394010483685669 -4.965584930825031 -6.020014482431542 -9.768377011315543 -8.834642916682167 1.3307839618961814 5.67803345897655 16.723227716272163 4.717700726469811 6.752685676474034 -2.718705758610647 0.6940913240821052 -8.565624526385804 -6.2276807254676685 5.029391558423615 -3.206871276295808 -0.574155727384067 -7.337866192704308 -4.843520880960117 6.272568704608528 -9.16496813849589 -3.3920222346288575 -6.522865210078592 -12.864404292595617 -11.555351121765723 -13.617697797038966 -7.427485597329042
