web/models/kne/40/mosfit_kn_0.006452_0.1553_3.6500.dat
# %ECSV 1.0
# ---
# datatype:
# - {name: time, datatype: float64}
# - {name: PS1_g, datatype: float64}
# - {name: PS1_i, datatype: float64}
# - {name: PS1_r, datatype: float64}
# - {name: PS1_w, datatype: float64}
# - {name: PS1_y, datatype: float64}
# - {name: PS1_z, datatype: float64}
# - {name: swift_uvot_B, datatype: float64}
# - {name: swift_uvot_U, datatype: float64}
# - {name: swift_uvot_uvm2, datatype: float64}
# - {name: swift_uvot_uvw1, datatype: float64}
# - {name: swift_uvot_uvw2, datatype: float64}
# - {name: swift_uvot_V, datatype: float64}
# - {name: johnson_B, datatype: float64}
# - {name: johnson_I, datatype: float64}
# - {name: johnson_R, datatype: float64}
# - {name: johnson_U, datatype: float64}
# - {name: johnson_V, datatype: float64}
# - {name: sdss_g, datatype: float64}
# - {name: sdss_i, datatype: float64}
# - {name: sdss_r, datatype: float64}
# - {name: sdss_u, datatype: float64}
# - {name: sdss_z, datatype: float64}
# - {name: ATLAS_c, datatype: float64}
# - {name: ATLAS_o, datatype: float64}
# - {name: ukirt_H, datatype: float64}
# - {name: ukirt_J, datatype: float64}
# - {name: ukirt_K, datatype: float64}
# - {name: Clear, datatype: float64}
# meta: !!omap
# - comment: [kappa = 3.65, type = rprocess, mass = 0.006451950121499907, velocity = 0.15533333333333332, theta_obs = 0.0, tfloor = 1000.0]
# schema: astropy-2.0
time PS1_g PS1_i PS1_r PS1_w PS1_y PS1_z swift_uvot_B swift_uvot_U swift_uvot_uvm2 swift_uvot_uvw1 swift_uvot_uvw2 swift_uvot_V johnson_B johnson_I johnson_R johnson_U johnson_V sdss_g sdss_i sdss_r sdss_u sdss_z ATLAS_c ATLAS_o ukirt_H ukirt_J ukirt_K Clear
[from data line 115]
6.973947895791583 7.744311187947606 -1.1375176252516717 2.337553152786178 0.3696293412821916 -4.66070767377694 -3.243031708929802 11.284217764512093 17.943161862407013 31.83175716643618 13.908744394481563 16.421760900961214 5.70382788081839 10.080280447545903 -2.6910309316736223 0.27900183505137766 16.912160683155253 4.748805545649655 8.55685128926206 -1.0562616731386854 2.5660418122826023 18.44426739258184 -3.816459320951804 4.31662972252882 -0.13578280208097482 -9.609695051692418 -7.460205756202745 -10.969983732165607 -1.9162647024791646
7.034068136272545 7.766271730676895 -1.1155570825224004 2.3595136955154494 0.3915898840114629 -4.638747131047651 -3.221071166200531 11.306178307241364 17.965122405136285 31.853717709165455 13.930704937210834 16.443721443690485 5.725788423547679 10.102240990275174 -2.669070388944351 0.30096237778064894 16.934121225884542 4.7707660883789265 8.578811831991331 -1.0343011304093963 2.5880023550118736 18.46622793531111 -3.794498778222515 4.338590265258091 -0.11382225935168577 -9.587734508963146 -7.438245213473456 -10.948023189436318 -1.8943041597498755
7.0941883767535066 7.787855929477967 -1.093972883721328 2.3810978943165217 0.4131740828125352 -4.617162932246579 -3.1994869673994586 11.327762506042436 17.986706603937357 31.875301907966527 13.952289136011906 16.465305642491558 5.747372622348752 10.123825189076246 -2.6474861901432787 0.32254657658172126 16.955705424685615 4.792350287179999 8.600396030792403 -1.012716931608324 2.609586553812946 18.487812134112183 -3.7729145794214425 4.360174464059163 -0.09223806055061345 -9.566150310162074 -7.416661014672384 -10.926438990635246 -1.8727199609488032
7.154308617234468 7.809079533469987 -1.0727492797293081 2.4023214983085417 0.43439768680455515 -4.595939328254559 -3.1782633634074386 11.348986110034456 18.007930207929377 31.896525511958554 13.973512740003944 16.486529246483595 5.7685962263407715 10.145048793068266 -2.6262625861512587 0.3437701805737412 16.976929028677635 4.813573891172019 8.621619634784423 -0.991493327616304 2.6308101578049836 18.509035738104203 -3.7516909754294225 4.381398068051183 -0.07101445655859351 -9.544926706170054 -7.395437410680364 -10.905215386643226 -1.8514963569567833
7.214428857715431 7.8299539577581 -1.051874855441195 2.423195922596655 0.4552721110926683 -4.575064903966446 -3.1573889391193255 11.36986053432257 18.02880463221749 31.917399936246657 13.99438716429204 16.50740367077169 5.789470650628885 10.16592321735638 -2.6053881618631456 0.36464460486185435 16.997803452965748 4.834448315460132 8.642494059072536 -0.9706189033281909 2.651684582093079 18.529910162392316 -3.7308165511413094 4.402272492339296 -0.05014003227048036 -9.524052281881941 -7.374562986392251 -10.884340962355113 -1.8306219326686701
7.274549098196393 7.850495980888521 -1.0313328323107562 2.443737945727076 0.47581413422308927 -4.554522880836025 -3.1368469159888868 11.390402557453008 18.04934665534791 31.93794195937709 14.014929187422478 16.52794569390213 5.810012673759306 10.1864652404868 -2.584846138732707 0.3851866279922753 17.01834547609617 4.854990338590553 8.663036082202957 -0.9500768801977699 2.6722266052235177 18.550452185522737 -3.7102745280108884 4.422814515469717 -0.02959800914005939 -9.50351025875152 -7.35402096326183 -10.863798939224692 -1.8100799095382492
7.3346693386773545 7.870715245044959 -1.0111135681543182 2.4639572098835316 0.4960333983795451 -4.534303616679587 -3.1166276518324487 11.410621821609446 18.069565919504367 31.958161223533534 14.035148451578916 16.548164958058567 5.830231937915744 10.206684504643256 -2.564626874576269 0.40540589214873113 17.038564740252625 4.875209602747009 8.683255346359413 -0.9298576160413319 2.692445869379956 18.570671449679192 -3.6900552638544504 4.443033779626173 -0.009378744983621345 -9.483290994595064 -7.333801699105374 -10.843579675068254 -1.789860645381811
7.394789579158316 7.890626914083025 -0.9912018991162519 2.48386887892158 0.5159450674175936 -4.514391947641521 -3.0967159827943824 11.430533490647512 18.089477588542415 31.978072892571593 14.055060120616982 16.568076627096634 5.85014360695381 10.226596173681305 -2.5447152055382025 0.42531756118677966 17.058476409290673 4.895121271785057 8.703167015397462 -0.9099459470032656 2.712357538418022 18.59058311871724 -3.670143594816384 4.462945448664222 0.010532924054444948 -9.463379325557016 -7.313890030067325 -10.823668006030188 -1.7699489763437448
7.454909819639278 7.91024131528852 -0.9715874979107575 2.5034832801270746 0.5355594686231058 -4.494777546436026 -3.077101581588888 11.450147891853007 18.109091989747927 31.997687293777087 14.074674521822477 16.587691028302128 5.869758008159304 10.246210574886817 -2.525100804332708 0.4449319623922918 17.078090810496168 4.914735672990552 8.722781416602956 -0.8903315457977712 2.7319719396235165 18.610197519922753 -3.6505291936108897 4.482559849869716 0.03014732525993935 -9.443764924351521 -7.294275628861831 -10.804053604824693 -1.7503345751382504
7.51503006012024 7.929571918641365 -0.9522568945579124 2.5228138834799196 0.5548900719759331 -4.475446943083181 -3.057770978236043 11.469478495205852 18.128422593100755 32.01701789712994 14.094005125175322 16.607021631654973 5.8890886115121495 10.265541178239662 -2.505770200979863 0.4642625657451369 17.097421413849013 4.934066276343397 8.742112019955801 -0.8710009424449261 2.7513025429763616 18.62952812327558 -3.6311985902580446 4.501890453222561 0.04947792861278444 -9.424434320998676 -7.274945025508986 -10.784723001471848 -1.7310039717854053
7.575150300601202 7.948627873708727 -0.9332009394905505 2.5418698385472993 0.5739460270433128 -4.456390988015819 -3.038715023168681 11.488534450273214 18.147478548168134 32.036073852197305 14.113061080242684 16.626077586722335 5.908144566579511 10.284597133307024 -2.486714245912501 0.4833185208124988 17.116477368916375 4.953122231410776 8.76116797502318 -0.8519449873775642 2.7703584980437235 18.64858407834296 -3.6121426351906827 4.520946408289941 0.06853388368014635 -9.405378365931297 -7.255889070441624 -10.765667046404486 -1.7119480167180434
7.635270541082164 7.967419870046353 -0.9144089431529423 2.5606618348849075 0.592738023380921 -4.437598991678193 -3.019923026831073 11.507326446610822 18.166270544505743 32.05486584853492 14.131853076580292 16.644869583059943 5.926936562917137 10.303389129644632 -2.467922249574893 0.502110517150107 17.135269365254 4.9719142277483845 8.779959971360789 -0.8331529910399382 2.7891504943813317 18.66737607468057 -3.5933506388530567 4.539738404627549 0.08732588001775454 -9.386586369593688 -7.237097074103998 -10.74687505006686 -1.6931560203804175
7.695390781563126 7.985959834668179 -0.895868978531098 2.579201799506734 0.6112779880027652 -4.419059027056367 -3.0013830622092286 11.525866411232666 18.184810509127587 32.07340581315675 14.150393041202136 16.663409547681788 5.945476527538964 10.321929094266476 -2.4493822849530487 0.5206504817719513 17.153809329875827 4.990454192370211 8.798499935982633 -0.8146130264181117 2.807690459003176 18.685916039302413 -3.5748106742312302 4.558278369249393 0.1058658446395988 -9.368046404971862 -7.218557109482171 -10.728335085445034 -1.674616055758591
7.755511022044088 8.004255694333029 -0.8775731188662483 2.5974976591715837 0.6295738476675972 -4.400763167391517 -2.983087202544379 11.544162270897516 18.20310636879242 32.0917016728216 14.168688900866986 16.681705407346637 5.9637723872038135 10.340224953931326 -2.431086425288199 0.538946341436801 17.172105189540677 5.008750052035061 8.816795795647465 -0.796317166753262 2.8259863186680256 18.704211898967245 -3.5565148145663805 4.576574228914225 0.1241617043044485 -9.349750545307012 -7.200261249817322 -10.710039225780184 -1.6563201960937413
7.8156312625250495 8.022317510104529 -0.8595113030947665 2.6155594749430833 0.6476356634390967 -4.3827013516200175 -2.965025386772897 11.562224086668998 18.22116818456392 32.10976348859309 14.186750716638468 16.69976722311812 5.981834202975313 10.358286769702808 -2.413024609516717 0.5570081572082828 17.190167005312176 5.02681186780656 8.834857611418965 -0.7782553509817625 2.8440481344395074 18.722273714738744 -3.538452998794881 4.594636044685725 0.14222352007594807 -9.331688729535513 -7.182199434045822 -10.691977410008684 -1.6382583803222417
7.875751503006012 8.040153765845268 -0.8416750473540091 2.633395730683823 0.6654719191798364 -4.364865095879278 -2.9471891310321396 11.580060342409755 18.239004440304658 32.12759974433384 14.204586972379225 16.717603478858877 5.999670458716053 10.376123025443565 -2.3951883537759597 0.5748444129490402 17.208003261052916 5.0446481235473 8.852693867159704 -0.7604190952410228 2.861884390180265 18.740109970479484 -3.5206167430541413 4.6124723004264645 0.16005977581668773 -9.313852473794773 -7.1643631783050825 -10.674141154267945 -1.620422124581502
7.935871743486974 8.057772735973376 -0.8240560772259009 2.651014700811931 0.6830908893079446 -4.34724612575117 -2.9295701609040314 11.597679312537863 18.256623410432766 32.14521871446195 14.222205942507333 16.735222448986985 6.017289428844161 10.393741995571656 -2.3775693836478515 0.5924633830771306 17.225622231181024 5.062267093675408 8.870312837287813 -0.7428001251129146 2.879503360308373 18.757728940607592 -3.502997772926033 4.630091270554573 0.17767874594479593 -9.296233503666665 -7.146744208176974 -10.656522184139837 -1.6028031544533938
7.995991983967936 8.075183088502698 -0.8066457246965797 2.66842505334127 0.7005012418372836 -4.329835773221848 -2.9121598083747102 11.615089665067185 18.274033762962105 32.16262906699128 14.239616295036654 16.752632801516306 6.034699781373482 10.411152348100995 -2.3601590311185303 0.6098737356064696 17.243032583710345 5.079677446204747 8.887723189817152 -0.7253897725835934 2.8969137128376943 18.77513929313693 -3.485587420396712 4.647501623083912 0.19508909847411715 -9.278823151137326 -7.129333855647635 -10.639111831610515 -1.5853928019240726
8.056112224448897 8.092391198344426 -0.789437614854851 2.685633163182981 0.7177093516789945 -4.31262766338012 -2.8949516985329815 11.632297774908913 18.291241872803816 32.179837176833 14.256824404878383 16.769840911358035 6.051907891215211 10.428360457942723 -2.3429509212768016 0.6270818454481806 17.260240693552074 5.096885556046458 8.904931299658863 -0.7081816627418647 2.914121822679423 18.792347402978642 -3.468379310554983 4.664709732925623 0.21229720831584586 -9.261615041295615 -7.112125745805924 -10.621903721768787 -1.568184692082344
8.11623246492986 8.109404765216066 -0.7724240479832112 2.702646730054621 0.7347229185506521 -4.29561409650848 -2.8779381316613417 11.649311341780553 18.308255439675474 32.196850743704644 14.273837971750023 16.786854478229674 6.068921458086851 10.445374024814363 -2.325937354405162 0.6440954123198381 17.277254260423714 5.113899122918098 8.92194486653052 -0.6911680958702249 2.931135389551063 18.8093609698503 -3.4513657436833434 4.68172329979728 0.22931077518748566 -9.244601474423975 -7.095112178934285 -10.604890154897147 -1.551171125210704
8.176352705410821 8.126230400456933 -0.7555984127423443 2.7194723652955055 0.751548553791519 -4.278788461267595 -2.861112496420475 11.66613697702142 18.32508107491634 32.213676378945515 14.29066360699089 16.80368011347054 6.085747093327718 10.46219966005523 -2.309111719164295 0.660921047560705 17.2940798956646 5.1307247581589825 8.938770501771387 -0.674342460629358 2.9479610247919297 18.826186605091166 -3.4345401084424765 4.698548935038147 0.24613641042835255 -9.22777583918309 -7.0782865436934 -10.58806451965628 -1.5343454899698372
8.236472945891784 8.142874175230741 -0.7389546379685363 2.7361161400693135 0.7681923285653269 -4.262144686493805 -2.844468721646667 11.682780751795228 18.34172484969015 32.23032015371932 14.307307381764698 16.82032388824435 6.1023908681015255 10.478843434829038 -2.292467944390487 0.677564822334513 17.31072367043839 5.1473685329327905 8.955414276545195 -0.65769868585555 2.9646047995657376 18.842830379864974 -3.4178963336686685 4.715192709811955 0.2627801852021605 -9.211132064409282 -7.061642768919592 -10.571420744882472 -1.5177017151960293
8.296593186372744 8.15934295696108 -0.7224858562382153 2.7525849217996345 0.784661110295648 -4.245675904763466 -2.827999939916346 11.699249533525549 18.35819363142047 32.24678893544965 14.323776163495037 16.83679266997467 6.118859649831864 10.495312216559359 -2.275999162660166 0.694033604064834 17.327192452168727 5.163837314663112 8.971883058275516 -0.6412299041252112 2.9810735812960765 18.859299161595295 -3.4014275519383297 4.731661491542276 0.27924896693249934 -9.194663282678961 -7.045173987189271 -10.554951963152133 -1.5012329334656904
8.356713426853707 8.175641433882763 -0.7061873793165319 2.768883398721318 0.8009595872173314 -4.229377427841783 -2.8117014629946624 11.715548010447232 18.374492108342153 32.263087412371334 14.34007464041672 16.853091146896354 6.135158126753548 10.511610693481042 -2.2597006857384825 0.7103320809865175 17.34349092909041 5.180135791584795 8.9881815351972 -0.6249314272035278 2.99737205821776 18.87559763851698 -3.3851290750166463 4.7479599684639595 0.29554744385418275 -9.178364805757278 -7.0288755102675875 -10.53865348623045 -1.484934456544007
8.41683366733467 8.191775364121412 -0.6900534490778831 2.7850173289599667 0.8170935174559801 -4.213243497603134 -2.7955675327560137 11.731681940685881 18.390626038580802 32.27922134260998 14.356208570655369 16.86922507713502 6.1512920569921965 10.527744623719691 -2.2435667554998338 0.7264660112251662 17.35962485932906 5.196269721823444 9.004315465435848 -0.6087974969648791 3.0135059884564086 18.891731568755628 -3.3689951447779976 4.764093898702608 0.3116813740928315 -9.16223087551863 -7.012741580028939 -10.522519555991801 -1.4688005263053583
8.47695390781563 8.207750188049783 -0.6740786251494946 2.8009921528883375 0.8330683413843687 -4.197268673674763 -2.779592708827625 11.74765676461427 18.40660086250919 32.295196166538354 14.37218339458374 16.88519990106339 6.167266880920567 10.54371944764808 -2.227591931571445 0.7424408351535547 17.37559968325743 5.2122445457518145 9.020290289364237 -0.5928226730365083 3.0294808123847794 18.907706392684016 -3.3530203208496268 4.780068722630997 0.32765619802120227 -9.146256051590258 -6.996766756100568 -10.50654473206343 -1.4528257023769875
8.537074148296593 8.223569972984262 -0.6582588402150158 2.8168119378228162 0.8488881263188297 -4.1814488887402845 -2.7637729238931463 11.763476549548749 18.42242064744365 32.31101595147283 14.388003179518218 16.90101968599787 6.183086665855046 10.55953923258254 -2.2117721466369664 0.7582606200880158 17.39141946819191 5.228064330686293 9.036110074298698 -0.5770028881020295 3.045300597319258 18.923526177618477 -3.337200535915148 4.795888507565458 0.34347598295568105 -9.13043626665578 -6.980946971166089 -10.490724947128951 -1.4370059174425087
8.597194388777554 8.239240163813282 -0.6425886493859956 2.8324821286518542 0.8645583171478677 -4.165778697911264 -2.748102733064126 11.779146740377769 18.43809083827269 32.32668614230186 14.403673370347239 16.91668987682689 6.198756856684066 10.575209423411579 -2.196101955807946 0.7739308109170537 17.40708965902093 5.243734521515331 9.051780265127736 -0.5613326972730093 3.0609707881482784 18.939196368447515 -3.3215303450861278 4.811558698394496 0.35914617378470126 -9.114766075826742 -6.965276780337051 -10.475054756299931 -1.4213357266134885
