web/models/kne/40/mosfit_kn_0.022361_0.0300_3.6500.dat
# %ECSV 1.0
# ---
# datatype:
# - {name: time, datatype: float64}
# - {name: PS1_g, datatype: float64}
# - {name: PS1_i, datatype: float64}
# - {name: PS1_r, datatype: float64}
# - {name: PS1_w, datatype: float64}
# - {name: PS1_y, datatype: float64}
# - {name: PS1_z, datatype: float64}
# - {name: swift_uvot_B, datatype: float64}
# - {name: swift_uvot_U, datatype: float64}
# - {name: swift_uvot_uvm2, datatype: float64}
# - {name: swift_uvot_uvw1, datatype: float64}
# - {name: swift_uvot_uvw2, datatype: float64}
# - {name: swift_uvot_V, datatype: float64}
# - {name: johnson_B, datatype: float64}
# - {name: johnson_I, datatype: float64}
# - {name: johnson_R, datatype: float64}
# - {name: johnson_U, datatype: float64}
# - {name: johnson_V, datatype: float64}
# - {name: sdss_g, datatype: float64}
# - {name: sdss_i, datatype: float64}
# - {name: sdss_r, datatype: float64}
# - {name: sdss_u, datatype: float64}
# - {name: sdss_z, datatype: float64}
# - {name: ATLAS_c, datatype: float64}
# - {name: ATLAS_o, datatype: float64}
# - {name: ukirt_H, datatype: float64}
# - {name: ukirt_J, datatype: float64}
# - {name: ukirt_K, datatype: float64}
# - {name: Clear, datatype: float64}
# meta: !!omap
# - comment: [kappa = 3.65, type = rprocess, mass = 0.022360679775100388, velocity = 0.030000000000000023, theta_obs = 0.0, tfloor = 1000.0]
# schema: astropy-2.0
time PS1_g PS1_i PS1_r PS1_w PS1_y PS1_z swift_uvot_B swift_uvot_U swift_uvot_uvm2 swift_uvot_uvw1 swift_uvot_uvw2 swift_uvot_V johnson_B johnson_I johnson_R johnson_U johnson_V sdss_g sdss_i sdss_r sdss_u sdss_z ATLAS_c ATLAS_o ukirt_H ukirt_J ukirt_K Clear
[from data line 29]
1.8036072144288577 -11.794065148612827 -12.28267610426796 -12.156750325709655 -12.076371024516419 -12.25339034679708 -12.283987320537317 -11.44537003957889 -11.843645238714569 -10.079459855438419 -10.83207858033468 -9.547291715533714 -12.010441896325112 -11.478045380342422 -12.72676733104505 -12.404309266737272 -11.740378766418253 -12.036887737884905 -11.734534039306439 -12.28901768357968 -12.157617628503452 -10.942069564284367 -12.280126767693602 -11.943477013991863 -12.226362071194679 -11.78423162339527 -12.100345425011552 -11.419599623863624 -12.089203691691726
1.8637274549098195 -11.805758397942192 -12.31403998118143 -12.180563138181135 -12.098840991523812 -12.291987693138715 -12.319812219871622 -11.450720304405461 -11.832873502506978 -10.028161682974396 -10.800181789179533 -9.497034930815754 -12.028276691679693 -11.48402731889258 -12.760199236092006 -12.43008844112093 -11.732560929603537 -12.055246001012614 -11.744505688772833 -12.320186251852565 -12.18134658228184 -10.933291460921595 -12.316672889406703 -11.960090235013148 -12.253479386797483 -11.83245168348339 -12.144203832004548 -11.470715164506656 -12.114117828545954
1.9238476953907815 -11.816327297532467 -12.343938022088796 -12.20303550847298 -12.120050646831562 -12.329005150995087 -12.354100087577304 -11.455049547285451 -11.821375474678604 -9.97694496978998 -10.768124877508267 -9.447198125515634 -12.044865824139396 -11.4889841605838 -12.792133263590266 -12.454500443564928 -11.72395784485743 -12.072354818867533 -11.7533829980818 -12.349892064305514 -12.203734378584983 -10.923741249938086 -12.35167197283431 -11.975511343105723 -12.279211346599528 -11.87894509662973 -12.186402613858432 -11.520058977905537 -12.137753462674414
1.9839679358717435 -11.82584732919464 -12.372463578174155 -12.224254248338777 -12.140082556445417 -12.364542076110112 -12.386948009761962 -11.458427811613731 -11.809205443417792 -9.925820041464565 -10.735932773274826 -9.39777667841025 -12.060291137053937 -11.492986207001902 -12.822664451576841 -12.477633532959597 -11.714626970455281 -12.08829626018028 -11.761239868756128 -12.378228311019956 -12.224867856836585 -10.91347568584089 -12.385221645081224 -11.989819421586425 -12.303647162451838 -11.923819124016005 -12.22704539975181 -11.56774079253143 -12.160194082331657
2.0440881763527052 -11.83437363101607 -12.399692627904884 -12.2442876259392 -12.15900083693871 -12.398681596481769 -12.418436403041575 -11.460903805726385 -11.796394037112119 -9.874768193793034 -10.70360464599327 -9.348738686123554 -12.074614981205738 -11.49608255178823 -12.851870795919613 -12.499557755223531 -11.704602502018393 -12.103133005098917 -11.768129599933133 -12.405270778319633 -12.244815289959412 -10.902528098392441 -12.417402983676151 -12.003074039149197 -12.3268580608406 -11.967166327836763 -12.266220432071913 -11.613856088709651 -12.181505223090046
2.1042084168336674 -11.841994831806435 -12.425720155353872 -12.263228464346803 -12.176895253102984 -12.43152053354974 -12.448661413364821 -11.46256438925586 -11.783021964637719 -9.823851021142968 -10.671205705241587 -9.300132178910822 -12.087928648794037 -11.498359983414662 -12.879847780598574 -12.52036627216021 -11.693966518309999 -12.116956296887816 -11.774140250154481 -12.43111440145153 -12.263669564559052 -10.890980402467232 -12.448312267068733 -12.01536465888518 -12.348937407251235 -12.009085887764337 -12.304025781151998 -11.658504829482917 -12.201776314244732
2.164328657314629 -11.848731742815737 -12.450592898647486 -12.281113784425575 -12.193798856918523 -12.463114740772063 -12.477675423907844 -11.463422244138972 -11.769079851518747 -9.77300063918426 -10.63869158391368 -9.25187921313189 -12.100261615199159 -11.499831789634904 -12.906644728797751 -12.540098451637835 -11.68271388984514 -12.129796120529315 -11.779290348947189 -12.455805673119311 -12.281467666134933 -10.878826323882347 -12.478002745818735 -12.026717949111756 -12.369926141803091 -12.049645720032805 -12.340523860682547 -11.701758624571868 -12.221042686290051
2.224448897795591 -11.854649440429537 -12.474384482002954 -12.298014162669961 -12.209779453539866 -12.493540564198629 -12.505553761881814 -11.46353992215434 -11.754622463958189 -9.722249271116826 -10.606100778554755 -9.2040008944149 -12.111682192065675 -11.500560568080175 -12.93233602214957 -12.558825477606234 -11.670901010187801 -12.141720833745369 -11.78364421264222 -12.479418144657508 -12.298280210288848 -10.866121960350181 -12.506549976299617 -12.037200495205305 -12.389895838839173 -12.088925714828667 -12.375792921368197 -11.74369849116047 -12.239372268814268
2.284569138276553 -11.859803255157075 -12.497159630054462 -12.313990935349661 -12.224895700562382 -12.52286578782348 -12.532363061762268 -11.462969940165372 -11.739693900032115 -9.671617125591382 -10.573460750966017 -9.156507119355414 -12.122249170507288 -11.50059892406173 -12.95698724080281 -12.576609394767086 -11.658573706024413 -12.152789308480079 -11.78725633849572 -12.502016458629495 -12.314168563745245 -10.852912793064622 -12.534020858529527 -12.046869390909603 -12.408909003875426 -12.126997650074143 -12.409902900609547 -11.784397464447787 -12.256824013694523
2.344689378757515 -11.86419303617459 -12.518943994698581 -12.329060014846487 -12.239160231218236 -12.551125259620353 -12.558134662598963 -11.461703981236273 -11.724264122573302 -9.621017492967997 -10.54070905478758 -9.109304907606436 -12.13197084897023 -11.499939217789773 -12.980626651915596 -12.593468530433231 -11.645706059582832 -12.163010408375124 -11.790124307700456 -12.5236260191293 -12.329148579869535 -10.839171725887873 -12.560447621032047 -12.055730512179963 -12.426985587117585 -12.163908570175453 -12.442895289763952 -11.82390630445967 -12.273413109281552
2.4048096192384767 -11.867891548489329 -12.539809853814479 -12.3432940685211 -12.252643848323004 -12.57839070476063 -12.58294052398 -11.459815169698235 -11.70840600828388 -9.570520175598038 -10.507913047585422 -9.062453784545411 -12.140920331789228 -11.498654356808661 -13.00332635774166 -12.60947528532067 -11.63237116416732 -12.17245706557115 -11.792320918104515 -12.544319119368215 -12.34329299446653 -10.824971982136091 -12.585902130630604 -12.063855951965596 -12.444197789448008 -12.199729380509348 -12.474841339340903 -11.862295718738023 -12.289209485267829
2.464929859719439 -11.870936369597409 -12.559804304985569 -12.356736710396365 -12.265387928417972 -12.604712408768695 -12.606829727968734 -11.457338179462965 -11.692145874433368 -9.520128433893372 -10.47508387795121 -9.015949107833844 -12.14913857993147 -11.496779155728362 -13.025134352827312 -12.62467404589983 -11.618597011445175 -12.18117036315874 -11.79388290518613 -12.564142771224276 -12.35664543586342 -10.81034117625924 -12.610433756566621 -12.071285212771503 -12.460590505535851 -12.234514543420596 -12.505793595567772 -11.899621468848645 -12.304255021134392
2.5250501002004007 -11.873342276810472 -12.578957720151624 -12.369412465545633 -12.277414655936152 -12.63012622694184 -12.629836042246616 -11.45428288884067 -11.675480352984717 -9.469803943352137 -10.442197592692057 -8.969746864931935 -12.15664557011846 -11.494323865591166 -13.046082565490142 -12.639090756562467 -11.604382775883277 -12.189170590196683 -11.794823673449244 -12.58312719893123 -12.369230405857277 -10.795277789926132 -12.634076789773996 -12.07803661170729 -12.476190628673791 -12.268307167603377 -12.535791859774823 -11.935928882532137 -12.318573292123993
2.5851703406813624 -11.875160398686653 -12.597323203187578 -12.38137384520897 -12.288774859384404 -12.654685680083517 -12.652012846867642 -11.450699954028753 -11.658457966276412 -9.419587936057571 -10.409295779023822 -8.923879970254628 -12.16349344829717 -11.491339041816445 -13.06622420479939 -12.652777947528968 -11.589777508676146 -12.196509815147463 -11.795194170697254 -12.601325495382856 -12.381100461603545 -10.779830864529085 -12.656884620923776 -12.08416132165775 -12.491050686931295 -12.30116125181153 -12.564889893458682 -11.971272140734255 -12.332214709773872
2.6452905811623246 -11.876376581705337 -12.614909200421387 -12.392620708778672 -12.299466084392936 -12.678407374066918 -12.67337362722012 -11.44656800411693 -11.641038498706706 -9.369391798614512 -10.376311911078613 -8.878257573308662 -12.169675316698829 -11.487803971370937 -13.085570043706564 -12.66573766231761 -11.574744517484909 -12.20318168547198 -11.794978258865765 -12.618745886909792 -12.392255390353952 -10.763962642012554 -12.678871537244163 -12.089650636073106 -12.505174193826463 -12.333104253493106 -12.593110220961046 -12.00568199323328 -12.34517929669078
2.7054108216432864 -11.877055852532834 -12.631775554460258 -12.40321505696011 -12.309549099642041 -12.701348924185805 -12.693976873014492 -11.4419539096141 -11.623292571000832 -9.319293672536343 -10.343317208964642 -8.832948631259775 -12.175254993686845 -11.483785185691552 -13.104179273672589 -12.678031195862715 -11.559353875485272 -12.209249745601658 -11.79424141119755 -12.635448276449708 -12.402757271594602 -10.747743539123427 -12.700095773362143 -12.094567817880701 -12.518621951191715 -12.364190730500491 -12.620508766749497 -12.039212113834717 -12.357526499327669
2.7655310621242486 -11.877188534940348 -12.647931437139874 -12.413158901764678 -12.319023982235766 -12.723526304520743 -12.713835956913453 -11.43684197383837 -11.605188765293555 -9.26922178124935 -10.310258403467518 -8.787879549825547 -12.180228855434258 -11.479267538239654 -13.122063006376383 -12.689662382879423 -11.5435771039878 -12.21471082721102 -11.792972296044528 -12.651441652437523 -12.412608057024102 -10.731144187861261 -12.720571370728173 -12.098907734261353 -12.531399019049694 -12.394445704635702 -12.647106439302485 -12.071890270040731 -12.369258458296173
2.8256513026052104 -11.876812556178447 -12.663416622454307 -12.422491435001 -12.327928621344721 -12.744979728929273 -12.732990939042867 -11.431269652535445 -11.58676263955888 -9.219205508982643 -10.277165550955925 -8.743073405495426 -12.184635709945983 -11.474288420432973 -13.139261131338202 -12.700670464785919 -11.527450211999827 -12.219603689268242 -11.791208672985789 -12.666765777163693 -12.421846971806652 -10.714200572468151 -12.740338409909313 -12.102708433152785 -12.5435446601605 -12.42390991238654 -12.672943723065389 -12.103757384150951 -12.380412788941353
2.885771543086172 -11.87595937362751 -12.678265670517668 -12.43124614294091 -12.336295205404753 -12.765744676711819 -12.751476960184753 -11.42526751668018 -11.568041868495289 -9.169263969055667 -10.244059785210862 -8.69854356706027 -12.188508263962127 -11.46887838921105 -13.155808462136022 -12.711089113723741 -11.511001499897137 -12.22396103071915 -11.788981722239935 -12.681455186075876 -12.430507526994692 -10.696940902048286 -12.759432101787151 -12.106001833345221 -12.555092661346379 -12.452619997398331 -12.698056720029916 -12.134850476444397 -12.39102160070983
2.9458917835671343 -11.874630615492983 -12.692492534443733 -12.439432317648311 -12.344131576425923 -12.785839509339354 -12.769310698292387 -11.418833275619875 -11.549013820447556 -9.119357796311792 -10.210913747692345 -8.654248526211518 -12.191852150844682 -11.463035496134783 -13.171720207731827 -12.720928794008987 -11.494220284597365 -12.22778876849892 -11.786291988353401 -12.695523713451706 -12.438598981407498 -10.679353921556256 -12.777869554376746 -12.108792482243373 -12.566054271501983 -12.480600175127366 -12.722466981795113 -12.1651955438098 -12.40109400593516
3.006012024048096 -11.872859043918815 -12.706131032688948 -12.44708348349059 -12.35147014966591 -12.80529822012996 -12.786526093296615 -11.411999461008541 -11.529709835285633 -9.069514142137457 -10.177754587562884 -8.6102097440846 -12.194700730243621 -11.456792196976519 -13.187030227724492 -12.73022301548303 -11.477138214285329 -12.231120203293083 -11.78317213600657 -12.709005173135743 -12.446154891526646 -10.661471285641557 -12.795684704049695 -12.111113103652933 -12.576462980006546 -12.507884609676319 -12.746208582503085 -12.194826825620344 -12.410662107812858
3.066132264529058 -11.87064986067453 -12.719196015159806 -12.454210852521967 -12.358320905546716 -12.824139088784605 -12.803140116402183 -11.404768216248186 -11.510123930907099 -9.01970592807102 -10.144564580625843 -8.56639795717863 -12.197062363877944 -11.450150894005859 -13.201754348453402 -12.73898389768598 -11.459750845722134 -12.23396391142966 -11.779626518078015 -12.72191432258408 -12.45318644661154 -10.643288108298723 -12.812894854841375 -12.11297115748911 -12.58633151180586 -12.53449612958052 -12.769302279498598 -12.223768537196909 -12.419736839957825
3.12625250501002 -11.86801934037689 -12.731709014766164 -12.460834017911715 -12.364702367821927 -12.84238543453272 -12.819175410822528 -11.397154191242056 -11.490266205791215 -8.969931002394084 -10.111346287843421 -8.522807607935658 -12.198955151143835 -11.443126336399278 -13.215914607989642 -12.74723148247751 -11.442069172786688 -12.236338076044946 -11.77567094462269 -12.734272646593112 -12.459713241442003 -10.624815164282566 -12.82952281506379 -12.114384033030916 -12.595680203115247 -12.560460398035376 -12.791772663747752 -12.25204706590011 -12.42833707545893
3.186372745490982 -11.864974754672826 -12.743685000782143 -12.466965053783223 -12.37062556725622 -12.860054949401434 -12.834648630577998 -11.389162222725215 -11.47013499244876 -8.920170758711809 -10.078088580396276 -8.479418062688552 -12.200388900168921 -11.435723562763766 -13.229526750456692 -12.75497856254579 -11.424092764549123 -12.23825267247445 -11.77131200951056 -12.746095041054097 -12.465747333806814 -10.606051672169947 -12.845585502069223 -12.11536078763812 -12.604522324055907 -12.585798715894148 -12.813639391975114 -12.279684814765941 -12.43647457959149
3.2464929859719436 -11.861521524950653 -12.755137162291543 -12.472614219138318 -12.376099795002613 -12.877163587201181 -12.849574674173638 -11.380795264957843 -11.449726704661849 -8.87040467656876 -10.044778625542055 -8.436207279681 -12.201371569826797 -11.427945741407463 -13.242604752614106 -12.762236133102178 -11.405819270954318 -12.23971583628362 -11.76655445039751 -12.757394620535738 -12.47129896297725 -10.58699492296359 -12.861098083844169 -12.115908670998365 -12.612869359138159 -12.610530708688524 -12.834920417774851 -12.30670252917985 -12.444159420981986
3.306613226452906 -11.857692984254928 -12.766096630910102 -12.477813592073286 -12.381156322295936 -12.893741469707543 -12.86398406400167 -11.37208746548571 -11.42907701765104 -8.820671226045235 -10.01145163030591 -8.393208065031 -12.20193605231761 -11.419826844830471 -13.255179449253244 -12.76903593802362 -11.38728416892831 -12.240760318863442 -11.761431789175667 -12.768202543948668 -12.47640025096688 -10.567680555968995 -12.876090961764657 -12.116060181407597 -12.620752816715761 -12.634685084992777 -12.855645080205916 -12.333128511940801 -12.451422188646042
3.3667334669338675 -11.853482004999982 -12.776567289757264 -12.48256285237991 -12.38579392678254 -12.909796496137353 -12.877883159750088 -11.363028148633784 -11.408166126324293 -8.770927487243 -9.978076099338011 -8.350378011884064 -12.202078695627485 -11.411356551831688 -13.2672558718686 -12.775378756413602 -11.368469339114295 -12.241382758925885 -11.75593593110575 -12.778522586132954 -12.481050832740888 -10.54808991622819 -12.890570897048583 -12.11581092164094 -12.62817421134379 -12.658275109147697 -12.87582420619925 -12.358977653001231 -12.458262963014874
