web/models/kne/40/mosfit_kn_0.095333_0.0300_3.6500.dat
# %ECSV 1.0
# ---
# datatype:
# - {name: time, datatype: float64}
# - {name: PS1_g, datatype: float64}
# - {name: PS1_i, datatype: float64}
# - {name: PS1_r, datatype: float64}
# - {name: PS1_w, datatype: float64}
# - {name: PS1_y, datatype: float64}
# - {name: PS1_z, datatype: float64}
# - {name: swift_uvot_B, datatype: float64}
# - {name: swift_uvot_U, datatype: float64}
# - {name: swift_uvot_uvm2, datatype: float64}
# - {name: swift_uvot_uvw1, datatype: float64}
# - {name: swift_uvot_uvw2, datatype: float64}
# - {name: swift_uvot_V, datatype: float64}
# - {name: johnson_B, datatype: float64}
# - {name: johnson_I, datatype: float64}
# - {name: johnson_R, datatype: float64}
# - {name: johnson_U, datatype: float64}
# - {name: johnson_V, datatype: float64}
# - {name: sdss_g, datatype: float64}
# - {name: sdss_i, datatype: float64}
# - {name: sdss_r, datatype: float64}
# - {name: sdss_u, datatype: float64}
# - {name: sdss_z, datatype: float64}
# - {name: ATLAS_c, datatype: float64}
# - {name: ATLAS_o, datatype: float64}
# - {name: ukirt_H, datatype: float64}
# - {name: ukirt_J, datatype: float64}
# - {name: ukirt_K, datatype: float64}
# - {name: Clear, datatype: float64}
# meta: !!omap
# - comment: [kappa = 3.65, type = rprocess, mass = 0.09533330950298248, velocity = 0.030000000000000023, theta_obs = 0.0, tfloor = 1000.0]
# schema: astropy-2.0
time PS1_g PS1_i PS1_r PS1_w PS1_y PS1_z swift_uvot_B swift_uvot_U swift_uvot_uvm2 swift_uvot_uvw1 swift_uvot_uvw2 swift_uvot_V johnson_B johnson_I johnson_R johnson_U johnson_V sdss_g sdss_i sdss_r sdss_u sdss_z ATLAS_c ATLAS_o ukirt_H ukirt_J ukirt_K Clear
[from data line 225]
13.587174348697394 -10.428175052808388 -12.866152762961622 -11.971060265378934 -12.00374153607143 -13.60432354706493 -13.335576321458902 -9.414132387654412 -8.242431021996808 -2.8023940478913394 -6.273848189227245 -4.301291600030911 -11.188535181062608 -9.549521112470444 -13.532901336927925 -12.455639791188073 -8.406050548250683 -11.296270083854603 -10.197029193604035 -12.851880489842564 -11.952218793014087 -7.4935218822674265 -13.41671523271227 -11.15357385029661 -12.432031959296186 -14.198019935263131 -14.032105720699873 -14.154251150819322 -12.363270881837707
13.647294589178356 -10.414100270210973 -12.860062819588105 -11.961763529643328 -11.995757073960807 -13.601542779244014 -13.331483550990022 -9.397176610820576 -8.219031826894003 -2.7650036209909628 -6.251705959824108 -4.2794060261198155 -11.176454380202234 -9.5331768719211 -13.527787511810889 -12.447509937445417 -8.383674286918279 -11.28465753440741 -10.182242883209014 -12.845702361545062 -11.94279266946424 -7.470595015324761 -13.413028433476537 -11.14221285961218 -12.424603776729253 -14.200019989561275 -14.03192941173488 -14.157716536099672 -12.357068115456311
13.707414829659317 -10.399973722710776 -12.85392328002386 -11.952416077380796 -11.987727740155929 -13.598714279168949 -13.327342148342218 -9.380167087709356 -8.195576424390243 -2.727561147951561 -6.229547164472091 -4.257511936704844 -11.164320694124054 -9.516780791269607 -13.52262479950306 -12.43933144866044 -8.361241750839731 -11.272993442520265 -10.167404530992279 -12.839474594847058 -11.933315393871453 -7.447611044922002 -13.409293588145115 -11.130803511044096 -12.417127503731855 -14.201976599011788 -14.031707619801333 -14.161140060967446 -12.35082334957415
13.76753507014028 -10.385820716307794 -12.847751034815769 -11.943038181277803 -11.979672397828995 -13.595851443863367 -13.323166896069427 -9.363132164772214 -8.172099949502076 -2.6901165020208877 -6.2074054006651025 -4.235642468957511 -11.152157333039138 -9.500360571115788 -13.517429060160417 -12.431123366354406 -8.338786999862428 -11.261300524032992 -10.15254019307461 -12.833214173408933 -11.923807376064044 -7.424604612687364 -13.405525050571114 -11.119368241652179 -12.409621438683107 -14.203898109019145 -14.031450990152637 -14.164528522731777 -12.34455355936852
13.827655310621243 -10.37160398944021 -12.841521513734726 -11.933600175287165 -11.971563467844497 -13.592934961771839 -13.318936397317067 -9.34602999938183 -8.148550312356075 -2.6525953879657598 -6.185230560010009 -4.2137477739566656 -11.139930202041654 -9.483875348245515 -13.512177275627987 -12.422857886685385 -8.316259571189015 -11.249545433546169 -10.137611476774211 -12.826896386919113 -11.914238743104502 -7.4015243787420815 -13.401702070722319 -11.107874107873439 -12.402058891136765 -14.20577280885668 -14.031144351734815 -14.167872541923446 -12.338233999396024
13.887775551102203 -10.357331371923255 -12.835240022416983 -11.924108380480352 -11.963406845407079 -13.589969089268976 -13.314655324451348 -9.328869332840181 -8.124938286867351 -2.6150130178535873 -6.163032914166031 -4.191837877261072 -11.12764650165775 -9.467333674201019 -13.50687444259097 -12.414540965468898 -8.293669917327382 -11.237735226124508 -10.12262643682634 -12.820526569012696 -11.904615856617653 -7.3783809692286795 -13.39782919313489 -11.096328080314262 -12.394445592437258 -14.207603438986316 -14.030791135073189 -14.171174395357154 -12.331869998155156
13.947895791583166 -10.34302242340953 -12.828919640833583 -11.914578481806313 -11.95521711778623 -13.586964213969974 -13.310335133164468 -9.311672068243155 -8.101291003560522 -2.5774078596307453 -6.140838311953409 -4.169938225480262 -11.11532418108527 -9.450756952416612 -13.501532846761652 -12.40618733729817 -8.271044342015383 -11.225887468685228 -10.107605210613695 -12.814117871416073 -11.894954507799387 -7.355201136987173 -13.393917542665204 -11.084747504434933 -12.386795703719535 -14.209396490933981 -14.030399605628643 -14.174439380290876 -12.325474684135163
14.008016032064127 -10.328665988887611 -12.822553092035118 -11.905001646233995 -11.946986084869451 -13.583914664137247 -13.305969515088503 -9.294425650677216 -8.077592773021465 -2.5397574536810223 -6.118631614320567 -4.148033651868385 -11.102953052807926 -9.43413293061463 -13.496145685426495 -12.397788741597228 -8.248367654204387 -11.213992205147727 -10.092536297447356 -12.807662974450018 -11.885245799953008 -7.331969422323503 -13.389961009193243 -11.073122545092993 -12.379101302946598 -14.211148613873197 -14.029965355915442 -14.177664858550843 -12.319040721969756
14.06813627254509 -10.314242023091929 -12.816127202249774 -11.895361940562132 -11.938698964134193 -13.580810116307998 -13.301547015719333 -9.27710754926916 -8.053815510890523 -2.5020217384154924 -6.09638594154136 -4.1260973814099025 -11.090514778726519 -9.41743961811762 -13.490700627083402 -12.389330263495221 -8.225612649788953 -11.202031510196749 -10.077399039246249 -12.801148628469061 -11.875473685804163 -7.308658142849662 -13.385948490920914 -11.061435506867117 -12.371348078455089 -14.212853611593806 -14.0294803103626 -14.180845901517232 -12.31255487308239
14.128256513026052 -10.299774048761243 -12.809657675214225 -11.885678211921 -11.9303732726949 -13.577663024686881 -13.297081378607718 -9.259744116169195 -8.029991879243568 -2.464247042552226 -6.074132372091494 -4.104160034942698 -11.078030940399188 -9.400702760881611 -13.485212416493646 -12.38082960004417 -8.202810993240803 -11.190026501818407 -10.062217656021897 -12.79459062379674 -11.865657141339838 -7.285299506036118 -13.381893331396846 -11.049707237062805 -12.36355303534408 -14.214519233593295 -14.028954360716648 -14.18398881593715 -12.30603289165403
14.188376753507013 -10.285275419720321 -12.803153475742715 -11.87596119093202 -11.922018975937068 -13.57448052626534 -13.292580466393087 -9.242350296843782 -8.006140365573309 -2.4264595114518377 -6.0518883566398785 -4.082238720357129 -11.065513806714488 -9.383936961125684 -13.479689478882825 -12.372296833298623 -8.179980613782345 -11.177989186653912 -10.04700589321411 -12.787997973948677 -11.855806970394411 -7.261911747475924 -13.377803167725482 -11.037949580271746 -12.35572586520929 -14.216149966375154 -14.028393200582519 -14.187097275213423 -12.299483745948816
14.248496993987976 -10.270703880769112 -12.796586699405399 -11.866177207467103 -11.913604839965917 -13.571240676449463 -13.288019968925369 -9.224878639552447 -7.98220192170497 -2.3885750980811364 -6.029597627719525 -4.060277594072733 -11.052924680198927 -9.367095898321146 -13.474105670993783 -12.36370042293321 -8.15706429818211 -11.165881731350973 -10.031720215470266 -12.781342615836735 -11.845889263407514 -7.2384366528610045 -13.373654427690145 -11.026125200659909 -12.34783629168719 -14.217732501441843 -14.02777958866867 -14.190160623235622 -12.292879439526239
14.308617234468937 -10.256079842472658 -12.789970984491372 -11.856342622963822 -11.90514606490197 -13.567954297236131 -13.283411825880247 -9.207352007385776 -7.9582048765433555 -2.3506339593088326 -6.007287068200693 -4.0383031151252915 -11.040282292656364 -9.350201908414352 -13.468473799830598 -12.35505573215714 -8.13408951204326 -11.153722464759708 -10.01638163741438 -12.774638262787512 -11.835920493966743 -7.214902159050052 -13.369458703887265 -11.014252187400633 -12.339899077782377 -14.21927358093244 -14.027122124982474 -14.193184350713251 -12.28623364170609
14.3687374749499 -10.241426031850143 -12.783321507758405 -11.84647565084509 -11.89665955030744 -13.564633422382357 -13.278769318962649 -9.18979586606386 -7.934180792874859 -2.312680812167332 -5.984986495615239 -4.016344623501777 -11.02760750563424 -9.333279862284009 -13.46280811374432 -12.346379854249154 -8.111086856686864 -11.141531794184532 -10.001013559836505 -12.76790017526718 -11.82591900209994 -7.1913393953965254 -13.36522888918969 -11.002350669519565 -12.331930646679261 -14.220780679424363 -14.026430360570979 -14.196174532597253 -12.279561536867849
14.428857715430862 -10.226714681780926 -12.776619962806723 -11.836554183614076 -11.888124805498599 -13.56126367597339 -13.274076511749158 -9.172179019776198 -7.9100908266164005 -2.274660359880019 -5.962658960351206 -3.994365416963429 -11.014874893363544 -9.316299315828672 -13.457091468447892 -12.33765209185557 -8.088018697513697 -11.12928486774459 -9.985587371462596 -12.761109942276558 -11.81586252126758 -7.167710065380923 -13.360949535125002 -10.990396129573483 -12.323911134215049 -14.222245120620903 -14.025693023372108 -14.199124244147699 -12.272844773815876
14.488977955911823 -10.211941503779371 -12.769863608039564 -11.826574859176517 -11.879538732341821 -13.557842958014401 -13.269331049238584 -9.154496618212377 -7.885928872316388 -2.2365638342870424 -5.940298631385232 -3.9723595885264937 -11.002080548371033 -9.299255547511066 -13.451321312775601 -12.328869319450295 -8.06487912795917 -11.116977876007146 -9.9700986456598 -12.754264805190871 -11.805747662426569 -7.1440081527648225 -13.356618367697664 -10.978384813503723 -12.315837549315969 -14.223665737316027 -14.024908521242237 -14.202032606034079 -12.266080605276137
14.549098196392785 -10.197126006210393 -12.763065483209761 -11.816553319388792 -11.87091583974695 -13.554381614106354 -13.264544346933125 -9.136770517532426 -7.861722010052858 -2.1984295792841406 -5.91793103323635 -3.9503522291856217 -10.989242382725337 -9.282169902442611 -13.44550989055784 -12.320046217796278 -8.041694405008634 -11.104628340909136 -9.954567468138702 -12.747377875514996 -11.79559017629078 -7.120260367609177 -13.352246468840914 -10.966334000752571 -12.307723997881439 -14.22504896522227 -14.02408507075348 -14.20490485347729 -12.259282067721369
14.609218436873746 -10.182275199763886 -12.756230340615051 -11.806495226459468 -11.86226137853902 -13.550883452438534 -13.259720588200974 -9.119008550647429 -7.83747989526022 -2.160271180629752 -5.895565139188026 -3.9283520554026228 -10.97636685318416 -9.265050034467567 -13.439661675262517 -12.311188112951019 -8.018473898537508 -11.092242582641044 -9.939001051310026 -12.740453930704003 -11.785395763519553 -7.096476238844112 -13.34783790501266 -10.954249918483754 -12.299575602941921 -14.226397239609055 -14.023225732670442 -14.207743000323932 -12.252453891916169
14.669338677354709 -10.167354257922234 -12.749335179729986 -11.796372826363442 -11.853549657615439 -13.54733039319374 -13.254839738398214 -9.101171596275385 -7.813153841730127 -2.122019442456902 -5.873154932956144 -3.9063134464529834 -10.963422047609576 -9.247857774154497 -13.433755122329682 -12.302269025970862 -7.995170431383933 -11.079789414958688 -9.923363512849832 -12.73346983933024 -11.775136468404064 -7.0726077569950085 -13.343373254925837 -10.942101822032324 -12.291367430022309 -14.227699627808049 -14.022316318698314 -14.210538312103631 -12.245573079187224
14.729458917835672 -10.152378709993677 -12.742390398291779 -11.7861985815248 -11.844792236072959 -13.543730695813991 -13.249910906192888 -9.083277046970519 -7.788765385735186 -2.0837048371791083 -5.850720673072178 -3.8842562871676587 -10.950422229892222 -9.23061010860517 -13.427799997831588 -12.293300656835441 -7.971804887415576 -11.06728279227841 -9.90767084012365 -12.726436056084953 -11.76482483983106 -7.0486761655766905 -13.338861362534047 -10.929903470991107 -12.283110722315254 -14.228961285265223 -14.021363398134612 -14.213294991258818 -12.238650018877433
14.789579158316633 -10.137372670245686 -12.735412091366491 -11.775991813594704 -11.836007006472276 -13.540097111473326 -13.24494817150999 -9.065351933493801 -7.764348039200115 -2.0453747951235206 -5.828293774940132 -3.862211468561959 -10.937389543527136 -9.213333424987841 -13.421811407972363 -12.284301125539454 -7.948409759305381 -11.054744367412342 -9.89194786357304 -12.719368765040588 -11.754480336564352 -7.0247145225571295 -13.334315891639328 -10.917676203153697 -12.274822886175869 -14.230190102189793 -14.02037707569013 -14.216019433793077 -12.231700767049194
14.849699398797595 -10.122309274509504 -12.72838253342778 -11.765731123540935 -11.827174174835289 -13.536415718795531 -13.239936101308913 -9.047366070112936 -7.739864222211104 -2.0069759125440383 -5.805838786249602 -3.840143827954566 -10.924299372553207 -9.195998278460142 -13.41577275336591 -12.275250410211147 -7.9249486329410885 -11.04215008912364 -9.876166902947059 -12.712250139502235 -11.74408140261976 -7.0006857688366075 -13.32972188452544 -10.90539631491433 -12.266484706965723 -14.23137768646759 -14.019346440400893 -14.218704949084929 -12.224707615487933
14.909819639278556 -10.107184349997667 -12.721299049354293 -11.755413235186172 -11.818290728361198 -13.532684465184879 -13.2348723953214 -9.02931473838094 -7.715307999913232 -1.9684996911583879 -5.78335008426567 -3.818047680652906 -10.911147910572875 -9.178600078169165 -13.4096815439393 -12.266145466715354 -7.901415765640014 -11.029496248020594 -9.860323651595042 -12.705077487842864 -11.733624735091759 -6.9765840544894075 -13.325077120135838 -10.893060154826486 -12.258093271014072 -14.232522892858002 -14.018269933576162 -14.221350672341869 -12.217667894648265
14.969939879759519 -10.092014858017126 -12.71417298638756 -11.745051755299851 -11.80936926552894 -13.528912355223497 -13.229766989158644 -9.011216942716278 -7.69070291362274 -1.9299794148756382 -5.7608496713760005 -3.7959446181969656 -10.897950740936235 -9.161157377461503 -13.403548434177399 -12.256999060097382 -7.8778339860336395 -11.016798083644177 -9.844435572289338 -12.69786221966628 -11.723124036992267 -6.95243260438458 -13.320391242508371 -10.8806827376449 -12.249660842625865 -14.233631318932217 -14.017154705014397 -14.223961153855045 -12.210592914361555
15.03006012024048 -10.076810856388434 -12.70701111239859 -11.734654776918276 -11.80041727486353 -13.525104781133717 -13.224625822031957 -8.993083940708832 -7.6660628794633645 -1.8914347023541849 -5.738350445638787 -3.7738472329181536 -10.884717117243998 -9.14368116788728 -13.39737978508425 -12.247818788448061 -7.854216793954489 -11.004064646998797 -9.828513016880738 -12.690611139467123 -11.712587458329473 -6.928245151602113 -13.31567001936314 -10.868272975196618 -12.241194724748343 -14.234706353332738 -14.01600505636189 -14.22653916623524 -12.203489402622552
15.090180360721442 -10.06153551460633 -12.699789077021286 -11.724192930733466 -11.791407622858916 -13.521242595630412 -13.219427677885385 -8.974874356530346 -7.641336419260227 -1.8527925227107493 -5.715804155477429 -3.7517077627456206 -10.871413266436793 -9.126131097855609 -13.391152787641538 -12.238577175786737 -7.8305143002766116 -10.991262944913752 -9.812518039751641 -12.683299758555382 -11.701985412493539 -6.903970921132476 -13.310892887267851 -10.855798373697088 -12.232668547034145 -14.235736423392334 -14.014805963696338 -14.2290754695348 -12.196333093144798
15.150300601202405 -10.046205886797619 -12.692518286656007 -11.713679896375275 -11.782352970725825 -13.517334847729945 -13.214182542742119 -8.95660730063079 -7.616547208263782 -1.814086346108808 -5.693232896780174 -3.7295478908935062 -10.85805485771041 -9.108525822603312 -13.384878151003356 -12.229287053531134 -7.806749463534832 -10.978408299725116 -9.796468199573347 -12.675939546079977 -11.691331676256969 -6.879633270672283 -13.306069538546552 -10.843274026932352 -12.224094636898784 -14.236727148403217 -14.013564608965437 -14.231574628535844 -12.189135348989737
15.210420841683366 -10.030843385315471 -12.68521304270985 -11.703132837804091 -11.773269183229207 -13.513392868117009 -13.208902928690716 -8.938306778642044 -7.5917250036035 -1.7753582260561656 -5.6706643319799 -3.707394780389549 -10.844661565584747 -9.090888766813844 -13.378569297132643 -12.219964509733991 -7.782951139065563 -10.965519943726301 -9.78038554426746 -12.668544882479793 -11.680643537519213 -6.855261560831529 -13.301212113515497 -10.83071886949531 -12.215488447457776 -14.237685531116105 -14.012289967124383 -14.23404231399738 -12.181910392572277
