web/models/kne/40/mosfit_kn_0.002817_0.1397_3.6500.dat
# %ECSV 1.0
# ---
# datatype:
# - {name: time, datatype: float64}
# - {name: PS1_g, datatype: float64}
# - {name: PS1_i, datatype: float64}
# - {name: PS1_r, datatype: float64}
# - {name: PS1_w, datatype: float64}
# - {name: PS1_y, datatype: float64}
# - {name: PS1_z, datatype: float64}
# - {name: swift_uvot_B, datatype: float64}
# - {name: swift_uvot_U, datatype: float64}
# - {name: swift_uvot_uvm2, datatype: float64}
# - {name: swift_uvot_uvw1, datatype: float64}
# - {name: swift_uvot_uvw2, datatype: float64}
# - {name: swift_uvot_V, datatype: float64}
# - {name: johnson_B, datatype: float64}
# - {name: johnson_I, datatype: float64}
# - {name: johnson_R, datatype: float64}
# - {name: johnson_U, datatype: float64}
# - {name: johnson_V, datatype: float64}
# - {name: sdss_g, datatype: float64}
# - {name: sdss_i, datatype: float64}
# - {name: sdss_r, datatype: float64}
# - {name: sdss_u, datatype: float64}
# - {name: sdss_z, datatype: float64}
# - {name: ATLAS_c, datatype: float64}
# - {name: ATLAS_o, datatype: float64}
# - {name: ukirt_H, datatype: float64}
# - {name: ukirt_J, datatype: float64}
# - {name: ukirt_K, datatype: float64}
# - {name: Clear, datatype: float64}
# meta: !!omap
# - comment: [kappa = 3.65, type = rprocess, mass = 0.0028172691138521437, velocity = 0.13966666666666672, theta_obs = 0.0, tfloor = 1000.0]
# schema: astropy-2.0
time PS1_g PS1_i PS1_r PS1_w PS1_y PS1_z swift_uvot_B swift_uvot_U swift_uvot_uvm2 swift_uvot_uvw1 swift_uvot_uvw2 swift_uvot_V johnson_B johnson_I johnson_R johnson_U johnson_V sdss_g sdss_i sdss_r sdss_u sdss_z ATLAS_c ATLAS_o ukirt_H ukirt_J ukirt_K Clear
[from data line 145]
8.77755511022044 9.588473055429496 0.7066442422302188 4.181715020268051 2.2137912087640643 -2.81654580629505 -1.3988698414479117 13.128379631993983 19.787323729888897 33.67591903391807 15.752906261963453 18.265922768443104 7.547989748300281 11.924442315027793 -0.8468690641917318 2.123163702533268 18.756322550637144 6.592967413131528 10.401013156743932 0.7879001943432051 4.410203679764493 20.288429260063722 -1.9722974534699134 6.160791590010692 1.7083790654009157 -7.765533184210546 -5.616043888720855 -9.125821864683717 -0.0721028349972741
8.837675350701403 9.603670368353416 0.7218415551541391 4.196912333191989 2.2289885216880023 -2.8013484933711297 -1.3836725285239915 13.143576944917903 19.802521042812824 33.691116346841994 15.768103574887373 18.281120081367025 7.563187061224201 11.939639627951713 -0.8316717512678116 2.138361015457188 18.771519863561064 6.608164726055466 10.41621046966787 0.8030975072671254 4.425400992688413 20.30362657298764 -1.9571001405459931 6.17598890293463 1.723576378324836 -7.750335871286608 -5.600846575796917 -9.110624551759797 -0.056905522073353865
8.897795591182364 9.618766616258778 0.7369378030595009 4.212008581097333 2.2440847695933464 -2.786252245465768 -1.3685762806186297 13.158673192823265 19.817617290718175 33.70621259474735 15.783199822792735 18.296216329272387 7.578283309129563 11.954735875857075 -0.8165755033624498 2.15345726336255 18.786616111466426 6.62326097396081 10.431306717573214 0.8181937551724872 4.440497240593775 20.318722820893 -1.9420038926406313 6.1910851508399745 1.7386726262301977 -7.735239623381264 -5.5857503278915726 -9.095528303854435 -0.04180927416799207
8.957915831663327 9.63375420272751 0.7519253895282141 4.226996167566064 2.2590723560620773 -2.771264658997037 -1.3535886941499164 13.173660779291978 19.8326048771869 33.72120018121607 15.798187409261448 18.3112039157411 7.593270895598294 11.969723462325788 -0.8015879168937365 2.168444849831263 18.801603697935157 6.638248560429541 10.446294304041945 0.8331813416412182 4.455484827062488 20.333710407361725 -1.9270163061719003 6.2060727373087055 1.7536602126989287 -7.720252036912533 -5.570762741422842 -9.080540717385704 -0.026821687699261076
9.018036072144287 9.648640071836354 0.766811258637059 4.241882036674909 2.2739582251709223 -2.756378789888192 -1.3387028250410715 13.188546648400841 19.847490746295755 33.73608605032492 15.813073278370311 18.326089784849962 7.608156764707139 11.984609331434633 -0.7867020477848738 2.183330718940108 18.816489567044 6.653134429538386 10.46118017315079 0.8480672107500631 4.470370696171351 20.34859627647058 -1.9121304370630554 6.22095860641755 1.7685460818077736 -7.705366167803688 -5.555876872313997 -9.065654848276859 -0.011935818590416147
9.07815631262525 9.663425684136193 0.7815968709368981 4.256667648974748 2.2887438374707614 -2.741593177588353 -1.3239172127412324 13.203332260700662 19.862276358595583 33.75087166262477 15.82785889067015 18.3408753971498 7.622942377006978 11.999394943734472 -0.7719164354850347 2.198116331239947 18.83127517934384 6.667920041838225 10.47596578545063 0.8628528230499022 4.48515630847119 20.36338188877041 -1.8973448247632163 6.2357442187173895 1.7833316941076127 -7.690580555503849 -5.5410912600141575 -9.05086923597702 0.002849793709422954
9.138276553106213 9.678112527933145 0.7962837147338675 4.271354492771717 2.3034306812677308 -2.7269063337914012 -1.309230368944263 13.218019104497632 19.876963202392545 33.765558506421726 15.842545734467102 18.355562240946753 7.637629220803929 12.014081787531442 -0.7572295916880831 2.2128031750369166 18.845962023140792 6.682606885635194 10.490652629247599 0.8775396668468538 4.4998431522681415 20.37806873256737 -1.8826579809662647 6.250431062514359 1.7980185379045643 -7.6758937117068795 -5.526404416217206 -9.036182392180068 0.017536637506374575
9.198396793587174 9.692701893236286 0.810873080037009 4.285943858074841 2.3180200465708722 -2.7123169684882598 -1.2946410036411216 13.232608469800773 19.891552567695683 33.780147871724864 15.857135099770243 18.370151606249895 7.652218586107071 12.028671152834583 -0.7426402263849416 2.227392540340058 18.860551388443934 6.697196250938318 10.50524199455074 0.8921290321499953 4.514432517571283 20.39265809787051 -1.8680686156631232 6.2650204278175 1.8126079032077058 -7.661304346403756 -5.511815050914064 -9.021593026876927 0.03212600280951605
9.258517034068136 9.707195230861299 0.8253664176620212 4.300437195699871 2.3325133841958845 -2.6978236308632297 -1.2801476660161093 13.247101807425786 19.906045905320706 33.79464120934988 15.871628437395255 18.384644943874907 7.666711923732101 12.043164490459596 -0.7281468887599294 2.2418858779650703 18.875044726068964 6.711689588563348 10.519735332175753 0.9066223697750075 4.528925855196295 20.407151435495532 -1.853575278038111 6.279513765442513 1.827101240832718 -7.646811008778726 -5.497321713289034 -9.007099689251914 0.046619340434546075
9.318637274549097 9.721593903050643 0.8397650898513653 4.314835867889197 2.346912056385211 -2.6834249586739034 -1.2657489938267652 13.26150047961513 19.92044457751004 33.80903988153921 15.8860271095846 18.39904361606425 7.681110595921427 12.057563162648922 -0.7137482165705853 2.2562845501543967 18.88944339825829 6.726088260752674 10.534134004365079 0.9210210419643516 4.543324527385639 20.421550107684865 -1.8391766058487669 6.293912437631839 1.8414999130220622 -7.632412336589399 -5.482923041099708 -8.99270101706257 0.06101801262387241
9.37875751503006 9.735899204579628 0.8540703913803505 4.3291411694181825 2.361217357914196 -2.6691196571449183 -1.25144369229778 13.275805781144115 19.934749879039025 33.8233451830682 15.900332411113585 18.413348917593236 7.695415897450412 12.071868464177925 -0.6994429150416002 2.2705898516833996 18.903748699787275 6.7403935622816595 10.548439305894064 0.9353263434933368 4.557629828914624 20.43585540921385 -1.8248713043197817 6.308217739160824 1.8558052145510473 -7.618107035060414 -5.468617739570723 -8.978395715533585 0.07532331415285753
9.438877755511022 9.75011246977278 0.868283656573503 4.343354434611335 2.3754306231073663 -2.6549063919517657 -1.2372304271046275 13.290019046337267 19.94896314423218 33.837558448261355 15.914545676306737 18.42756218278639 7.709629162643565 12.086081729371077 -0.6852296498484476 2.284803116876552 18.917961964980428 6.754606827474812 10.562652571087217 0.9495396086864893 4.571843094107777 20.450068674407007 -1.8106580391266291 6.322431004353977 1.8700184797441999 -7.603893769867262 -5.45440447437757 -8.964182450340433 0.08953657934601011
9.498997995991983 9.764234991691847 0.8824061784925519 4.357476956530402 2.389553145026415 -2.640783870032699 -1.2231079051855787 13.304141568256316 19.963085666151237 33.85168097018042 15.928668198225804 18.441684704705438 7.7237516845626315 12.100204251290126 -0.6711071279293988 2.298925638795601 18.932084486899495 6.768729349393879 10.576775093006283 0.9636621306055559 4.585965616026844 20.464191196326063 -1.7965355172075625 6.336553526273043 1.8841410016632665 -7.589771247948195 -5.440281952458504 -8.950059928421366 0.10365910126507671
9.559118236472946 9.778268001327426 0.8964391881281308 4.371509966165981 2.403586154661994 -2.62675086039712 -1.2090748955499997 13.318174577891895 19.977118675786816 33.865713979816 15.942701207861383 18.455717714341016 7.7377846941982105 12.114237260925705 -0.6570741182938198 2.31295864843118 18.946117496535074 6.782762359029458 10.590808102641862 0.9776951402411349 4.599998625662423 20.47822420596164 -1.7825025075719836 6.350586535908622 1.8981740112988454 -7.575738238312616 -5.426248942822925 -8.936026918785787 0.11769211090065568
9.619238476953907 9.792212768604589 0.9103839554053117 4.385454733443144 2.417530921939175 -2.612806093119957 -1.1951301282728188 13.332119345169076 19.991063443063986 33.87965874709316 15.956645975138546 18.469662481618197 7.751729461475374 12.128182028202886 -0.6431293510166389 2.326903415708361 18.960062263812237 6.796707126306621 10.604752869919043 0.991639907518298 4.613943392939586 20.49216897323881 -1.7685577402948205 6.364531303185803 1.9121187785760085 -7.561793471035453 -5.412304175545762 -8.922082151508624 0.13163687817781877
9.67935871743487 9.806070537212577 0.9242417240132994 4.399312502051149 2.4313886905471627 -2.5989483245119516 -1.1812723596648311 13.345977113777064 20.004921211671984 33.89351651570116 15.970503743746534 18.483520250226196 7.765587230083379 12.142039796810874 -0.6292715824086512 2.3407611843163485 18.973920032420242 6.810564894914626 10.61861063852703 1.0054976761263035 4.627801161547573 20.50602674184681 -1.754699971686815 6.378389071793791 1.9259765471839962 -7.547935702427448 -5.398446406937756 -8.908224382900618 0.14549464678582424
9.739478957915832 9.819842443295848 0.9380136300965702 4.413084408134402 2.4451605966304335 -2.5851764184286985 -1.1675004535815603 13.359749019860335 20.018693117755248 33.90728842178443 15.984275649829804 18.497292156309456 7.779359136166632 12.155811702894145 -0.6154996763253804 2.3545330903996193 18.987691938503495 6.824336800997879 10.632382544610302 1.0192695822095565 4.641573067630844 20.519798647930074 -1.740928065603562 6.392160977877062 1.939748453267267 -7.5341637963441945 -5.384674500854503 -8.894452476817365 0.15926655286907732
9.799599198396793 9.833529680418618 0.9517008672193406 4.426771645257173 2.458847833753204 -2.571489181305928 -1.15381321645879 13.373436256983105 20.032380354878015 33.92097565890719 15.997962886952575 18.510979393432226 7.793046373289402 12.169498940016915 -0.6018124392026101 2.3682203275223896 19.001379175626266 6.83802403812065 10.646069781733054 1.0329568193323269 4.6552603047536145 20.53348588505284 -1.7272408284807916 6.405848214999814 1.9534356903900374 -7.520476559221424 -5.370987263731733 -8.880765239694595 0.17295378999184763
9.859719438877756 9.847133441921194 0.9653046287219169 4.440375406759749 2.47245159525578 -2.557885419803352 -1.1402094549562136 13.387040018485681 20.045984116380595 33.934579420409776 16.01156664845515 18.524583154934803 7.806650134791979 12.183102701519491 -0.5882086777000337 2.381824089024966 19.014982937128842 6.851627799623226 10.659673543235648 1.0465605808349032 4.668864066256191 20.54708964655542 -1.7136370669782153 6.419451976502408 1.9670394518926138 -7.506872797718848 -5.3573835022291565 -8.867161478192019 0.186557551494424
9.919839679358716 9.860654796176505 0.9788259829772272 4.453896761015059 2.4859729495110905 -2.5443640655480415 -1.1266881007009033 13.400561372740992 20.059505470635905 33.94810077466507 16.02508800271046 18.538104509190113 7.820171489047289 12.196624055774802 -0.5746873234447234 2.3953454432802763 19.028504291384152 6.865149153878536 10.67319489749094 1.0600819350902135 4.682385420511501 20.56061100081073 -1.700115712722905 6.432973330757701 1.980560806147924 -7.4933514434635375 -5.343862147973846 -8.853640123936708 0.2000789057497343
9.97995991983968 9.874094866264311 0.992266053065034 4.467336831102866 2.4994130195988973 -2.5309239954602347 -1.1132480306130965 13.414001442828798 20.07294554072371 33.96154084475288 16.038528072798268 18.55154457927792 7.833611559135096 12.210064125862608 -0.5612472533569166 2.408785513368083 19.04194436147196 6.878589223966343 10.686634967578748 1.0735220051780203 4.695825490599308 20.574051070898534 -1.6866756426350982 6.446413400845508 1.9940008762357309 -7.479911373375731 -5.330422077886039 -8.840200053848902 0.2135189758375411
10.040080160320642 9.887454780716478 1.005625967517183 4.480696745555033 2.5127729340510463 -2.517564081008068 -1.0998881161609475 13.427361357280947 20.086305455175868 33.97490075920504 16.051887987250417 18.56490449373008 7.846971473587263 12.223424040314757 -0.5478873389047676 2.422145427820232 19.055304275924126 6.89194913841851 10.699994882030914 1.086881919630187 4.709185405051457 20.587410985350694 -1.6733157281829314 6.459773315297674 2.0073607906878976 -7.466551458923564 -5.317062163433873 -8.826840139396735 0.22687889028970787
10.100200400801603 9.900735581741689 1.0189067685424114 4.493977546580261 2.5260537350762746 -2.5042832799828396 -1.0866073151357192 13.440642158306176 20.099586256201096 33.98818156023027 16.065168788275646 18.578185294755297 7.860252274612473 12.236704841339986 -0.5346065378795393 2.4354262288454605 19.068585076949354 6.905229939443738 10.713275683056143 1.1001627206553977 4.722466206076685 20.600691786375922 -1.6600349271577208 6.473054116322903 2.020641591713108 -7.453270657898336 -5.303781362408644 -8.813559338371524 0.24015969131491843
10.160320641282565 9.913938316376552 1.0321095031772742 4.507180281215106 2.5392564697111197 -2.4910805453479945 -1.0734045805008563 13.453844892941039 20.112788990835952 34.001384294865126 16.07837152291051 18.59138802939016 7.873455009247336 12.249907575974849 -0.5214038032446764 2.4486289634803233 19.0817878115842 6.918432674078583 10.726478417690988 1.1133654552902605 4.735668940711548 20.613894521010778 -1.646832192522858 6.486256850957748 2.033844326347971 -7.4400679232634905 -5.290578627773799 -8.800356603736661 0.2533624259497813
10.220440881763526 9.927064036056858 1.0452352228575634 4.520306000895413 2.5523821893914267 -2.4779548256676875 -1.060278860820567 13.466970612621328 20.12591471051625 34.01451001454543 16.091497242590815 18.60451374907046 7.886580728927643 12.263033295655138 -0.5082780835643694 2.4617546831606125 19.094913531264506 6.93155839375889 10.739604137371295 1.1264911749705675 4.748794660391855 20.627020240691074 -1.633706472842551 6.499382570638055 2.046970046028278 -7.426942203583184 -5.277452908093492 -8.787230884056354 0.26648814563008827
10.280561122244489 9.940113776237123 1.0582849630378277 4.5333557410756775 2.565431929571691 -2.4649050854874233 -1.0472291206403028 13.480020352801592 20.138964450696513 34.02755975472569 16.104546982771062 18.617563489250724 7.899630469107907 12.276083035835402 -0.4952283433841229 2.474804423340877 19.10796327144477 6.9446081339391545 10.752653877551559 1.1395409151508318 4.761844400572102 20.64006998087134 -1.6206567326622867 6.512432310818319 2.0600197862085423 -7.413892463402919 -5.264403167913228 -8.77418114387609 0.27953788581035255
10.34068136272545 9.953088503156273 1.071259689956996 4.546330467994828 2.578406656490859 -2.451930358568273 -1.0342543937211346 13.49299507972076 20.151939177615674 34.040534481644855 16.11752170969023 18.63053821616988 7.912605196027058 12.28905776275457 -0.4822536164649547 2.487779150260045 19.12093799836392 6.957582860858305 10.765628604470727 1.1525156420699822 4.77481912749127 20.6530447077905 -1.6076820057431362 6.525407037737487 2.072994513127693 -7.400917736483769 -5.2514284409940775 -8.76120641695694 0.292512612729503
10.400801603206412 9.965989219299782 1.084160406100505 4.559231184138355 2.5913073726343683 -2.439029642424746 -1.0213536775776255 13.50589579586427 20.16483989375919 34.05343519778836 16.13042242583374 18.643438932313398 7.925505912170585 12.30195847889808 -0.4693529003214456 2.500679866403554 19.133838714507448 6.970483577001832 10.778529320614236 1.1654163582134913 4.787719843634779 20.665945423934016 -1.5947812895996272 6.538307753880996 2.085895229271202 -7.388017020340242 -5.238527724850551 -8.74830570081343 0.30541332887302985
10.460921843687375 9.978816924983018 1.096988111783741 4.572058889821573 2.6041350783176043 -2.4262019367415277 -1.0085259718943895 13.518723501547505 20.177667599442415 34.066262903471596 16.143250131516975 18.656266637996627 7.938333617853803 12.314786184581315 -0.4565251946382096 2.51350757208679 19.146666420190666 6.98331128268505 10.791357026297472 1.1782440638967273 4.800547549318015 20.67877312961724 -1.5819535839163912 6.551135459564232 2.098722934954438 -7.375189314657024 -5.225700019167332 -8.735477995130195 0.3182410345562481
