web/models/kne/40/mosfit_kn_0.500000_0.3277_3.6500.dat
# %ECSV 1.0
# ---
# datatype:
# - {name: time, datatype: float64}
# - {name: PS1_g, datatype: float64}
# - {name: PS1_i, datatype: float64}
# - {name: PS1_r, datatype: float64}
# - {name: PS1_w, datatype: float64}
# - {name: PS1_y, datatype: float64}
# - {name: PS1_z, datatype: float64}
# - {name: swift_uvot_B, datatype: float64}
# - {name: swift_uvot_U, datatype: float64}
# - {name: swift_uvot_uvm2, datatype: float64}
# - {name: swift_uvot_uvw1, datatype: float64}
# - {name: swift_uvot_uvw2, datatype: float64}
# - {name: swift_uvot_V, datatype: float64}
# - {name: johnson_B, datatype: float64}
# - {name: johnson_I, datatype: float64}
# - {name: johnson_R, datatype: float64}
# - {name: johnson_U, datatype: float64}
# - {name: johnson_V, datatype: float64}
# - {name: sdss_g, datatype: float64}
# - {name: sdss_i, datatype: float64}
# - {name: sdss_r, datatype: float64}
# - {name: sdss_u, datatype: float64}
# - {name: sdss_z, datatype: float64}
# - {name: ATLAS_c, datatype: float64}
# - {name: ATLAS_o, datatype: float64}
# - {name: ukirt_H, datatype: float64}
# - {name: ukirt_J, datatype: float64}
# - {name: ukirt_K, datatype: float64}
# - {name: Clear, datatype: float64}
# meta: !!omap
# - comment: [kappa = 3.65, type = rprocess, mass = 0.5000000000045836, velocity = 0.32766666666666666, theta_obs = 0.0, tfloor = 1000.0]
# schema: astropy-2.0
time PS1_g PS1_i PS1_r PS1_w PS1_y PS1_z swift_uvot_B swift_uvot_U swift_uvot_uvm2 swift_uvot_uvw1 swift_uvot_uvw2 swift_uvot_V johnson_B johnson_I johnson_R johnson_U johnson_V sdss_g sdss_i sdss_r sdss_u sdss_z ATLAS_c ATLAS_o ukirt_H ukirt_J ukirt_K Clear
[from data line 198]
11.963927855711422 -19.948810051952766 -20.82095924524742 -20.546792756583176 -20.45054015240492 -20.934841411775622 -20.910394835557717 -19.47515909113528 -19.561433727911837 -17.024406075958773 -18.17510560749067 -16.580841627709017 -20.282269049614385 -19.521462514273725 -21.30608603664846 -20.834099779446735 -19.51445070765062 -20.319922371254894 -19.855721427466335 -20.82343639598129 -20.54561754810999 -18.69675369138207 -20.921074027310418 -20.19743822562928 -20.683164870708453 -20.657233750284703 -20.88659157738574 -20.350114960709323 -20.51542029026484
12.024048096192384 -19.950441813820206 -20.825721037761546 -20.55033645963471 -20.454041652917212 -20.94078987205746 -20.915885514509807 -19.47575975205516 -19.559504951175803 -17.016304681376017 -18.17044586294445 -16.574075997488563 -20.284833733738978 -19.522186110329386 -21.31118885504102 -20.837980405895042 -19.512970831596636 -20.322587373222675 -19.857079299414107 -20.828166176682217 -20.549141002685758 -18.69510972271838 -20.92668759724786 -20.19990834040769 -20.687273784708076 -20.664780728889212 -20.89341492481047 -20.358141239337414 -20.519383684036203
12.084168336673347 -19.93180776730002 -20.81705652099199 -20.537791339559348 -20.441371280367484 -20.93590697169697 -20.909543605083307 -19.453840269501363 -19.529530317716066 -16.966682410366033 -18.131809106452756 -16.52877663255563 -20.26916878799189 -19.500659496510217 -21.303611200491368 -20.826509819274712 -19.484424979766956 -20.30724292799581 -19.83757286300264 -20.819399649103207 -20.536530997609237 -18.666040569765094 -20.92073757638639 -20.183947656320385 -20.676531147828232 -20.6649932149058 -20.891320801456175 -20.359881502527234 -20.50818838956447
12.144288577154308 -19.906021364239077 -20.803646457738072 -20.519562060907965 -20.423005888642596 -20.927195559629546 -20.899019009215607 -19.423972612831257 -19.489665813610006 -16.90245414321526 -18.081268446753143 -16.470059869984514 -20.247063265160172 -19.471282323556668 -21.291551767554317 -20.8096174356933 -19.446332037819698 -20.28553734938116 -19.810703422663174 -20.80586284388529 -20.5182203407589 -18.627296623116827 -20.910700464822636 -20.16148658867154 -20.660544199211852 -20.662615589772205 -20.886075988204915 -20.359402925013047 -20.49166240904155
12.20440881763527 -19.91475251951421 -20.813052109788917 -20.528705014966544 -20.432142040398755 -20.936857412915302 -20.90858198411958 -19.432481259576335 -19.49762973576698 -16.90909112592426 -18.08865299126717 -16.477001845781526 -20.255994865094237 -19.479817789449857 -21.301031071381324 -20.818833343135587 -19.45439244004665 -20.29449081178482 -19.819375552347296 -20.81526158533663 -20.52735883339638 -18.635321502655326 -20.92029003853371 -20.170399180471836 -20.6698095073388 -20.67262289151239 -20.895926912619647 -20.36951380063138 -20.50089906798089
12.264529058116231 -19.893611748882982 -20.80268386650003 -20.51414038522127 -20.417477379367597 -20.930582829932547 -20.900727328049147 -19.407785570512452 -19.46423541302316 -16.854515931009825 -18.046039862948593 -16.42736261838524 -20.238053210832813 -19.455551674305255 -21.29183975041177 -20.80543518708363 -19.422538071735033 -20.27689925263864 -19.797292053360902 -20.804782925288983 -20.51272257931231 -18.60289918189462 -20.91286063852314 -20.152159104473153 -20.657201115738513 -20.671869240202852 -20.892674060392853 -20.370415443677526 -20.487843281672653
12.324649298597194 -19.859721490888536 -20.7838723970724 -20.48945258411843 -20.392676721442964 -20.917507173943992 -20.885437238369278 -19.368915570653435 -19.413193506032478 -16.773863728630033 -17.982203497451845 -16.35382491905203 -20.208633873883823 -19.4172868957325 -21.274677612015644 -20.782384331906442 -19.3736487273966 -20.24797288798046 -19.762082155296543 -20.785816755159505 -20.487933351775265 -18.553212911219568 -20.89816719423931 -20.12233835617156 -20.635258177159148 -20.666533196356585 -20.88383449636705 -20.36739986115165 -20.46530616316648
12.384769539078157 -19.867522189149938 -20.79261044493755 -20.497825244555266 -20.4010434102522 -20.92660200018191 -20.89439430255153 -19.376406565786823 -19.419928003091584 -16.77875898231584 -17.988146875843167 -16.359170360360572 -20.216712230005395 -19.424815665099388 -21.28351826261896 -20.79085891185197 -19.38051692111416 -20.256082001911043 -19.769800817717158 -20.794545180711328 -20.49629966207675 -18.560031490511886 -20.907161401756973 -20.130392386590703 -20.643801723120117 -20.676109595314532 -20.893192900822335 -20.377120642162666 -20.473814004341353
12.444889779559118 -19.851492253178442 -20.785577434104585 -20.48728459112402 -20.39045164277315 -20.922994750476782 -20.889464151161263 -19.357403153222485 -19.393664401559505 -16.73485033231334 -17.954315153056868 -16.319629992360664 -20.203345721577055 -19.406175723743292 -21.277470503221682 -20.78129747021584 -19.35553589965621 -20.243011388263593 -19.75298346523582 -20.787419779273346 -20.48569778961001 -18.534573811466313 -20.902588082310505 -20.116796126448744 -20.63490279434296 -20.677127297071497 -20.89211702075703 -20.37952496156597 -20.464579685654734
12.50501002004008 -19.817027784178958 -20.7663463083132 -20.46211212443195 -20.36521819910657 -20.90956942563256 -20.87379634505023 -19.317900497188944 -19.341872551210866 -16.65321720251969 -17.889813679405542 -16.245588629878846 -20.173384278797865 -19.36729222915931 -21.259909407622814 -20.757786956562285 -19.30591290596783 -20.213553730749304 -19.717185699417108 -20.76803208383323 -20.46042055780033 -18.484141912672136 -20.887525779082914 -20.08646107868115 -20.612516333605306 -20.671543934473778 -20.88298384287409 -20.37629270002538 -20.441655482651964
12.565130260521041 -19.818452580434993 -20.77081999141127 -20.46539632892804 -20.36849405228681 -20.91520592767667 -20.878983635026085 -19.31831638106453 -19.339829333445735 -16.64520660613624 -17.885242513036808 -16.239127070158283 -20.175709339009586 -19.36783260184193 -21.26471761587788 -20.76140439562596 -19.304303359344576 -20.21598004248 -19.718343631940947 -20.772474409665183 -20.463683626159543 -18.482370188750803 -20.89283445808034 -20.088713687952495 -20.61635909422545 -20.678751651986463 -20.889480320994274 -20.383971482884387 -20.445395154521968
12.625250501002004 -19.807629595751326 -20.76718386522627 -20.45895590154 -20.362039013936393 -20.91431187806874 -20.877030186295933 -19.305114465259383 -19.320831487771866 -16.612149259765875 -17.86030671102127 -16.20976022272258 -20.167007149817994 -19.354924880951202 -21.261870398518916 -20.75575026697533 -19.28632722067877 -20.207517080625262 -19.706891580138475 -20.768764340882022 -20.457193154840017 -18.46401139659255 -20.89116741298012 -20.079843782328517 -20.611236552636232 -20.681563503253685 -20.890614629833095 -20.387894398347065 -20.440035585369998
12.685370741482965 -19.773009502100614 -20.74781064300055 -20.433631274964892 -20.33670693955777 -20.900760922973998 -20.861229340225496 -19.26544415422167 -19.26886826720489 -16.53039054250691 -17.79584379553274 -16.13601295734759 -20.136880214186263 -19.315882192122697 -21.244172529562004 -20.732097474094548 -19.236529021648032 -20.177900255302635 -19.670936857731682 -20.749234124699747 -20.431761329020937 -18.413399687790317 -20.875975401289768 -20.049375280415838 -20.588713640730898 -20.675884921778756 -20.88137248014066 -20.38457603526213 -20.41703752840288
12.745490981963927 -19.766046480440682 -20.74669552995008 -20.430232759331126 -20.333314041619985 -20.90188071778657 -20.861485335407632 -19.25654292800286 -19.255253219833257 -16.505358819246258 -17.777469834046133 -16.11411979425901 -20.131638341041757 -19.30722295066467 -21.24370060311134 -20.729341526281015 -19.22374346017489 -20.172854969928405 -19.663461916650213 -20.74805875190677 -20.428321325080407 -18.400301487576733 -20.876465358122687 -20.044007532795902 -20.58639182044283 -20.680027878756487 -20.88414694929769 -20.389625372243994 -20.414543431893115
12.80561122244489 -19.763913298043985 -20.748755168951654 -20.430654993438182 -20.333743189714095 -20.90554334539851 -20.864528345245947 -19.253019684523675 -19.24835063941366 -16.490274576727252 -17.767167303600182 -16.101308313732904 -20.13073843688255 -19.303873636289314 -21.246221599915167 -20.730224925110694 -19.21743529611745 -20.172096334697645 -19.660961690496652 -20.750075170691993 -20.428713685873312 -18.393768957084564 -20.87967626507364 -20.043019129729327 -20.587586739264214 -20.685859319967342 -20.888996638146278 -20.396107052113447 -20.41561822455023
12.86573146292585 -19.729241056043154 -20.72930868393966 -20.405260670983836 -20.30839420392974 -20.891922200066517 -20.848655076460414 -19.213296701115656 -19.196358517555918 -16.408598493166625 -17.70291376279511 -16.02804364410654 -20.100539467109837 -19.264785292463745 -21.22845193673082 -20.706508490531956 -19.167599588439874 -20.142412616336514 -19.624956506701547 -20.730471629165415 -20.4032099885735 -18.34311700196764 -20.864413762407583 -20.01251106957044 -20.56500337752455 -20.680122921521132 -20.87969106109183 -20.392734627347902 -20.392622400610936
12.925851703406813 -19.713254189061278 -20.722189870275436 -20.394676329091475 -20.29785085379414 -20.888199359766997 -20.843619034459664 -19.194365999597746 -19.17028360652944 -16.3652537752723 -17.669759040207627 -15.989712513080118 -20.08715422438969 -19.246226427691035 -21.222310815541416 -20.696903745131678 -19.142779116400696 -20.12932910334491 -19.608193236644258 -20.72326126270509 -20.39256129666935 -18.317820041404058 -20.85973422510392 -19.998954670355538 -20.556059890845706 -20.68099892237457 -20.87848530320267 -20.39498945626144 -20.38345580379028
12.985971943887774 -19.72047402620211 -20.7303800422876 -20.402487248852132 -20.305666909225604 -20.8967612534574 -20.852037172683904 -19.20126363123072 -19.176399603628376 -16.369480979569676 -17.675103134653565 -15.994493421137012 -20.094658560575944 -19.25316484382487 -21.230608012608407 -20.704821955851173 -19.149032304837974 -20.136866527375773 -19.6153281182308 -20.731441413650877 -20.400365146426083 -18.3240210447714 -20.86819140626778 -20.00644067473008 -20.564050514542984 -20.69006430648869 -20.88732277175982 -20.404205798409297 -20.391422778094164
13.046092184368737 -19.685580932610005 -20.71074935417281 -20.376889824451965 -20.280167108421416 -20.88298093015366 -20.835994006722522 -19.161300131437333 -19.12414377357747 -16.287538362553086 -17.610777979829475 -15.92139310412556 -20.064235990749168 -19.213845403640914 -21.212661934553047 -20.680914824141407 -19.098932595827762 -20.106966289257745 -19.57909869968587 -20.71165301519141 -20.374655767927816 -18.27309926666814 -20.852763242974675 -19.97574003256176 -20.541283884998336 -20.684210894795424 -20.8778810636257 -20.400729092150126 -20.36830392115405
13.1062124248497 -19.657458516502828 -20.695577622674808 -20.35665294670638 -20.260037851001815 -20.872778661264206 -20.823869116580997 -19.128871704922094 -19.08128776679007 -16.219524375475597 -17.557787167926495 -15.861078695795591 -20.039900548004177 -19.181967268285817 -21.198921437975848 -20.662116226435884 -19.057903550739816 -20.083076858951415 -19.549842276547196 -20.696347330339435 -20.354322786445245 -18.231370821817574 -20.841161526498357 -19.95118376675702 -20.52345527615783 -20.680745962620698 -20.87136630036648 -20.399284257409672 -20.35020548127477
13.16633266533066 -19.66401411354804 -20.703282973604455 -20.363908521671927 -20.267304077447523 -20.880925429197106 -20.83184508374364 -19.135044857308607 -19.086535290303708 -16.222539811946056 -17.562139667874348 -15.864786431551131 -20.046792065890912 -19.188189443482 -21.20675393210264 -20.669499669183395 -19.063313156981067 -20.090008097793564 -19.55629719309357 -20.70404078319923 -20.361569780237918 -18.236718253787192 -20.849183999423264 -19.95805635087999 -20.53092493275111 -20.689491358798687 -20.879840710684494 -20.4082091469888 -20.35765246734412
13.226452905811623 -19.646442471667385 -20.695047896052827 -20.352020469880152 -20.25550913313488 -20.87627626660643 -20.8258082621116 -19.114366612156843 -19.05834122847141 -16.176228658149604 -17.52670626682276 -15.824149901963999 -20.031946551454578 -19.16791030580495 -21.199551796150963 -20.658651043904996 -19.036434602520586 -20.075485888218157 -19.537907951296365 -20.69570905274391 -20.34961174818953 -18.20933431817247 -20.84352518220454 -19.943061132976858 -20.520777001705905 -20.68970632020253 -20.87785378202181 -20.409882592824925 -20.34732818150305
13.286573146292584 -19.60913340308519 -20.67377421437392 -20.324470498929905 -20.22814648979022 -20.86116710483239 -20.808313027203322 -19.07171798939124 -19.002787342294738 -16.089594283283745 -17.458838521271982 -15.747481347422351 -19.999312449887718 -19.12595138356098 -21.180054150979217 -20.632890755253374 -18.983137253212156 -20.043410183433515 -19.499194562681197 -20.674269227487283 -20.32194035271484 -18.155166923544712 -20.82668063895511 -19.910186725861667 -20.4962226124975 -20.682963550340393 -20.86732367967045 -20.405648535874757 -20.322502985133752
13.346693386773547 -19.60660117172388 -20.675437525944673 -20.32449117342347 -20.228221883151782 -20.86444451946848 -20.810965561481574 -19.067787863056058 -18.995481262257883 -16.07416353341341 -17.448335640331436 -15.734703991569411 -19.99800190982586 -19.122202599122268 -21.182182561396196 -20.633380624706465 -18.976420994444585 -20.04224639711525 -19.4962948783564 -20.67588903889373 -20.321928999606556 -18.148222592986514 -20.829503730092966 -19.908816814888368 -20.497028510623263 -20.6884325467219 -20.87180057328121 -20.41177471187426 -20.32324470051007
13.40681362725451 -19.597388332468206 -20.67267808767335 -20.319204706786085 -20.22302419219315 -20.864168793957543 -20.809728202203885 -19.056424162413396 -18.97892530397833 -16.04511644941676 -17.426882830307484 -15.709775456869298 -19.990667026906188 -19.11111855014099 -21.180138850670193 -20.628816613637515 -18.960771802481606 -20.035137774064818 -19.48651682011045 -20.673062666449624 -20.316593060698196 -18.13222224182052 -20.828528963546162 -19.901393444265363 -20.492951016070684 -20.69152990248527 -20.873370968013152 -20.415883556203372 -20.319073869676263
13.46693386773547 -19.561293050650868 -20.65216869047708 -20.292590207883023 -20.196647088964195 -20.849662753005358 -20.792897332775766 -19.01513083839551 -18.925094317071967 -15.961146862260772 -17.36132715949468 -15.63593897807323 -19.959101311760136 -19.070504228560136 -21.161359698370507 -20.603950755061 -18.909128445213323 -20.004121160036107 -19.44905635726121 -20.65239149355243 -20.289858034861332 -18.079729037913346 -20.812333541539125 -19.869628172754457 -20.469262233798755 -20.68518076206702 -20.86332923709021 -20.411980529030696 -20.295186518398225
13.527054108216433 -19.539960510509236 -20.641387261738835 -20.27767426481912 -20.18191026101473 -20.84294926070175 -20.784608131914712 -18.990276663608434 -18.891754431045236 -15.907427487772829 -17.32013218702571 -15.58922907980547 -19.94083035538771 -19.04611261594081 -21.15175091677096 -20.590221644482877 -18.877267644424418 -19.986224058580536 -19.426799556663923 -20.641500452196055 -20.274859660156856 -18.04729151550294 -20.80447551998752 -19.851233475161933 -20.456331620149495 -20.6839975855477 -20.859642476546654 -20.412455882886228 -20.28214296336623
