web/models/kne.last_good/kappa_0.5_3.0.v1/30/villar_0.4064_0.3120_0.5000.dat
# %ECSV 1.0
# ---
# datatype:
# - {name: time, datatype: float64}
# - {name: swift_uvot_uvw2, datatype: float64}
# - {name: swift_uvot_uvm2, datatype: float64}
# - {name: swift_uvot_uvw1, datatype: float64}
# - {name: swift_uvot_U, datatype: float64}
# - {name: swift_uvot_B, datatype: float64}
# - {name: swift_uvot_V, datatype: float64}
# - {name: swift_uvot_W, datatype: float64}
# - {name: johnson_U, datatype: float64}
# - {name: johnson_B, datatype: float64}
# - {name: johnson_V, datatype: float64}
# - {name: johnson_R, datatype: float64}
# - {name: johnson_I, datatype: float64}
# - {name: sdss_u, datatype: float64}
# - {name: sdss_g, datatype: float64}
# - {name: sdss_r, datatype: float64}
# - {name: sdss_i, datatype: float64}
# - {name: sdss_z, datatype: float64}
# - {name: PS1_g, datatype: float64}
# - {name: PS1_r, datatype: float64}
# - {name: PS1_i, datatype: float64}
# - {name: PS1_z, datatype: float64}
# - {name: PS1_Y, datatype: float64}
# - {name: PS1_w, datatype: float64}
# - {name: ATLAS_c, datatype: float64}
# - {name: ATLAS_o, datatype: float64}
# - {name: ukirt_J, datatype: float64}
# - {name: ukirt_H, datatype: float64}
# - {name: ukirt_K, datatype: float64}
# - {name: Clear, datatype: float64}
# meta: !!omap
# - comment: [kappa = 0.5, type = villar, mass = 0.4064473885499596, velocity = 0.312, theta_obs = 0.0]
# schema: astropy-2.0
time swift_uvot_uvw2 swift_uvot_uvm2 swift_uvot_uvw1 swift_uvot_U swift_uvot_B swift_uvot_V swift_uvot_W johnson_U johnson_B johnson_V johnson_R johnson_I sdss_u sdss_g sdss_r sdss_i sdss_z PS1_g PS1_r PS1_i PS1_z PS1_Y PS1_w ATLAS_c ATLAS_o ukirt_J ukirt_H ukirt_K Clear
[from data line 279]
4.07684 -11.979 -10.276 -12.331 -14.294 -15.705 -16.669 -14.855 -14.552 -15.736 -16.701 -17.331 -17.719 -14.468 -16.09 -17.079 -17.517 -17.76 -16.277 -17.107 -17.54 -17.747 -17.882 -17.073 -16.595 -17.296 -17.909 -17.803 -17.527 -17.059
4.200141 -11.922 -10.007 -12.138 -14.125 -15.581 -16.581 -14.748 -14.391 -15.615 -16.615 -17.275 -17.686 -14.302 -15.981 -17.01 -17.469 -17.729 -16.177 -17.038 -17.493 -17.714 -17.859 -17.009 -16.508 -17.239 -17.903 -17.81 -17.544 -17.001
4.327172 -11.867 -9.726 -11.935 -13.943 -15.448 -16.485 -14.634 -14.218 -15.484 -16.522 -17.213 -17.649 -14.125 -15.864 -16.933 -17.416 -17.694 -16.07 -16.964 -17.441 -17.676 -17.831 -16.94 -16.413 -17.175 -17.893 -17.815 -17.559 -16.937
4.458044 -11.813 -9.43 -11.722 -13.749 -15.305 -16.381 -14.512 -14.033 -15.343 -16.42 -17.145 -17.606 -13.935 -15.737 -16.849 -17.358 -17.654 -15.955 -16.882 -17.384 -17.634 -17.799 -16.864 -16.311 -17.105 -17.88 -17.817 -17.573 -16.868
4.592874 -11.759 -9.122 -11.497 -13.541 -15.151 -16.268 -14.381 -13.834 -15.192 -16.309 -17.07 -17.558 -13.732 -15.6 -16.757 -17.292 -17.609 -15.831 -16.792 -17.32 -17.586 -17.762 -16.782 -16.2 -17.028 -17.864 -17.815 -17.584 -16.793
4.731783 -11.706 -8.801 -11.259 -13.319 -14.984 -16.145 -14.242 -13.622 -15.029 -16.189 -16.988 -17.504 -13.515 -15.453 -16.657 -17.22 -17.558 -15.697 -16.695 -17.249 -17.532 -17.72 -16.691 -16.08 -16.944 -17.843 -17.811 -17.592 -16.712
4.874892 -11.653 -8.47 -11.009 -13.08 -14.806 -16.011 -14.093 -13.394 -14.853 -16.058 -16.898 -17.444 -13.281 -15.293 -16.547 -17.14 -17.5 -15.554 -16.588 -17.17 -17.471 -17.672 -16.593 -15.95 -16.851 -17.817 -17.803 -17.598 -16.624
5.02233 -11.6 -8.131 -10.745 -12.825 -14.613 -15.866 -13.934 -13.149 -14.664 -15.917 -16.799 -17.377 -13.031 -15.121 -16.428 -17.052 -17.435 -15.4 -16.472 -17.084 -17.403 -17.618 -16.486 -15.809 -16.749 -17.787 -17.791 -17.602 -16.529
5.174227 -11.545 -7.79 -10.467 -12.55 -14.404 -15.708 -13.764 -12.886 -14.46 -15.763 -16.69 -17.302 -12.761 -14.935 -16.298 -16.954 -17.363 -15.234 -16.346 -16.988 -17.327 -17.557 -16.369 -15.656 -16.638 -17.751 -17.776 -17.602 -16.426
5.330718 -11.488 -7.454 -10.173 -12.255 -14.18 -15.537 -13.582 -12.603 -14.24 -15.596 -16.571 -17.218 -12.471 -14.734 -16.155 -16.847 -17.283 -15.057 -16.208 -16.883 -17.244 -17.488 -16.242 -15.491 -16.517 -17.709 -17.755 -17.598 -16.315
5.491942 -11.428 -7.13 -9.862 -11.937 -13.937 -15.351 -13.388 -12.298 -14.002 -15.414 -16.441 -17.126 -12.159 -14.517 -16.0 -16.729 -17.194 -14.867 -16.057 -16.767 -17.15 -17.412 -16.104 -15.311 -16.384 -17.661 -17.73 -17.591 -16.196
5.658042 -11.365 -6.83 -9.534 -11.595 -13.675 -15.149 -13.179 -11.97 -13.745 -15.217 -16.299 -17.024 -11.823 -14.281 -15.83 -16.599 -17.095 -14.665 -15.894 -16.64 -17.047 -17.326 -15.953 -15.117 -16.238 -17.606 -17.7 -17.58 -16.067
5.829166 -11.299 -6.562 -9.187 -11.226 -13.391 -14.929 -12.956 -11.616 -13.467 -15.002 -16.143 -16.911 -11.461 -14.026 -15.645 -16.457 -16.985 -14.449 -15.716 -16.501 -16.933 -17.232 -15.789 -14.905 -16.079 -17.544 -17.664 -17.565 -15.928
6.005465 -11.227 -6.33 -8.819 -10.828 -13.083 -14.689 -12.716 -11.234 -13.166 -14.768 -15.973 -16.786 -11.069 -13.749 -15.443 -16.3 -16.863 -14.219 -15.522 -16.347 -16.807 -17.126 -15.61 -14.676 -15.905 -17.473 -17.621 -17.545 -15.779
6.187096 -11.151 -6.135 -8.429 -10.398 -12.749 -14.428 -12.459 -10.82 -12.841 -14.514 -15.787 -16.648 -10.645 -13.449 -15.223 -16.128 -16.729 -13.977 -15.312 -16.179 -16.667 -17.009 -15.416 -14.427 -15.715 -17.393 -17.572 -17.52 -15.619
6.37422 -11.068 -5.971 -8.015 -9.932 -12.387 -14.144 -12.184 -10.372 -12.487 -14.237 -15.583 -16.496 -10.186 -13.122 -14.981 -15.939 -16.58 -13.722 -15.082 -15.994 -16.513 -16.88 -15.204 -14.156 -15.507 -17.302 -17.514 -17.489 -15.448
6.567004 -10.979 -5.829 -7.575 -9.428 -11.994 -13.833 -11.888 -9.887 -12.104 -13.934 -15.36 -16.328 -9.689 -12.767 -14.717 -15.731 -16.415 -13.456 -14.833 -15.791 -16.343 -16.737 -14.972 -13.86 -15.28 -17.201 -17.449 -17.452 -15.265
6.765619 -10.882 -5.701 -7.105 -8.88 -11.566 -13.493 -11.572 -9.36 -11.687 -13.604 -15.116 -16.143 -9.148 -12.381 -14.428 -15.502 -16.233 -13.182 -14.563 -15.568 -16.156 -16.578 -14.719 -13.539 -15.03 -17.086 -17.374 -17.408 -15.07
6.97024 -10.777 -5.578 -6.603 -8.285 -11.099 -13.122 -11.234 -8.786 -11.233 -13.243 -14.848 -15.938 -8.56 -11.959 -14.111 -15.249 -16.031 -12.901 -14.27 -15.324 -15.948 -16.403 -14.443 -13.188 -14.757 -16.959 -17.288 -17.356 -14.863
7.181051 -10.663 -5.455 -6.065 -7.636 -10.59 -12.715 -10.872 -8.162 -10.739 -12.848 -14.554 -15.713 -7.92 -11.499 -13.763 -14.972 -15.808 -12.619 -13.953 -15.055 -15.72 -16.21 -14.14 -12.805 -14.457 -16.815 -17.191 -17.296 -14.643
7.398237 -10.538 -5.326 -5.487 -6.929 -10.034 -12.269 -10.487 -7.48 -10.199 -12.415 -14.231 -15.464 -7.221 -10.996 -13.381 -14.665 -15.562 -12.339 -13.611 -14.76 -15.467 -15.996 -13.809 -12.386 -14.128 -16.655 -17.081 -17.226 -14.411
7.621991 -10.402 -5.188 -4.865 -6.157 -9.425 -11.779 -10.079 -6.735 -9.609 -11.94 -13.876 -15.188 -6.457 -10.445 -12.96 -14.327 -15.288 -12.065 -13.245 -14.436 -15.188 -15.76 -13.446 -11.927 -13.766 -16.475 -16.956 -17.146 -14.166
7.852513 -10.254 -5.038 -4.193 -5.312 -8.757 -11.239 -9.65 -5.919 -8.964 -11.418 -13.486 -14.883 -5.62 -9.84 -12.497 -13.953 -14.985 -11.8 -12.854 -14.081 -14.88 -15.5 -13.047 -11.424 -13.368 -16.274 -16.816 -17.053 -13.911
8.090007 -10.091 -4.875 -3.466 -4.384 -8.024 -10.644 -9.203 -5.024 -8.256 -10.844 -13.056 -14.546 -4.702 -9.176 -11.985 -13.539 -14.648 -11.545 -12.443 -13.691 -14.539 -15.214 -12.608 -10.871 -12.929 -16.049 -16.657 -16.948 -13.644
8.334684 -9.913 -4.697 -2.675 -3.365 -7.216 -9.988 -8.746 -4.039 -7.478 -10.21 -12.581 -14.172 -3.692 -8.444 -11.42 -13.08 -14.274 -11.298 -12.015 -13.266 -14.163 -14.899 -12.124 -10.262 -12.444 -15.797 -16.477 -16.827 -13.368
8.586761 -9.718 -4.502 -1.814 -2.241 -6.325 -9.261 -8.286 -2.954 -6.622 -9.511 -12.057 -13.757 -2.579 -7.636 -10.794 -12.571 -13.857 -11.054 -11.579 -12.803 -13.748 -14.553 -11.589 -9.591 -11.909 -15.513 -16.275 -16.69 -13.083
8.846461 -9.503 -4.287 -0.873 -1.001 -5.34 -8.456 -7.834 -1.755 -5.678 -8.738 -11.476 -13.295 -1.349 -6.743 -10.1 -12.004 -13.393 -10.808 -11.145 -12.303 -13.291 -14.174 -10.998 -8.848 -11.315 -15.195 -16.046 -16.534 -12.788
9.114017 -9.266 -4.051 0.157 0.373 -4.249 -7.56 -7.4 -0.428 -4.635 -7.88 -10.832 -12.782 0.014 -5.753 -9.327 -11.372 -12.874 -10.553 -10.72 -11.767 -12.79 -13.762 -10.342 -8.025 -10.657 -14.838 -15.787 -16.355 -12.482
9.389664 -9.005 -3.79 1.29 1.898 -3.036 -6.563 -6.986 1.047 -3.479 -6.927 -10.117 -12.209 1.527 -4.653 -8.466 -10.666 -12.294 -10.281 -10.312 -11.204 -12.243 -13.316 -9.612 -7.111 -9.924 -14.435 -15.494 -16.152 -12.165
9.673648 -8.716 -3.501 2.538 3.597 -1.685 -5.449 -6.591 2.689 -2.194 -5.866 -9.321 -11.57 3.212 -3.426 -7.504 -9.876 -11.643 -9.986 -9.918 -10.622 -11.651 -12.837 -8.799 -6.093 -9.107 -13.98 -15.162 -15.92 -11.833
9.966221 -8.396 -3.18 3.918 5.494 -0.176 -4.201 -6.203 4.523 -0.764 -4.682 -8.433 -10.854 5.094 -2.056 -6.426 -8.989 -10.912 -9.663 -9.53 -10.039 -11.02 -12.328 -7.891 -4.955 -8.194 -13.466 -14.785 -15.655 -11.48
10.267642 -8.039 -2.823 5.451 7.62 1.516 -2.8 -5.807 6.579 0.833 -3.358 -7.439 -10.052 7.203 -0.52 -5.215 -7.991 -10.089 -9.305 -9.135 -9.468 -10.362 -11.793 -6.872 -3.68 -7.17 -12.884 -14.356 -15.351 -11.101
10.57818 -7.641 -2.425 7.159 10.011 3.418 -1.22 -5.388 8.889 2.623 -1.872 -6.325 -9.15 9.573 1.209 -3.85 -6.864 -9.16 -8.907 -8.716 -8.915 -9.691 -11.237 -5.726 -2.246 -6.019 -12.222 -13.868 -15.004 -10.688
10.89811 -7.194 -1.979 9.072 12.708 5.564 0.564 -4.932 11.496 4.635 -0.2 -5.073 -8.134 12.247 3.159 -2.307 -5.589 -8.108 -8.46 -8.261 -8.371 -9.024 -10.662 -4.432 -0.628 -4.72 -11.468 -13.309 -14.605 -10.233
11.227716 -6.692 -1.476 11.224 15.765 7.995 2.589 -4.426 14.447 6.905 1.685 -3.661 -6.987 15.275 5.368 -0.556 -4.14 -6.914 -7.957 -7.754 -7.815 -8.366 -10.065 -2.966 1.206 -3.249 -10.607 -12.67 -14.145 -9.726
11.56729 -6.124 -0.909 13.657 19.241 10.759 4.895 -3.857 17.802 9.477 3.819 -2.063 -5.687 18.716 7.881 1.437 -2.489 -5.554 -7.39 -7.186 -7.222 -7.703 -9.434 -1.299 3.291 -1.578 -9.62 -11.935 -13.615 -9.156
11.917135 -5.48 -0.265 16.424 23.213 13.916 7.53 -3.212 21.632 12.403 6.242 -0.25 -4.211 22.644 10.751 3.717 -0.6 -4.001 -6.746 -6.541 -6.567 -7.009 -8.753 0.605 5.673 0.331 -8.485 -11.089 -13.001 -8.51
12.277561 -4.746 0.47 19.588 27.771 17.537 10.556 -2.477 26.023 15.747 9.002 1.816 -2.528 27.147 14.042 6.334 1.571 -2.22 -6.011 -5.807 -5.829 -6.253 -8.0 2.789 8.407 2.519 -7.174 -10.11 -12.287 -7.775
12.648887 -3.904 1.312 23.227 33.027 21.71 14.045 -1.635 31.08 19.586 12.161 4.178 -0.603 32.333 17.835 9.352 4.075 -0.173 -5.169 -4.965 -4.986 -5.403 -7.149 5.307 11.559 5.04 -5.654 -8.974 -11.456 -6.933
13.031444 -3.293 1.923 25.158 35.724 23.895 15.907 -1.024 33.681 21.61 13.858 5.502 0.515 34.995 19.84 10.992 5.473 1.007 -4.558 -4.354 -4.375 -4.79 -6.536 6.711 13.262 6.445 -4.719 -8.22 -10.846 -6.322
13.425571 -2.9 2.316 25.551 36.117 24.288 16.3 -0.632 34.074 22.002 14.251 5.894 0.908 35.388 20.233 11.385 5.865 1.4 -4.166 -3.961 -3.982 -4.398 -6.143 7.103 13.655 6.838 -4.327 -7.827 -10.453 -5.929
13.831619 -2.483 2.733 25.968 36.534 24.705 16.717 -0.215 34.49 22.419 14.668 6.311 1.325 35.804 20.65 11.802 6.282 1.817 -3.749 -3.544 -3.565 -3.981 -5.727 7.52 14.072 7.255 -3.91 -7.41 -10.036 -5.512
14.249947 -2.04 3.175 26.41 36.976 25.148 17.159 0.228 34.933 22.862 15.111 6.754 1.767 36.247 21.093 12.245 6.725 2.259 -3.306 -3.101 -3.123 -3.538 -5.284 7.963 14.514 7.698 -3.467 -6.968 -9.594 -5.07
14.680926 -1.571 3.645 26.88 37.446 25.617 17.629 0.698 35.403 23.332 15.58 7.224 2.237 36.717 21.562 12.714 7.195 2.729 -2.836 -2.632 -2.653 -3.068 -4.814 8.433 14.984 8.167 -2.997 -6.498 -9.124 -4.6
15.124941 -1.072 4.144 27.378 37.944 26.116 18.128 1.196 35.901 23.83 16.079 7.722 2.735 37.215 22.061 13.213 7.693 3.228 -2.338 -2.133 -2.154 -2.57 -4.316 8.931 15.483 8.666 -2.499 -5.999 -8.625 -4.102
15.582385 -0.543 4.673 27.908 38.474 26.645 18.657 1.725 36.431 24.359 16.608 8.251 3.265 37.745 22.59 13.742 8.222 3.757 -1.809 -1.604 -1.625 -2.041 -3.786 9.46 16.012 9.195 -1.97 -5.47 -8.096 -3.572
16.053663 0.019 5.234 28.469 39.035 27.207 19.218 2.287 36.992 24.921 17.17 8.813 3.826 38.306 23.152 14.304 8.784 4.319 -1.247 -1.042 -1.064 -1.479 -3.225 10.022 16.574 9.757 -1.408 -4.909 -7.534 -3.011
16.539195 0.615 5.831 29.065 39.632 27.803 19.815 2.883 37.588 25.517 17.766 9.409 4.422 38.902 23.748 14.9 9.38 4.915 -0.651 -0.446 -0.467 -0.883 -2.629 10.618 17.17 10.353 -0.812 -4.312 -6.938 -2.415
17.039412 1.248 6.463 29.698 40.264 28.436 20.447 3.516 38.221 26.15 18.399 10.042 5.055 39.535 24.381 15.533 10.013 5.548 -0.018 0.187 0.165 -0.25 -1.996 11.251 17.803 10.986 -0.179 -3.68 -6.305 -1.782
17.554757 1.919 7.135 30.37 40.936 29.107 21.119 4.188 38.893 26.822 19.07 10.714 5.727 40.207 25.052 16.205 10.685 6.219 0.654 0.859 0.837 0.422 -1.324 11.923 18.474 11.658 0.493 -3.008 -5.634 -1.11
18.085689 2.632 7.848 31.083 41.649 29.82 21.832 4.901 39.606 27.535 19.783 11.427 6.44 40.92 25.765 16.917 11.398 6.932 1.367 1.571 1.55 1.135 -0.611 12.636 19.187 12.37 1.206 -2.295 -4.921 -0.397
18.632678 3.389 8.605 31.839 42.406 30.577 22.589 5.657 40.362 28.291 20.54 12.183 7.196 41.676 26.522 17.674 12.154 7.689 2.123 2.328 2.307 1.891 0.145 13.392 19.944 13.127 1.962 -1.538 -4.164 0.359
19.196211 4.192 9.408 32.643 43.209 31.38 23.392 6.46 41.165 29.094 21.343 12.986 8.0 42.48 27.325 18.477 12.957 8.492 2.926 3.131 3.11 2.694 0.949 14.195 20.747 13.93 2.765 -0.735 -3.361 1.163
19.776787 5.044 10.26 33.495 44.061 32.232 24.244 7.313 42.018 29.947 22.195 13.839 8.852 43.332 28.177 19.33 13.81 9.344 3.779 3.984 3.962 3.547 1.801 15.048 21.599 14.783 3.618 0.117 -2.509 2.015
20.374923 5.949 11.165 34.4 44.966 33.137 25.149 8.218 42.923 30.852 23.1 14.744 9.757 44.237 29.082 20.234 14.715 10.249 4.684 4.888 4.867 4.452 2.706 15.953 22.504 15.687 4.523 1.022 -1.604 2.92
20.991149 6.91 12.125 35.36 45.926 34.098 26.109 9.178 43.883 31.812 24.061 15.704 10.717 45.197 30.043 21.195 15.675 11.209 5.644 5.849 5.827 5.412 3.666 16.913 23.464 16.648 5.483 1.982 -0.644 3.88
21.626011 7.929 13.145 36.379 46.946 35.117 27.129 10.197 44.902 32.831 25.08 16.723 11.736 46.216 31.062 22.214 16.694 12.229 6.663 6.868 6.847 6.431 4.685 17.932 24.484 17.667 6.502 3.002 0.376 4.899
22.280075 9.011 14.226 37.461 48.027 36.199 28.211 11.279 45.984 33.913 26.162 17.805 12.818 47.298 32.144 23.296 17.776 13.311 7.745 7.95 7.928 7.513 5.767 19.014 25.566 18.749 7.584 4.083 1.458 5.981
22.953921 10.159 15.375 38.61 49.176 37.347 29.359 12.428 47.133 35.061 27.31 18.954 13.967 48.447 33.292 24.444 18.925 14.459 8.894 9.098 9.077 8.661 6.916 20.163 26.714 19.897 8.732 5.232 2.606 7.13
23.648147 11.378 16.594 39.828 50.395 38.566 30.578 13.646 48.351 36.28 28.529 20.172 15.185 49.665 34.511 25.663 20.143 15.678 10.112 10.317 10.296 9.88 8.134 21.381 27.933 21.116 9.951 6.451 3.825 8.348
24.363369 12.672 17.887 41.122 51.688 39.86 31.871 14.94 49.645 37.574 29.823 21.466 16.479 50.959 35.805 26.957 21.437 16.971 11.406 11.611 11.589 11.174 9.428 22.675 29.227 22.41 11.245 7.744 5.118 9.642
25.100222 14.045 19.26 42.495 53.061 41.233 33.244 16.313 51.018 38.947 31.196 22.839 17.852 52.332 37.178 28.33 22.81 18.345 12.779 12.984 12.962 12.547 10.801 24.048 30.6 23.783 12.618 9.117 6.492 11.015
25.859362 15.502 20.718 43.953 54.519 42.69 34.702 17.771 52.476 40.404 32.653 24.297 19.31 53.79 38.635 29.787 24.268 19.802 14.237 14.441 14.42 14.005 12.259 25.506 32.057 25.24 14.076 10.575 7.949 12.473
26.64146 17.049 22.265 45.5 56.066 44.237 36.249 19.317 54.023 41.951 34.2 25.843 20.857 55.337 40.182 31.334 25.814 21.349 15.783 15.988 15.967 15.551 13.806 27.052 33.604 26.787 15.622 12.122 9.496 14.02
27.447213 18.691 23.907 47.141 57.708 45.879 37.891 20.959 55.664 43.593 35.842 27.485 22.498 56.978 41.824 32.976 27.456 22.991 17.425 17.63 17.609 17.193 15.447 28.694 35.246 28.429 17.264 13.764 11.138 15.662
28.277335 20.434 25.649 48.884 59.45 47.622 39.633 22.702 57.407 45.336 37.585 29.228 24.241 58.721 43.567 34.719 29.199 24.734 19.168 19.373 19.351 18.936 17.19 30.437 36.989 30.172 19.007 15.506 12.881 17.404
29.132564 22.283 27.499 50.734 61.3 49.471 41.483 24.552 59.257 47.186 39.434 31.078 26.091 60.571 45.416 36.569 31.049 26.583 21.018 21.223 21.201 20.786 19.04 32.287 38.838 32.022 20.857 17.356 14.73 19.254
30.013659 24.247 29.462 52.697 63.263 51.435 43.446 26.515 61.22 49.149 41.398 33.041 28.054 62.534 47.38 38.532 33.012 28.547 22.981 23.186 23.164 22.749 21.003 34.25 40.802 33.985 22.82 19.319 16.694 21.217
30.921401 26.331 31.546 54.781 65.347 53.519 45.53 28.599 63.304 51.233 43.482 35.125 30.138 64.618 49.464 40.616 35.096 30.63 25.065 25.27 25.248 24.833 23.087 36.334 42.886 36.069 24.904 21.403 18.777 23.301
31.856598 28.542 33.758 56.993 67.559 55.73 47.742 30.811 65.516 53.445 45.693 37.337 32.35 66.83 51.675 42.828 37.308 32.842 27.277 27.482 27.46 27.045 25.299 38.546 45.097 38.281 27.116 23.615 20.989 25.513
32.820079 30.89 36.106 59.341 69.907 58.078 50.09 33.158 67.864 55.792 48.041 39.684 34.698 69.178 54.023 45.175 39.655 35.19 29.624 29.829 29.808 29.392 27.647 40.893 47.445 40.628 29.463 25.963 23.337 27.861
33.8127 33.382 38.597 61.832 72.398 60.57 52.582 35.65 70.355 58.284 50.533 42.176 37.189 71.669 56.515 47.667 42.147 37.682 32.116 32.321 32.299 31.884 30.138 43.385 49.937 43.12 31.955 28.455 25.829 30.352
34.835342 36.027 41.242 64.477 75.043 63.215 55.226 38.295 73.0 60.929 53.178 44.821 39.834 74.314 59.16 50.312 44.792 40.326 34.761 34.966 34.944 34.529 32.783 46.03 52.582 45.765 34.6 31.099 28.473 32.997
