web/models/kne.last_good/kappa_0.5_3.0.v1/30/villar_0.0035_0.1083_3.0000.dat
# %ECSV 1.0
# ---
# datatype:
# - {name: time, datatype: float64}
# - {name: swift_uvot_uvw2, datatype: float64}
# - {name: swift_uvot_uvm2, datatype: float64}
# - {name: swift_uvot_uvw1, datatype: float64}
# - {name: swift_uvot_U, datatype: float64}
# - {name: swift_uvot_B, datatype: float64}
# - {name: swift_uvot_V, datatype: float64}
# - {name: swift_uvot_W, datatype: float64}
# - {name: johnson_U, datatype: float64}
# - {name: johnson_B, datatype: float64}
# - {name: johnson_V, datatype: float64}
# - {name: johnson_R, datatype: float64}
# - {name: johnson_I, datatype: float64}
# - {name: sdss_u, datatype: float64}
# - {name: sdss_g, datatype: float64}
# - {name: sdss_r, datatype: float64}
# - {name: sdss_i, datatype: float64}
# - {name: sdss_z, datatype: float64}
# - {name: PS1_g, datatype: float64}
# - {name: PS1_r, datatype: float64}
# - {name: PS1_i, datatype: float64}
# - {name: PS1_z, datatype: float64}
# - {name: PS1_Y, datatype: float64}
# - {name: PS1_w, datatype: float64}
# - {name: ATLAS_c, datatype: float64}
# - {name: ATLAS_o, datatype: float64}
# - {name: ukirt_J, datatype: float64}
# - {name: ukirt_H, datatype: float64}
# - {name: ukirt_K, datatype: float64}
# - {name: Clear, datatype: float64}
# meta: !!omap
# - comment: [kappa = 3.0, type = villar, mass = 0.003465724215782086, velocity = 0.10833333333333334, theta_obs = 0.0]
# schema: astropy-2.0
time swift_uvot_uvw2 swift_uvot_uvm2 swift_uvot_uvw1 swift_uvot_U swift_uvot_B swift_uvot_V swift_uvot_W johnson_U johnson_B johnson_V johnson_R johnson_I sdss_u sdss_g sdss_r sdss_i sdss_z PS1_g PS1_r PS1_i PS1_z PS1_Y PS1_w ATLAS_c ATLAS_o ukirt_J ukirt_H ukirt_K Clear
[from data line 152]
0.092665 -10.074 -10.326 -10.555 -10.913 -10.95 -10.863 -10.626 -10.928 -10.948 -10.856 -10.67 -10.398 -10.928 -10.929 -10.766 -10.574 -10.357 -10.93 -10.775 -10.583 -10.423 -10.343 -10.759 -10.87 -10.685 -9.857 -9.405 -8.853 -10.774
0.095467 -10.08 -10.337 -10.572 -10.941 -10.984 -10.902 -10.65 -10.957 -10.982 -10.896 -10.712 -10.443 -10.957 -10.965 -10.807 -10.618 -10.403 -10.966 -10.817 -10.627 -10.468 -10.388 -10.799 -10.909 -10.727 -9.906 -9.455 -8.904 -10.814
0.098355 -10.085 -10.347 -10.588 -10.969 -11.018 -10.941 -10.674 -10.986 -11.016 -10.935 -10.755 -10.489 -10.986 -11.001 -10.849 -10.662 -10.449 -11.003 -10.858 -10.671 -10.513 -10.434 -10.839 -10.947 -10.769 -9.954 -9.505 -8.955 -10.853
0.101329 -10.09 -10.356 -10.604 -10.996 -11.052 -10.979 -10.697 -11.015 -11.05 -10.973 -10.797 -10.534 -11.014 -11.036 -10.889 -10.706 -10.495 -11.039 -10.898 -10.714 -10.558 -10.479 -10.879 -10.985 -10.812 -10.003 -9.555 -9.006 -10.892
0.104394 -10.094 -10.364 -10.62 -11.023 -11.086 -11.018 -10.72 -11.043 -11.084 -11.012 -10.839 -10.579 -11.042 -11.072 -10.93 -10.749 -10.54 -11.075 -10.939 -10.758 -10.603 -10.524 -10.919 -11.022 -10.853 -10.051 -9.605 -9.057 -10.931
0.107551 -10.098 -10.373 -10.635 -11.049 -11.119 -11.056 -10.743 -11.07 -11.117 -11.05 -10.881 -10.624 -11.069 -11.107 -10.971 -10.792 -10.585 -11.111 -10.979 -10.801 -10.648 -10.569 -10.959 -11.059 -10.895 -10.099 -9.655 -9.108 -10.97
0.110804 -10.101 -10.38 -10.649 -11.076 -11.152 -11.094 -10.765 -11.098 -11.15 -11.088 -10.923 -10.669 -11.096 -11.142 -11.011 -10.836 -10.631 -11.146 -11.02 -10.844 -10.692 -10.614 -10.998 -11.097 -10.937 -10.147 -9.704 -9.159 -11.008
0.114155 -10.103 -10.387 -10.663 -11.101 -11.185 -11.132 -10.788 -11.125 -11.183 -11.126 -10.964 -10.713 -11.123 -11.176 -11.051 -10.879 -10.676 -11.181 -11.06 -10.887 -10.737 -10.659 -11.037 -11.134 -10.978 -10.195 -9.754 -9.21 -11.047
0.117608 -10.105 -10.393 -10.677 -11.127 -11.217 -11.17 -10.81 -11.151 -11.215 -11.164 -11.005 -10.758 -11.149 -11.21 -11.091 -10.921 -10.721 -11.216 -11.1 -10.93 -10.781 -10.704 -11.076 -11.17 -11.019 -10.243 -9.803 -9.261 -11.085
0.121165 -10.106 -10.399 -10.69 -11.152 -11.249 -11.207 -10.831 -11.178 -11.247 -11.202 -11.047 -10.802 -11.175 -11.244 -11.131 -10.964 -10.765 -11.251 -11.139 -10.972 -10.825 -10.749 -11.115 -11.207 -11.06 -10.291 -9.853 -9.311 -11.123
0.124829 -10.107 -10.404 -10.702 -11.176 -11.281 -11.244 -10.852 -11.204 -11.279 -11.239 -11.088 -10.846 -11.201 -11.278 -11.17 -11.007 -10.81 -11.285 -11.179 -11.015 -10.869 -10.794 -11.154 -11.243 -11.101 -10.339 -9.902 -9.362 -11.16
0.128605 -10.107 -10.408 -10.714 -11.201 -11.312 -11.281 -10.873 -11.229 -11.31 -11.276 -11.128 -10.89 -11.226 -11.311 -11.21 -11.049 -10.855 -11.319 -11.218 -11.057 -10.913 -10.838 -11.192 -11.279 -11.141 -10.386 -9.952 -9.413 -11.198
0.132494 -10.107 -10.412 -10.725 -11.224 -11.343 -11.318 -10.894 -11.254 -11.342 -11.312 -11.169 -10.934 -11.251 -11.344 -11.249 -11.091 -10.899 -11.353 -11.257 -11.099 -10.957 -10.883 -11.23 -11.314 -11.182 -10.434 -10.001 -9.463 -11.235
0.136502 -10.105 -10.414 -10.736 -11.248 -11.374 -11.354 -10.915 -11.279 -11.372 -11.349 -11.209 -10.978 -11.275 -11.377 -11.287 -11.133 -10.943 -11.386 -11.296 -11.141 -11.001 -10.927 -11.268 -11.35 -11.222 -10.481 -10.05 -9.514 -11.272
0.14063 -10.104 -10.417 -10.747 -11.271 -11.405 -11.39 -10.935 -11.303 -11.403 -11.385 -11.25 -11.022 -11.299 -11.409 -11.326 -11.175 -10.987 -11.42 -11.334 -11.183 -11.044 -10.971 -11.306 -11.385 -11.262 -10.529 -10.099 -9.564 -11.309
0.144883 -10.101 -10.418 -10.756 -11.293 -11.435 -11.426 -10.954 -11.327 -11.433 -11.421 -11.29 -11.065 -11.323 -11.441 -11.365 -11.217 -11.031 -11.453 -11.373 -11.224 -11.088 -11.015 -11.343 -11.42 -11.301 -10.576 -10.148 -9.615 -11.346
0.149265 -10.098 -10.419 -10.765 -11.315 -11.464 -11.461 -10.974 -11.35 -11.463 -11.457 -11.329 -11.109 -11.346 -11.473 -11.403 -11.258 -11.075 -11.485 -11.411 -11.266 -11.131 -11.059 -11.381 -11.454 -11.341 -10.623 -10.197 -9.665 -11.382
0.15378 -10.094 -10.419 -10.774 -11.337 -11.494 -11.497 -10.993 -11.373 -11.492 -11.492 -11.369 -11.152 -11.368 -11.505 -11.441 -11.299 -11.119 -11.517 -11.449 -11.307 -11.174 -11.103 -11.418 -11.488 -11.38 -10.67 -10.246 -9.715 -11.418
0.15843 -10.09 -10.419 -10.782 -11.358 -11.523 -11.532 -11.012 -11.395 -11.521 -11.527 -11.408 -11.195 -11.391 -11.536 -11.478 -11.34 -11.162 -11.549 -11.486 -11.348 -11.217 -11.146 -11.454 -11.522 -11.419 -10.717 -10.294 -9.765 -11.454
0.163222 -10.084 -10.418 -10.789 -11.378 -11.551 -11.566 -11.03 -11.417 -11.55 -11.562 -11.448 -11.238 -11.412 -11.567 -11.516 -11.381 -11.206 -11.581 -11.524 -11.389 -11.26 -11.19 -11.491 -11.556 -11.458 -10.764 -10.343 -9.815 -11.489
0.168159 -10.078 -10.416 -10.796 -11.398 -11.58 -11.601 -11.048 -11.439 -11.578 -11.596 -11.486 -11.28 -11.433 -11.597 -11.553 -11.422 -11.249 -11.612 -11.561 -11.43 -11.302 -11.233 -11.527 -11.589 -11.497 -10.811 -10.392 -9.866 -11.525
0.173245 -10.072 -10.413 -10.802 -11.418 -11.607 -11.635 -11.066 -11.46 -11.606 -11.631 -11.525 -11.323 -11.454 -11.627 -11.59 -11.462 -11.292 -11.643 -11.598 -11.47 -11.344 -11.277 -11.563 -11.622 -11.535 -10.857 -10.44 -9.916 -11.56
0.178484 -10.065 -10.409 -10.808 -11.437 -11.635 -11.669 -11.083 -11.481 -11.634 -11.665 -11.564 -11.365 -11.474 -11.657 -11.626 -11.503 -11.335 -11.674 -11.634 -11.51 -11.387 -11.32 -11.599 -11.655 -11.573 -10.903 -10.488 -9.965 -11.595
0.183882 -10.057 -10.405 -10.813 -11.456 -11.662 -11.702 -11.1 -11.501 -11.661 -11.698 -11.602 -11.407 -11.494 -11.686 -11.663 -11.543 -11.377 -11.704 -11.671 -11.55 -11.429 -11.363 -11.634 -11.688 -11.611 -10.95 -10.537 -10.015 -11.629
0.189444 -10.048 -10.4 -10.817 -11.474 -11.688 -11.735 -11.117 -11.52 -11.688 -11.732 -11.64 -11.449 -11.513 -11.715 -11.699 -11.582 -11.42 -11.734 -11.707 -11.59 -11.471 -11.405 -11.67 -11.72 -11.649 -10.996 -10.585 -10.065 -11.663
0.195173 -10.038 -10.394 -10.82 -11.491 -11.715 -11.768 -11.133 -11.539 -11.714 -11.764 -11.677 -11.491 -11.532 -11.744 -11.735 -11.622 -11.462 -11.763 -11.742 -11.629 -11.512 -11.448 -11.704 -11.752 -11.686 -11.042 -10.633 -10.115 -11.697
0.201076 -10.028 -10.387 -10.823 -11.508 -11.74 -11.8 -11.149 -11.558 -11.74 -11.797 -11.715 -11.532 -11.55 -11.772 -11.77 -11.661 -11.504 -11.793 -11.778 -11.669 -11.554 -11.49 -11.739 -11.783 -11.724 -11.088 -10.681 -10.164 -11.731
0.207158 -10.017 -10.379 -10.825 -11.524 -11.766 -11.833 -11.164 -11.576 -11.765 -11.829 -11.752 -11.573 -11.568 -11.8 -11.806 -11.7 -11.546 -11.821 -11.813 -11.708 -11.595 -11.533 -11.773 -11.814 -11.761 -11.134 -10.729 -10.214 -11.764
0.213423 -10.005 -10.37 -10.827 -11.54 -11.791 -11.864 -11.179 -11.593 -11.79 -11.861 -11.789 -11.615 -11.584 -11.827 -11.84 -11.739 -11.587 -11.85 -11.848 -11.747 -11.636 -11.575 -11.807 -11.845 -11.797 -11.179 -10.776 -10.263 -11.798
0.219878 -9.993 -10.361 -10.828 -11.555 -11.815 -11.896 -11.194 -11.61 -11.815 -11.893 -11.826 -11.655 -11.601 -11.854 -11.875 -11.778 -11.629 -11.878 -11.883 -11.785 -11.677 -11.617 -11.841 -11.875 -11.833 -11.225 -10.824 -10.313 -11.83
0.226528 -9.979 -10.35 -10.828 -11.57 -11.839 -11.927 -11.208 -11.626 -11.839 -11.924 -11.862 -11.696 -11.617 -11.881 -11.909 -11.816 -11.67 -11.905 -11.917 -11.824 -11.718 -11.659 -11.875 -11.905 -11.869 -11.27 -10.871 -10.362 -11.863
0.233379 -9.965 -10.339 -10.827 -11.584 -11.863 -11.958 -11.222 -11.642 -11.862 -11.955 -11.898 -11.737 -11.632 -11.907 -11.943 -11.854 -11.711 -11.932 -11.951 -11.862 -11.758 -11.7 -11.908 -11.935 -11.905 -11.315 -10.919 -10.411 -11.895
0.240437 -9.95 -10.327 -10.825 -11.597 -11.886 -11.988 -11.236 -11.657 -11.886 -11.985 -11.934 -11.777 -11.647 -11.933 -11.977 -11.892 -11.752 -11.959 -11.985 -11.9 -11.798 -11.742 -11.94 -11.964 -11.941 -11.36 -10.966 -10.46 -11.927
0.247709 -9.934 -10.313 -10.823 -11.61 -11.908 -12.018 -11.249 -11.671 -11.908 -12.016 -11.969 -11.817 -11.661 -11.958 -12.01 -11.93 -11.793 -11.985 -12.018 -11.937 -11.838 -11.783 -11.973 -11.993 -11.976 -11.405 -11.013 -10.509 -11.958
0.255201 -9.917 -10.299 -10.82 -11.622 -11.93 -12.047 -11.261 -11.685 -11.93 -12.045 -12.004 -11.856 -11.674 -11.982 -12.043 -11.967 -11.833 -12.011 -12.051 -11.974 -11.878 -11.824 -12.005 -12.021 -12.011 -11.45 -11.06 -10.558 -11.989
0.262919 -9.9 -10.284 -10.816 -11.633 -11.951 -12.076 -11.273 -11.698 -11.952 -12.074 -12.039 -11.896 -11.686 -12.007 -12.076 -12.004 -11.873 -12.036 -12.083 -12.011 -11.917 -11.864 -12.037 -12.049 -12.045 -11.494 -11.107 -10.607 -12.02
0.270871 -9.881 -10.267 -10.811 -11.644 -11.972 -12.105 -11.285 -11.71 -11.973 -12.103 -12.074 -11.935 -11.698 -12.03 -12.108 -12.04 -11.913 -12.061 -12.116 -12.048 -11.957 -11.905 -12.068 -12.077 -12.079 -11.539 -11.154 -10.656 -12.051
0.279064 -9.862 -10.25 -10.805 -11.654 -11.993 -12.133 -11.296 -11.722 -11.993 -12.132 -12.108 -11.974 -11.71 -12.054 -12.14 -12.077 -11.953 -12.086 -12.148 -12.085 -11.996 -11.945 -12.099 -12.104 -12.113 -11.583 -11.201 -10.704 -12.081
0.287504 -9.842 -10.231 -10.799 -11.663 -12.012 -12.161 -11.307 -11.733 -12.013 -12.16 -12.142 -12.013 -11.72 -12.076 -12.171 -12.113 -11.992 -12.11 -12.179 -12.121 -12.034 -11.985 -12.129 -12.13 -12.146 -11.627 -11.247 -10.753 -12.11
0.296199 -9.82 -10.212 -10.791 -11.671 -12.031 -12.188 -11.317 -11.744 -12.032 -12.187 -12.175 -12.051 -11.73 -12.098 -12.202 -12.149 -12.031 -12.133 -12.21 -12.156 -12.073 -12.025 -12.16 -12.156 -12.179 -11.671 -11.293 -10.801 -12.14
0.305157 -9.798 -10.191 -10.783 -11.679 -12.05 -12.215 -11.327 -11.753 -12.051 -12.214 -12.208 -12.089 -11.739 -12.12 -12.233 -12.184 -12.07 -12.156 -12.241 -12.192 -12.111 -12.065 -12.189 -12.182 -12.212 -11.714 -11.34 -10.849 -12.169
0.314387 -9.775 -10.169 -10.774 -11.686 -12.068 -12.241 -11.336 -11.762 -12.069 -12.241 -12.241 -12.127 -11.747 -12.141 -12.263 -12.219 -12.108 -12.178 -12.271 -12.227 -12.149 -12.104 -12.219 -12.207 -12.244 -11.758 -11.386 -10.897 -12.197
0.323895 -9.751 -10.145 -10.763 -11.692 -12.085 -12.267 -11.344 -11.77 -12.086 -12.267 -12.273 -12.165 -11.755 -12.161 -12.293 -12.254 -12.146 -12.2 -12.301 -12.262 -12.186 -12.143 -12.248 -12.232 -12.276 -11.801 -11.431 -10.945 -12.225
0.333691 -9.726 -10.121 -10.752 -11.697 -12.102 -12.292 -11.352 -11.777 -12.103 -12.292 -12.305 -12.202 -11.761 -12.181 -12.322 -12.288 -12.184 -12.221 -12.33 -12.296 -12.224 -12.182 -12.276 -12.256 -12.308 -11.844 -11.477 -10.993 -12.253
0.343783 -9.7 -10.095 -10.74 -11.701 -12.117 -12.317 -11.36 -11.783 -12.119 -12.317 -12.337 -12.239 -11.767 -12.2 -12.351 -12.322 -12.222 -12.241 -12.359 -12.33 -12.261 -12.221 -12.304 -12.28 -12.339 -11.887 -11.523 -11.041 -12.28
0.354181 -9.673 -10.068 -10.726 -11.705 -12.133 -12.341 -11.367 -11.789 -12.135 -12.341 -12.368 -12.275 -11.772 -12.219 -12.379 -12.355 -12.259 -12.261 -12.387 -12.364 -12.297 -12.259 -12.332 -12.303 -12.369 -11.929 -11.568 -11.088 -12.307
0.364893 -9.645 -10.039 -10.712 -11.707 -12.147 -12.365 -11.373 -11.793 -12.149 -12.365 -12.398 -12.311 -11.776 -12.237 -12.407 -12.388 -12.296 -12.28 -12.415 -12.397 -12.333 -12.297 -12.359 -12.325 -12.4 -11.972 -11.613 -11.136 -12.333
0.375929 -9.616 -10.009 -10.696 -11.709 -12.161 -12.388 -11.378 -11.797 -12.163 -12.388 -12.428 -12.347 -11.779 -12.254 -12.434 -12.421 -12.333 -12.299 -12.443 -12.429 -12.369 -12.335 -12.386 -12.347 -12.429 -12.014 -11.658 -11.183 -12.359
0.387298 -9.585 -9.978 -10.68 -11.709 -12.174 -12.41 -11.383 -11.8 -12.176 -12.411 -12.458 -12.383 -11.781 -12.27 -12.461 -12.453 -12.369 -12.317 -12.469 -12.462 -12.405 -12.372 -12.412 -12.368 -12.459 -12.055 -11.703 -11.23 -12.384
0.399012 -9.554 -9.945 -10.662 -11.709 -12.186 -12.432 -11.388 -11.802 -12.188 -12.433 -12.487 -12.418 -11.782 -12.286 -12.487 -12.485 -12.405 -12.334 -12.496 -12.494 -12.44 -12.409 -12.437 -12.388 -12.487 -12.097 -11.747 -11.277 -12.408
0.41108 -9.522 -9.91 -10.642 -11.707 -12.197 -12.453 -11.391 -11.802 -12.2 -12.454 -12.516 -12.452 -11.782 -12.301 -12.513 -12.516 -12.44 -12.35 -12.521 -12.525 -12.475 -12.445 -12.462 -12.408 -12.515 -12.138 -11.792 -11.324 -12.433
0.423513 -9.488 -9.874 -10.622 -11.705 -12.207 -12.473 -11.394 -11.802 -12.211 -12.475 -12.544 -12.487 -11.781 -12.315 -12.538 -12.547 -12.475 -12.366 -12.547 -12.556 -12.509 -12.482 -12.487 -12.428 -12.543 -12.179 -11.836 -11.37 -12.456
0.436321 -9.453 -9.836 -10.6 -11.701 -12.217 -12.493 -11.396 -11.801 -12.22 -12.495 -12.571 -12.521 -11.779 -12.328 -12.562 -12.578 -12.51 -12.381 -12.571 -12.587 -12.543 -12.518 -12.51 -12.446 -12.57 -12.22 -11.879 -11.417 -12.479
0.449518 -9.417 -9.797 -10.577 -11.696 -12.225 -12.512 -11.398 -11.798 -12.229 -12.514 -12.598 -12.554 -11.776 -12.341 -12.586 -12.608 -12.544 -12.395 -12.595 -12.617 -12.576 -12.553 -12.534 -12.464 -12.597 -12.26 -11.923 -11.463 -12.502
0.463113 -9.38 -9.755 -10.552 -11.69 -12.233 -12.53 -11.398 -11.794 -12.237 -12.533 -12.625 -12.587 -11.771 -12.352 -12.609 -12.637 -12.578 -12.408 -12.618 -12.646 -12.609 -12.588 -12.556 -12.481 -12.623 -12.3 -11.966 -11.509 -12.523
0.47712 -9.342 -9.712 -10.526 -11.683 -12.24 -12.547 -11.398 -11.789 -12.244 -12.55 -12.651 -12.619 -11.766 -12.363 -12.632 -12.666 -12.611 -12.42 -12.641 -12.675 -12.642 -12.623 -12.578 -12.497 -12.648 -12.34 -12.009 -11.555 -12.545
0.49155 -9.303 -9.667 -10.499 -11.674 -12.245 -12.564 -11.397 -11.783 -12.25 -12.567 -12.676 -12.651 -11.759 -12.373 -12.653 -12.694 -12.644 -12.432 -12.663 -12.703 -12.674 -12.657 -12.599 -12.512 -12.673 -12.379 -12.052 -11.6 -12.565
0.506416 -9.262 -9.62 -10.47 -11.664 -12.25 -12.579 -11.395 -11.776 -12.255 -12.583 -12.7 -12.683 -11.75 -12.381 -12.674 -12.721 -12.676 -12.442 -12.684 -12.731 -12.706 -12.691 -12.62 -12.527 -12.696 -12.418 -12.095 -11.646 -12.585
0.521733 -9.22 -9.571 -10.439 -11.652 -12.253 -12.594 -11.392 -11.767 -12.258 -12.598 -12.724 -12.713 -11.741 -12.389 -12.694 -12.748 -12.708 -12.452 -12.704 -12.758 -12.736 -12.724 -12.64 -12.541 -12.72 -12.457 -12.137 -11.691 -12.604
0.537512 -9.177 -9.52 -10.407 -11.639 -12.255 -12.608 -11.388 -11.757 -12.261 -12.613 -12.747 -12.744 -11.73 -12.396 -12.714 -12.774 -12.739 -12.46 -12.723 -12.784 -12.767 -12.757 -12.659 -12.553 -12.742 -12.495 -12.179 -11.736 -12.622
0.553769 -9.133 -9.466 -10.373 -11.625 -12.256 -12.621 -11.383 -11.745 -12.262 -12.626 -12.769 -12.773 -11.717 -12.401 -12.732 -12.8 -12.77 -12.468 -12.742 -12.81 -12.797 -12.789 -12.677 -12.565 -12.764 -12.533 -12.221 -11.78 -12.64
0.570517 -9.087 -9.41 -10.337 -11.609 -12.256 -12.633 -11.377 -11.732 -12.262 -12.638 -12.791 -12.802 -11.703 -12.406 -12.75 -12.825 -12.8 -12.474 -12.76 -12.835 -12.826 -12.821 -12.694 -12.576 -12.785 -12.57 -12.262 -11.825 -12.657
0.587772 -9.041 -9.352 -10.299 -11.591 -12.254 -12.643 -11.369 -11.717 -12.261 -12.649 -12.811 -12.831 -11.687 -12.409 -12.767 -12.849 -12.829 -12.479 -12.777 -12.859 -12.854 -12.852 -12.711 -12.585 -12.805 -12.607 -12.303 -11.869 -12.673
0.605549 -8.993 -9.291 -10.26 -11.572 -12.251 -12.653 -11.361 -11.7 -12.258 -12.659 -12.831 -12.859 -11.669 -12.411 -12.782 -12.872 -12.858 -12.483 -12.793 -12.883 -12.882 -12.883 -12.726 -12.594 -12.824 -12.643 -12.343 -11.913 -12.688
0.623863 -8.943 -9.228 -10.218 -11.551 -12.247 -12.661 -11.352 -11.682 -12.254 -12.668 -12.85 -12.886 -11.65 -12.411 -12.797 -12.894 -12.886 -12.486 -12.808 -12.905 -12.91 -12.913 -12.741 -12.601 -12.843 -12.679 -12.383 -11.956 -12.702
0.642731 -8.893 -9.162 -10.174 -11.527 -12.241 -12.669 -11.341 -11.662 -12.249 -12.676 -12.868 -12.912 -11.629 -12.41 -12.811 -12.916 -12.913 -12.487 -12.822 -12.927 -12.936 -12.942 -12.755 -12.608 -12.86 -12.715 -12.423 -11.999 -12.715
0.66217 -8.841 -9.093 -10.128 -11.502 -12.234 -12.675 -11.329 -11.64 -12.242 -12.683 -12.885 -12.938 -11.606 -12.408 -12.823 -12.937 -12.94 -12.488 -12.834 -12.948 -12.962 -12.971 -12.767 -12.612 -12.876 -12.75 -12.462 -12.042 -12.727
