web/models/kne.last_good/kappa_0.5_3.0.v1/30/villar_0.0012_0.4217_3.0000.dat
# %ECSV 1.0
# ---
# datatype:
# - {name: time, datatype: float64}
# - {name: swift_uvot_uvw2, datatype: float64}
# - {name: swift_uvot_uvm2, datatype: float64}
# - {name: swift_uvot_uvw1, datatype: float64}
# - {name: swift_uvot_U, datatype: float64}
# - {name: swift_uvot_B, datatype: float64}
# - {name: swift_uvot_V, datatype: float64}
# - {name: swift_uvot_W, datatype: float64}
# - {name: johnson_U, datatype: float64}
# - {name: johnson_B, datatype: float64}
# - {name: johnson_V, datatype: float64}
# - {name: johnson_R, datatype: float64}
# - {name: johnson_I, datatype: float64}
# - {name: sdss_u, datatype: float64}
# - {name: sdss_g, datatype: float64}
# - {name: sdss_r, datatype: float64}
# - {name: sdss_i, datatype: float64}
# - {name: sdss_z, datatype: float64}
# - {name: PS1_g, datatype: float64}
# - {name: PS1_r, datatype: float64}
# - {name: PS1_i, datatype: float64}
# - {name: PS1_z, datatype: float64}
# - {name: PS1_Y, datatype: float64}
# - {name: PS1_w, datatype: float64}
# - {name: ATLAS_c, datatype: float64}
# - {name: ATLAS_o, datatype: float64}
# - {name: ukirt_J, datatype: float64}
# - {name: ukirt_H, datatype: float64}
# - {name: ukirt_K, datatype: float64}
# - {name: Clear, datatype: float64}
# meta: !!omap
# - comment: [kappa = 3.0, type = villar, mass = 0.0012301715156502338, velocity = 0.4216666666666667, theta_obs = 0.0]
# schema: astropy-2.0
time swift_uvot_uvw2 swift_uvot_uvm2 swift_uvot_uvw1 swift_uvot_U swift_uvot_B swift_uvot_V swift_uvot_W johnson_U johnson_B johnson_V johnson_R johnson_I sdss_u sdss_g sdss_r sdss_i sdss_z PS1_g PS1_r PS1_i PS1_z PS1_Y PS1_w ATLAS_c ATLAS_o ukirt_J ukirt_H ukirt_K Clear
[from data line 219]
0.682197 -5.746 -0.531 -0.039 -1.276 -4.601 -6.996 -5.33 -1.863 -4.792 -7.163 -9.142 -10.482 -1.578 -5.641 -8.202 -9.598 -10.582 -7.367 -8.509 -9.713 -10.48 -11.068 -8.709 -7.157 -9.029 -11.802 -12.303 -12.508 -9.474
0.70283 -5.658 -0.443 0.423 -0.688 -4.141 -6.628 -5.043 -1.297 -4.348 -6.807 -8.881 -10.281 -0.997 -5.226 -7.889 -9.348 -10.383 -7.201 -8.249 -9.477 -10.278 -10.9 -8.441 -6.814 -8.762 -11.677 -12.22 -12.46 -9.311
0.724086 -5.563 -0.347 0.917 -0.054 -3.643 -6.228 -4.746 -0.685 -3.869 -6.422 -8.597 -10.063 -0.369 -4.777 -7.548 -9.076 -10.165 -7.038 -7.977 -9.222 -10.057 -10.717 -8.151 -6.444 -8.472 -11.537 -12.128 -12.405 -9.142
0.745986 -5.458 -0.242 1.446 0.63 -3.105 -5.795 -4.439 -0.025 -3.351 -6.004 -8.288 -9.824 0.308 -4.292 -7.177 -8.779 -9.927 -6.877 -7.693 -8.946 -9.817 -10.519 -7.836 -6.043 -8.157 -11.383 -12.024 -12.342 -8.965
0.768548 -5.344 -0.128 2.014 1.371 -2.522 -5.324 -4.126 0.689 -2.79 -5.551 -7.953 -9.563 1.042 -3.765 -6.774 -8.455 -9.665 -6.718 -7.4 -8.649 -9.555 -10.302 -7.494 -5.608 -7.814 -11.212 -11.907 -12.269 -8.782
0.791792 -5.219 -0.003 2.624 2.173 -1.89 -4.811 -3.81 1.463 -2.184 -5.059 -7.588 -9.278 1.836 -3.194 -6.335 -8.101 -9.379 -6.559 -7.101 -8.329 -9.27 -10.068 -7.121 -5.136 -7.441 -11.023 -11.777 -12.186 -8.591
0.815739 -5.083 0.133 3.282 3.043 -1.203 -4.253 -3.494 2.304 -1.525 -4.523 -7.19 -8.966 2.699 -2.572 -5.856 -7.713 -9.065 -6.397 -6.799 -7.986 -8.96 -9.814 -6.716 -4.622 -7.034 -10.814 -11.631 -12.093 -8.394
0.840411 -4.933 0.282 3.991 3.989 -0.455 -3.643 -3.184 3.217 -0.81 -3.939 -6.756 -8.624 3.637 -1.895 -5.333 -7.289 -8.72 -6.23 -6.499 -7.62 -8.623 -9.539 -6.273 -4.062 -6.59 -10.582 -11.469 -11.986 -8.19
0.865828 -4.77 0.446 4.758 5.02 0.361 -2.976 -2.882 4.213 -0.032 -3.301 -6.282 -8.248 4.659 -1.157 -4.76 -6.823 -8.34 -6.054 -6.203 -7.233 -8.259 -9.243 -5.79 -3.451 -6.104 -10.325 -11.287 -11.866 -7.978
0.892015 -4.591 0.625 5.589 6.145 1.252 -2.246 -2.589 5.3 0.817 -2.605 -5.763 -7.836 5.775 -0.35 -4.132 -6.311 -7.922 -5.867 -5.914 -6.827 -7.865 -8.925 -5.26 -2.784 -5.572 -10.04 -11.084 -11.73 -7.757
0.918993 -4.394 0.821 6.491 7.375 2.227 -1.446 -2.304 6.489 1.744 -1.842 -5.195 -7.383 6.995 0.534 -3.442 -5.748 -7.461 -5.666 -5.631 -6.407 -7.443 -8.586 -4.68 -2.052 -4.989 -9.723 -10.858 -11.577 -7.526
0.946787 -4.179 1.037 7.473 8.724 3.297 -0.565 -2.023 7.793 2.758 -1.006 -4.571 -6.885 8.333 1.504 -2.684 -5.127 -6.953 -5.447 -5.35 -5.978 -6.993 -8.226 -4.042 -1.25 -4.348 -9.371 -10.604 -11.404 -7.281
0.975422 -3.941 1.274 8.545 10.206 4.473 0.405 -1.741 9.225 3.871 -0.087 -3.886 -6.335 9.803 2.57 -1.848 -4.442 -6.39 -5.208 -5.068 -5.548 -6.518 -7.845 -3.34 -0.367 -3.642 -8.979 -10.321 -11.208 -7.022
1.004923 -3.752 1.464 8.986 10.773 4.947 0.817 -1.542 9.777 4.325 0.309 -3.56 -6.051 10.367 3.011 -1.476 -4.116 -6.102 -5.019 -4.869 -5.309 -6.262 -7.616 -3.009 0.018 -3.311 -8.742 -10.116 -11.031 -6.827
1.035317 -3.579 1.636 9.159 10.946 5.12 0.99 -1.369 9.95 4.498 0.482 -3.387 -5.878 10.54 3.184 -1.303 -3.943 -5.929 -4.846 -4.696 -5.136 -6.089 -7.443 -2.837 0.191 -3.138 -8.57 -9.944 -10.858 -6.654
1.066629 -3.396 1.82 9.342 11.13 5.304 1.174 -1.185 10.134 4.682 0.666 -3.204 -5.694 10.723 3.368 -1.12 -3.759 -5.745 -4.662 -4.513 -4.953 -5.905 -7.259 -2.653 0.375 -2.954 -8.386 -9.76 -10.674 -6.47
1.098888 -3.2 2.015 9.538 11.325 5.499 1.369 -0.99 10.329 4.877 0.861 -3.009 -5.499 10.918 3.563 -0.925 -3.564 -5.55 -4.467 -4.317 -4.757 -5.71 -7.064 -2.458 0.57 -2.759 -8.191 -9.565 -10.479 -6.275
1.132124 -2.993 2.223 9.745 11.532 5.706 1.576 -0.783 10.536 5.084 1.068 -2.801 -5.292 11.126 3.77 -0.717 -3.357 -5.343 -4.26 -4.11 -4.55 -5.503 -6.857 -2.25 0.777 -2.552 -7.983 -9.357 -10.272 -6.068
1.166364 -2.773 2.443 9.965 11.752 5.926 1.797 -0.562 10.756 5.304 1.288 -2.581 -5.071 11.346 3.99 -0.497 -3.136 -5.123 -4.04 -3.89 -4.33 -5.283 -6.637 -2.03 0.997 -2.332 -7.763 -9.137 -10.052 -5.848
1.20164 -2.539 2.677 10.199 11.986 6.16 2.03 -0.329 10.99 5.538 1.522 -2.347 -4.838 11.58 4.224 -0.263 -2.903 -4.889 -3.806 -3.656 -4.096 -5.049 -6.403 -1.796 1.231 -2.098 -7.529 -8.903 -9.818 -5.614
1.237983 -2.291 2.925 10.447 12.234 6.408 2.279 -0.08 11.238 5.787 1.77 -2.099 -4.589 11.828 4.472 -0.015 -2.654 -4.641 -3.558 -3.408 -3.848 -4.801 -6.155 -1.548 1.48 -1.85 -7.281 -8.655 -9.57 -5.366
1.275425 -2.027 3.188 10.711 12.498 6.672 2.542 0.183 11.502 6.05 2.034 -1.835 -4.326 12.092 4.736 0.249 -2.391 -4.377 -3.294 -3.144 -3.584 -4.537 -5.891 -1.284 1.743 -1.586 -7.018 -8.392 -9.306 -5.102
1.313999 -1.747 3.468 10.991 12.778 6.952 2.822 0.463 11.782 6.33 2.314 -1.555 -4.046 12.371 5.016 0.529 -2.111 -4.097 -3.014 -2.864 -3.304 -4.257 -5.611 -1.005 2.023 -1.306 -6.738 -8.112 -9.026 -4.822
1.35374 -1.45 3.765 11.288 13.075 7.249 3.119 0.76 12.079 6.627 2.611 -1.258 -3.749 12.669 5.313 0.826 -1.814 -3.8 -2.717 -2.567 -3.007 -3.96 -5.314 -0.707 2.32 -1.009 -6.441 -7.815 -8.729 -4.525
1.394683 -1.135 4.081 11.603 13.39 7.564 3.435 1.076 12.394 6.943 2.926 -0.943 -3.433 12.984 5.628 1.141 -1.498 -3.485 -2.402 -2.252 -2.692 -3.645 -4.999 -0.392 2.636 -0.694 -6.125 -7.499 -8.414 -4.21
1.436864 -0.8 4.416 11.938 13.725 7.899 3.769 1.411 12.729 7.277 3.261 -0.608 -3.099 13.319 5.963 1.476 -1.164 -3.15 -2.067 -1.917 -2.357 -3.31 -4.664 -0.057 2.97 -0.359 -5.79 -7.164 -8.079 -3.875
1.480321 -0.445 4.771 12.293 14.081 8.255 4.125 1.766 13.084 7.633 3.617 -0.253 -2.743 13.674 6.319 1.831 -0.808 -2.794 -1.711 -1.562 -2.002 -2.954 -4.309 0.298 3.326 -0.003 -5.435 -6.809 -7.723 -3.52
1.525092 -0.067 5.148 12.671 14.458 8.632 4.502 2.143 13.462 8.01 3.994 0.124 -2.366 14.051 6.696 2.208 -0.431 -2.417 -1.334 -1.184 -1.624 -2.577 -3.931 0.675 3.703 0.374 -5.058 -6.432 -7.346 -3.142
1.571218 0.333 5.549 13.071 14.858 9.032 4.902 2.544 13.862 8.41 4.394 0.525 -1.966 14.452 7.096 2.609 -0.03 -2.017 -0.934 -0.784 -1.224 -2.177 -3.531 1.076 4.103 0.774 -4.657 -6.031 -6.946 -2.742
1.618738 0.758 5.974 13.496 15.283 9.457 5.327 2.969 14.287 8.835 4.819 0.95 -1.541 14.877 7.521 3.034 0.394 -1.592 -0.509 -0.359 -0.799 -1.752 -3.106 1.501 4.528 1.199 -4.232 -5.606 -6.521 -2.317
1.667696 1.209 6.425 13.947 15.734 9.908 5.779 3.42 14.738 9.286 5.27 1.401 -1.089 15.328 7.972 3.485 0.846 -1.141 -0.058 0.092 -0.348 -1.301 -2.655 1.952 4.979 1.65 -3.781 -5.155 -6.07 -1.866
1.718134 1.688 6.904 14.426 16.213 10.387 6.257 3.898 15.217 9.765 5.749 1.88 -0.611 15.807 8.451 3.964 1.324 -0.662 0.421 0.571 0.131 -0.822 -2.176 2.431 5.458 2.129 -3.302 -4.676 -5.591 -1.387
1.770098 2.196 7.412 14.934 16.721 10.895 6.766 4.407 15.725 10.273 6.257 2.388 -0.102 16.315 8.959 4.472 1.833 -0.154 0.929 1.079 0.639 -0.314 -1.668 2.939 5.967 2.637 -2.794 -4.168 -5.083 -0.879
1.823633 2.736 7.951 15.474 17.261 11.435 7.305 4.946 16.265 10.813 6.797 2.927 0.437 16.854 9.499 5.011 2.372 0.386 1.469 1.618 1.178 0.226 -1.128 3.478 6.506 3.177 -2.255 -3.629 -4.543 -0.339
1.878788 3.308 8.524 16.046 17.833 12.007 7.878 5.519 16.837 11.385 7.369 3.5 1.01 17.427 10.071 5.584 2.945 0.958 2.041 2.191 1.751 0.798 -0.556 4.051 7.078 3.749 -1.682 -3.056 -3.971 0.233
1.93561 3.916 9.131 16.654 18.441 12.615 8.485 6.126 17.445 11.993 7.977 4.108 1.617 18.035 10.679 6.192 3.552 1.566 2.649 2.799 2.359 1.406 0.052 4.658 7.686 4.357 -1.075 -2.449 -3.363 0.841
1.994152 4.561 9.776 17.299 19.086 13.26 9.13 6.771 18.09 12.638 8.622 4.753 2.262 18.68 11.324 6.837 4.197 2.211 3.294 3.444 3.004 2.051 0.697 5.303 8.331 5.002 -0.43 -1.804 -2.718 1.486
2.054463 5.245 10.461 17.983 19.771 13.945 9.815 7.456 18.774 13.323 9.307 5.437 2.947 19.364 12.009 7.521 4.882 2.896 3.979 4.128 3.688 2.736 1.381 5.988 9.016 5.687 0.255 -1.119 -2.033 2.171
2.116599 5.972 11.188 18.71 20.497 14.671 10.542 8.183 19.501 14.049 10.033 6.164 3.674 20.091 12.735 8.248 5.609 3.622 4.705 4.855 4.415 3.462 2.108 6.715 9.742 6.413 0.982 -0.392 -1.307 2.897
2.180614 6.743 11.959 19.481 21.269 15.443 11.313 8.954 20.272 14.821 10.805 6.935 4.445 20.862 13.507 9.019 6.38 4.394 5.477 5.626 5.186 4.234 2.879 7.486 10.514 7.185 1.753 0.379 -0.535 3.668
2.246566 7.562 12.778 20.3 22.087 16.261 12.131 9.773 21.091 15.639 11.623 7.754 5.263 21.681 14.325 9.838 7.198 5.212 6.295 6.445 6.005 5.052 3.698 8.305 11.332 8.003 2.572 1.198 0.283 4.487
2.314511 8.431 13.647 21.169 22.956 17.13 13.0 10.641 21.96 16.508 12.492 8.623 6.132 22.55 15.194 10.707 8.067 6.081 7.164 7.314 6.874 5.921 4.567 9.174 12.201 8.872 3.441 2.066 1.152 5.356
2.384512 9.353 14.569 22.091 23.878 18.052 13.923 11.564 22.882 17.43 13.414 9.545 7.055 23.472 16.116 11.629 8.99 7.003 8.086 8.236 7.796 6.843 5.489 10.096 13.124 9.794 4.363 2.989 2.074 6.278
2.45663 10.332 15.548 23.07 24.857 19.031 14.902 12.543 23.861 18.409 14.393 10.524 8.033 24.451 17.095 12.608 9.969 7.982 9.065 9.215 8.775 7.822 6.468 11.075 14.102 10.773 5.342 3.968 3.053 7.257
2.530929 11.371 16.587 24.109 25.896 20.07 15.941 13.582 24.9 19.448 15.432 11.563 9.072 25.49 18.134 13.647 11.008 9.021 10.104 10.254 9.814 8.861 7.507 12.114 15.141 11.812 6.381 5.007 4.092 8.296
2.607475 12.474 17.689 25.212 26.999 21.173 17.043 14.684 26.003 20.551 16.535 12.666 10.175 26.593 19.237 14.75 12.11 10.124 11.207 11.357 10.917 9.964 8.61 13.217 16.244 12.915 7.483 6.109 5.195 9.399
2.686337 13.644 18.86 26.382 28.17 22.344 18.214 15.855 27.173 21.722 17.706 13.836 11.346 27.763 20.408 15.92 13.281 11.295 12.378 12.527 12.087 11.135 9.78 14.387 17.415 14.086 8.654 7.28 6.366 10.569
2.767583 14.887 20.102 27.625 29.412 23.586 19.456 17.097 28.416 22.964 18.948 15.079 12.588 29.006 21.65 17.163 14.523 12.537 13.62 13.77 13.33 12.377 11.023 15.629 18.657 15.328 9.896 8.522 7.608 11.812
2.851287 16.205 21.421 28.943 30.731 24.905 20.775 18.416 29.734 24.283 20.267 16.397 13.907 30.324 22.969 18.481 15.842 13.856 14.939 15.088 14.648 13.696 12.341 16.948 19.976 16.647 11.215 9.841 8.927 13.13
2.937522 17.605 22.821 30.343 32.13 26.304 22.174 19.816 31.134 25.682 21.666 17.797 15.306 31.724 24.368 19.881 17.242 15.255 16.338 16.488 16.048 15.095 13.741 18.348 21.375 18.046 12.615 11.241 10.326 14.53
3.026365 19.091 24.306 31.829 33.616 27.79 23.66 21.301 32.62 27.168 23.152 19.282 16.792 33.209 25.854 21.366 18.727 16.741 17.824 17.974 17.533 16.581 15.227 19.833 22.861 19.532 14.1 12.726 11.812 16.016
3.117896 20.667 25.883 33.405 35.193 29.367 25.237 22.878 34.196 28.745 24.729 20.859 18.369 34.786 27.431 22.943 20.304 18.318 19.401 19.55 19.11 18.158 16.803 21.41 24.438 21.109 15.677 14.303 13.389 17.592
3.212194 22.341 27.557 35.079 36.866 31.04 26.91 24.552 35.87 30.418 26.402 22.533 20.042 36.46 29.104 24.617 21.978 19.991 21.074 21.224 20.784 19.831 18.477 23.084 26.111 22.782 17.351 15.977 15.062 19.266
3.309345 24.117 29.333 36.855 38.643 32.817 28.687 26.328 37.646 32.195 28.179 24.309 21.819 38.236 30.881 26.393 23.754 21.768 22.851 23.0 22.56 21.608 20.253 24.86 27.888 24.559 19.127 17.753 16.839 21.042
3.409434 26.003 31.219 38.741 40.528 34.702 30.572 28.213 39.532 34.08 30.064 26.195 23.704 40.122 32.766 28.279 25.639 23.653 24.736 24.886 24.446 23.493 22.139 26.746 29.773 26.444 21.012 19.638 18.724 22.928
3.51255 28.004 33.22 40.742 42.529 36.703 32.574 30.215 41.533 36.081 32.065 28.196 25.706 42.123 34.767 30.28 27.641 25.654 26.737 26.887 26.447 25.494 24.14 28.747 31.774 28.445 23.014 21.64 20.725 24.929
3.618785 30.128 35.344 42.866 44.653 38.827 34.698 32.339 43.657 38.206 34.189 30.32 27.83 44.247 36.891 32.404 29.765 27.778 28.861 29.011 28.571 27.618 26.264 30.871 33.899 30.569 25.138 23.764 22.849 27.053
3.728232 32.383 37.598 45.121 46.908 41.082 36.952 34.593 45.912 40.46 36.444 32.575 30.084 46.502 39.146 34.659 32.019 30.033 31.116 31.266 30.826 29.873 28.519 33.125 36.153 32.824 27.392 26.018 25.104 29.308
3.84099 34.776 39.991 47.514 49.301 43.475 39.345 36.986 48.305 42.853 38.837 34.968 32.477 48.895 41.539 37.052 34.412 32.426 33.509 33.659 33.219 32.266 30.912 35.518 38.546 35.217 29.785 28.411 27.497 31.701
3.957158 37.316 42.531 50.054 51.841 46.015 41.885 39.526 50.845 45.393 41.377 37.508 35.017 51.434 44.079 39.591 36.952 34.966 36.049 36.199 35.759 34.806 33.452 38.058 41.086 37.757 32.325 30.951 30.037 34.241
4.07684 40.012 45.227 52.75 54.537 48.711 44.581 42.222 53.541 48.089 44.073 40.203 37.713 54.13 46.775 42.287 39.648 37.662 38.745 38.894 38.454 37.502 36.148 40.754 43.782 40.453 35.021 33.647 32.733 36.937
4.200141 42.873 48.089 55.611 57.398 51.572 47.442 45.084 56.402 50.95 46.934 43.065 40.574 56.992 49.636 45.149 42.509 40.523 41.606 41.756 41.316 40.363 39.009 43.616 46.643 43.314 37.883 36.509 35.594 39.798
4.327172 45.91 51.126 58.648 60.435 54.609 50.48 48.121 59.439 53.987 49.971 46.102 43.612 60.029 52.673 48.186 45.547 43.56 44.643 44.793 44.353 43.4 42.046 46.653 49.68 46.351 40.92 39.546 38.631 42.835
4.458044 49.134 54.349 61.872 63.659 57.833 53.703 51.344 62.663 57.211 53.195 49.326 46.835 63.252 55.897 51.409 48.77 46.784 47.867 48.017 47.577 46.624 45.27 49.876 52.904 49.575 44.143 42.769 41.855 46.059
4.592874 52.555 57.771 65.293 67.08 61.254 57.125 54.766 66.084 60.633 56.616 52.747 50.257 66.674 59.318 54.831 52.192 50.205 51.288 51.438 50.998 50.045 48.691 53.298 56.326 52.996 47.565 46.191 45.276 49.48
4.731783 56.187 61.403 68.925 70.712 64.886 60.756 58.397 69.716 64.264 60.248 56.379 53.888 70.306 62.95 58.463 55.823 53.837 54.92 55.07 54.63 53.677 52.323 56.93 59.957 56.628 51.196 49.822 48.908 53.112
4.874892 60.041 65.257 72.779 74.567 68.741 64.611 62.252 73.571 68.119 64.103 60.233 57.743 74.16 66.805 62.317 59.678 57.692 58.775 58.924 58.484 57.532 56.178 60.784 63.812 60.483 55.051 53.677 52.763 56.967
5.02233 64.133 69.348 76.871 78.658 72.832 68.702 66.343 77.662 72.21 68.194 64.325 61.834 78.252 70.896 66.409 63.769 61.783 62.866 63.016 62.576 61.623 60.269 64.876 67.903 64.574 59.142 57.768 56.854 61.058
5.174227 68.475 73.691 81.213 83.001 77.175 73.045 70.686 82.004 76.553 72.537 68.667 66.177 82.594 75.239 70.751 68.112 66.126 67.209 67.358 66.918 65.966 64.611 69.218 72.246 68.917 63.485 62.111 61.197 65.4
5.330718 73.085 78.3 85.823 87.61 81.784 77.654 75.295 86.614 81.162 77.146 73.276 70.786 87.203 79.848 75.36 72.721 70.735 71.818 71.967 71.527 70.575 69.221 73.827 76.855 73.526 68.094 66.72 65.806 70.01
5.491942 77.977 83.192 90.715 92.502 86.676 82.546 80.187 91.506 86.054 82.038 78.169 75.678 92.096 84.74 80.253 77.613 75.627 76.71 76.86 76.42 75.467 74.113 78.719 81.747 78.418 72.986 71.612 70.698 74.902
5.658042 83.169 88.385 95.907 97.695 91.869 87.739 85.38 96.698 91.247 87.231 83.361 80.871 97.288 89.933 85.445 82.806 80.82 81.903 82.052 81.612 80.66 79.305 83.912 86.94 83.611 78.179 76.805 75.891 80.094
5.829166 88.681 93.896 101.419 103.206 97.38 93.25 90.891 102.21 96.758 92.742 88.873 86.382 102.8 95.444 90.957 88.317 86.331 87.414 87.564 87.124 86.171 84.817 89.423 92.451 89.122 83.69 82.316 81.402 85.606
6.005465 94.531 99.746 107.269 109.056 103.23 99.1 96.741 108.06 102.608 98.592 94.723 92.232 108.649 101.294 96.806 94.167 92.181 93.264 93.414 92.974 92.021 90.667 95.273 98.301 94.972 89.54 88.166 87.252 91.456
6.187096 100.74 105.955 113.478 115.265 109.439 105.309 102.95 114.269 108.817 104.801 100.932 98.441 114.859 107.503 103.016 100.376 98.39 99.473 99.623 99.183 98.23 96.876 101.482 104.51 101.181 95.749 94.375 93.461 97.665
6.37422 107.33 112.546 120.068 121.855 116.029 111.9 109.541 120.859 115.407 111.391 107.522 105.032 121.449 114.093 109.606 106.967 104.98 106.063 106.213 105.773 104.82 103.466 108.073 111.1 107.771 102.34 100.966 100.051 104.255
6.567004 114.325 119.541 127.063 128.85 123.024 118.895 116.536 127.854 122.402 118.386 114.517 112.027 128.444 121.088 116.601 113.962 111.975 113.058 113.208 112.768 111.815 110.461 115.068 118.095 114.766 109.335 107.961 107.046 111.25
