web/models/kne.last_good/kappa_0.5_3.0.v1/30/villar_0.0019_0.3120_0.5000.dat
# %ECSV 1.0
# ---
# datatype:
# - {name: time, datatype: float64}
# - {name: swift_uvot_uvw2, datatype: float64}
# - {name: swift_uvot_uvm2, datatype: float64}
# - {name: swift_uvot_uvw1, datatype: float64}
# - {name: swift_uvot_U, datatype: float64}
# - {name: swift_uvot_B, datatype: float64}
# - {name: swift_uvot_V, datatype: float64}
# - {name: swift_uvot_W, datatype: float64}
# - {name: johnson_U, datatype: float64}
# - {name: johnson_B, datatype: float64}
# - {name: johnson_V, datatype: float64}
# - {name: johnson_R, datatype: float64}
# - {name: johnson_I, datatype: float64}
# - {name: sdss_u, datatype: float64}
# - {name: sdss_g, datatype: float64}
# - {name: sdss_r, datatype: float64}
# - {name: sdss_i, datatype: float64}
# - {name: sdss_z, datatype: float64}
# - {name: PS1_g, datatype: float64}
# - {name: PS1_r, datatype: float64}
# - {name: PS1_i, datatype: float64}
# - {name: PS1_z, datatype: float64}
# - {name: PS1_Y, datatype: float64}
# - {name: PS1_w, datatype: float64}
# - {name: ATLAS_c, datatype: float64}
# - {name: ATLAS_o, datatype: float64}
# - {name: ukirt_J, datatype: float64}
# - {name: ukirt_H, datatype: float64}
# - {name: ukirt_K, datatype: float64}
# - {name: Clear, datatype: float64}
# meta: !!omap
# - comment: [kappa = 0.5, type = villar, mass = 0.001861645566637777, velocity = 0.312, theta_obs = 0.0]
# schema: astropy-2.0
time swift_uvot_uvw2 swift_uvot_uvm2 swift_uvot_uvw1 swift_uvot_U swift_uvot_B swift_uvot_V swift_uvot_W johnson_U johnson_B johnson_V johnson_R johnson_I sdss_u sdss_g sdss_r sdss_i sdss_z PS1_g PS1_r PS1_i PS1_z PS1_Y PS1_w ATLAS_c ATLAS_o ukirt_J ukirt_H ukirt_K Clear
[from data line 215]
0.605549 -4.885 0.329 0.694 -0.585 -3.867 -6.231 -4.539 -1.165 -4.053 -6.393 -8.34 -9.659 -0.886 -4.892 -7.418 -8.792 -9.759 -6.538 -7.708 -8.903 -9.659 -10.235 -7.909 -6.382 -8.23 -10.954 -11.44 -11.633 -8.641
0.623863 -4.68 0.535 1.563 0.508 -3.0 -5.527 -3.982 -0.11 -3.214 -5.712 -7.826 -9.254 0.197 -4.105 -6.811 -8.299 -9.356 -6.193 -7.198 -8.434 -9.249 -9.887 -7.384 -5.725 -7.705 -10.681 -11.244 -11.499 -8.302
0.642731 -4.454 0.761 2.516 1.725 -2.033 -4.739 -3.405 1.066 -2.282 -4.952 -7.253 -8.799 1.402 -3.228 -6.132 -7.745 -8.902 -5.866 -6.662 -7.915 -8.791 -9.5 -6.799 -4.993 -7.12 -10.371 -11.02 -11.344 -7.951
0.66217 -4.205 1.01 3.564 3.083 -0.954 -3.857 -2.824 2.378 -1.244 -4.101 -6.611 -8.289 2.748 -2.248 -5.37 -7.122 -8.39 -5.55 -6.113 -7.345 -8.281 -9.071 -6.146 -4.175 -6.466 -10.019 -10.764 -11.167 -7.587
0.682197 -3.93 1.285 4.721 4.603 0.255 -2.865 -2.256 3.847 -0.084 -3.148 -5.892 -7.715 4.254 -1.15 -4.513 -6.421 -7.813 -5.235 -5.566 -6.722 -7.712 -8.597 -5.414 -3.26 -5.731 -9.62 -10.473 -10.963 -7.213
0.70283 -3.625 1.59 6.002 6.309 1.614 -1.748 -1.717 5.496 1.215 -2.078 -5.086 -7.068 5.947 0.083 -3.547 -5.628 -7.159 -4.908 -5.04 -6.053 -7.081 -8.077 -4.592 -2.232 -4.906 -9.164 -10.139 -10.728 -6.827
0.724086 -3.286 1.93 7.428 8.231 3.145 -0.485 -1.214 7.355 2.674 -0.872 -4.177 -6.338 7.854 1.474 -2.455 -4.729 -6.418 -4.559 -4.541 -5.351 -6.389 -7.512 -3.665 -1.075 -3.975 -8.644 -9.757 -10.458 -6.425
0.745986 -2.907 2.309 9.02 10.404 4.877 0.947 -0.734 9.457 4.318 0.49 -3.152 -5.511 10.01 3.047 -1.216 -3.709 -5.575 -4.175 -4.062 -4.639 -5.641 -6.905 -2.618 0.234 -2.923 -8.049 -9.318 -10.146 -6.002
0.768548 -2.482 2.733 10.806 12.871 6.842 2.576 -0.255 11.842 6.176 2.032 -1.992 -4.572 12.457 4.833 0.194 -2.545 -4.613 -3.749 -3.583 -3.943 -4.853 -6.265 -1.43 1.718 -1.729 -7.367 -8.813 -9.786 -5.547
0.791792 -2.004 3.212 12.819 15.682 9.081 4.437 0.249 14.559 8.284 3.784 -0.676 -3.504 15.244 6.869 1.803 -1.215 -3.514 -3.27 -3.079 -3.276 -4.05 -5.598 -0.076 3.409 -0.369 -6.581 -8.229 -9.368 -5.051
0.815739 -1.462 3.753 15.102 18.9 11.643 6.57 0.801 17.668 10.685 5.781 0.823 -2.286 18.433 9.198 3.649 0.313 -2.252 -2.728 -2.528 -2.626 -3.258 -4.91 1.473 5.344 1.186 -5.673 -7.554 -8.881 -4.5
0.840411 -0.846 4.369 17.705 22.599 14.587 9.025 1.421 21.241 13.433 8.064 2.536 -0.892 22.098 11.875 5.774 2.073 -0.799 -2.112 -1.908 -1.958 -2.48 -4.194 3.253 7.567 2.971 -4.62 -6.769 -8.313 -3.879
0.865828 -0.142 5.074 20.694 26.874 17.988 11.864 2.126 25.365 16.592 10.685 4.5 0.709 26.328 14.967 8.23 4.11 0.879 -1.408 -1.203 -1.233 -1.69 -3.43 5.308 10.135 5.032 -3.395 -5.854 -7.649 -3.172
0.892015 0.668 5.884 24.148 31.839 21.934 15.163 2.937 30.15 20.243 13.705 6.763 2.553 31.235 18.556 11.085 6.479 2.826 -0.597 -0.393 -0.416 -0.844 -2.59 7.692 13.117 7.421 -1.964 -4.783 -6.867 -2.361
0.918993 1.606 6.822 28.167 37.636 26.54 19.014 3.875 35.731 24.486 17.2 9.379 4.687 36.958 22.743 14.418 9.245 5.092 0.341 0.545 0.524 0.106 -1.64 10.475 16.597 10.208 -0.284 -3.525 -5.945 -1.423
0.946787 2.376 7.592 30.827 41.393 29.564 21.576 4.645 39.35 27.279 19.527 11.171 6.184 40.664 25.509 16.661 11.142 6.676 1.111 1.315 1.294 0.879 -0.867 12.38 18.931 12.114 0.95 -2.551 -5.177 -0.653
0.975422 2.829 8.045 31.279 41.846 30.017 22.029 5.097 39.802 27.731 19.98 11.623 6.636 41.116 25.962 17.114 11.594 7.129 1.563 1.768 1.747 1.331 -0.415 12.832 19.384 12.567 1.402 -2.098 -4.724 -0.201
1.004923 3.309 8.525 31.76 42.326 30.497 22.509 5.578 40.283 28.212 20.46 12.104 7.117 41.597 26.442 17.595 12.075 7.609 2.044 2.249 2.227 1.812 0.066 13.313 19.864 13.048 1.883 -1.618 -4.244 0.28
1.035317 3.819 9.035 32.27 42.836 31.008 23.019 6.088 40.793 28.722 20.97 12.614 7.627 42.107 26.953 18.105 12.585 8.119 2.554 2.759 2.737 2.322 0.576 13.823 20.374 13.558 2.393 -1.108 -3.734 0.79
1.066629 4.361 9.576 32.811 43.377 31.549 23.561 6.629 41.334 29.263 21.512 13.155 8.168 42.648 27.494 18.646 13.126 8.661 3.095 3.3 3.279 2.863 1.117 14.364 20.916 14.099 2.934 -0.566 -3.192 1.331
1.098888 4.935 10.151 33.386 43.952 32.123 24.135 7.204 41.909 29.838 22.086 13.73 8.743 43.223 28.068 19.221 13.701 9.235 3.67 3.875 3.853 3.438 1.692 14.939 21.49 14.674 3.509 0.008 -2.618 1.906
1.132124 5.545 10.761 33.996 44.562 32.733 24.745 7.814 42.519 30.448 22.696 14.34 9.353 43.833 28.678 19.831 14.311 9.845 4.28 4.484 4.463 4.048 2.302 15.549 22.1 15.283 4.119 0.618 -2.008 2.516
1.166364 6.193 11.408 34.643 45.209 33.381 25.392 8.461 43.166 31.095 23.344 14.987 10.0 44.48 29.326 20.478 14.958 10.492 4.927 5.132 5.11 4.695 2.949 16.196 22.748 15.931 4.766 1.265 -1.36 3.163
1.20164 6.88 12.095 35.33 45.896 34.068 26.079 9.148 43.853 31.782 24.031 15.674 10.687 45.167 30.013 21.165 15.645 11.18 5.614 5.819 5.797 5.382 3.636 16.883 23.435 16.618 5.453 1.952 -0.673 3.85
1.237983 7.609 12.825 36.06 46.626 34.797 26.809 9.877 44.582 32.511 24.76 16.403 11.417 45.896 30.742 21.894 16.374 11.909 6.343 6.548 6.527 6.111 4.365 17.612 24.164 17.347 6.182 2.682 0.056 4.58
1.275425 8.383 13.599 36.834 47.4 35.571 27.583 10.651 45.357 33.285 25.534 17.177 12.191 46.671 31.516 22.668 17.148 12.683 7.117 7.322 7.301 6.885 5.14 18.386 24.938 18.121 6.956 3.456 0.83 5.354
1.313999 9.205 14.42 37.655 48.221 36.393 28.404 11.473 46.178 34.107 26.356 17.999 13.012 47.492 32.338 23.49 17.97 13.504 7.939 8.144 8.122 7.707 5.961 19.208 25.76 18.943 7.778 4.277 1.652 6.175
1.35374 10.077 15.292 38.527 49.093 37.265 29.276 12.345 47.05 34.979 27.228 18.871 13.884 48.364 33.21 24.362 18.842 14.376 8.811 9.016 8.994 8.579 6.833 20.08 26.632 19.815 8.65 5.149 2.524 7.047
1.394683 11.002 16.218 39.453 50.019 38.19 30.202 13.271 47.976 35.905 28.153 19.797 14.81 49.29 34.135 25.287 19.768 15.302 9.737 9.941 9.92 9.505 7.759 21.006 27.557 20.74 9.576 6.075 3.449 7.973
1.436864 11.985 17.2 40.435 51.001 39.173 31.184 14.253 48.958 36.887 29.136 20.779 15.792 50.272 35.118 26.27 20.75 16.284 10.719 10.924 10.902 10.487 8.741 21.988 28.54 21.723 10.558 7.057 4.431 8.955
1.480321 13.027 18.243 41.478 52.044 40.215 32.227 15.296 50.001 37.93 30.178 21.822 16.835 51.315 36.16 27.313 21.793 17.327 11.762 11.967 11.945 11.53 9.784 23.031 29.582 22.765 11.601 8.1 5.474 9.998
1.525092 14.134 19.35 42.585 53.151 41.322 33.334 16.403 51.108 39.036 31.285 22.929 17.942 52.422 37.267 28.419 22.9 18.434 12.869 13.073 13.052 12.636 10.891 24.138 30.689 23.872 12.707 9.207 6.581 11.105
1.571218 15.309 20.524 43.759 54.325 42.497 34.509 17.577 52.282 40.211 32.46 24.103 19.116 53.596 38.442 29.594 24.074 19.609 14.043 14.248 14.226 13.811 12.065 25.312 31.864 25.047 13.882 10.382 7.756 12.279
1.618738 16.556 21.771 45.006 55.572 43.744 35.755 18.824 53.529 41.458 33.707 25.35 20.363 54.843 39.689 30.841 25.321 20.855 15.29 15.495 15.473 15.058 13.312 26.559 33.111 26.294 15.129 11.628 9.003 13.526
1.667696 17.879 23.095 46.33 56.896 45.067 37.079 20.147 54.853 42.781 35.03 26.673 21.687 56.167 41.012 32.164 26.644 22.179 16.613 16.818 16.797 16.381 14.636 27.882 34.434 27.617 16.452 12.952 10.326 14.85
1.718134 19.284 24.499 47.734 58.3 46.472 38.483 21.552 56.257 44.186 36.435 28.078 23.091 57.571 42.417 33.569 28.049 23.584 18.018 18.223 18.201 17.786 16.04 29.287 35.839 29.022 17.857 14.356 11.731 16.254
1.770098 20.775 25.99 49.225 59.791 47.963 39.974 23.043 57.748 45.677 37.926 29.569 24.582 59.062 43.908 35.06 29.54 25.074 19.509 19.714 19.692 19.277 17.531 30.778 37.33 30.513 19.348 15.847 13.222 17.745
1.823633 22.357 27.573 50.808 61.374 49.545 41.557 24.626 59.331 47.259 39.508 31.152 26.165 60.645 45.49 36.642 31.123 26.657 21.092 21.296 21.275 20.859 19.114 32.361 38.912 32.095 20.93 17.43 14.804 19.328
1.878788 24.037 29.252 52.487 63.053 51.225 43.236 26.305 61.01 48.939 41.188 32.831 27.844 62.324 47.17 38.322 32.802 28.337 22.771 22.976 22.954 22.539 20.793 34.04 40.592 33.775 22.61 19.109 16.484 21.007
1.93561 25.819 31.035 54.27 64.836 53.008 45.019 28.088 62.793 50.722 42.97 34.614 29.627 64.107 48.953 40.105 34.585 30.119 24.554 24.759 24.737 24.322 22.576 35.823 42.374 35.558 24.393 20.892 18.266 22.79
1.994152 27.712 32.927 56.162 66.728 54.9 46.911 29.98 64.685 52.614 44.863 36.506 31.519 65.999 50.845 41.997 36.477 32.012 26.446 26.651 26.629 26.214 24.468 37.715 44.267 37.45 26.285 22.784 20.159 24.682
2.054463 29.72 34.936 58.171 68.737 56.908 48.92 31.989 66.694 54.622 46.871 38.515 33.528 68.008 52.853 44.005 38.486 34.02 28.455 28.659 28.638 28.223 26.477 39.724 46.275 39.458 28.293 24.793 22.167 26.691
2.116599 31.852 37.068 60.302 70.869 59.04 51.052 34.12 68.825 56.754 49.003 40.646 35.659 70.139 54.985 46.137 40.617 36.152 30.586 30.791 30.77 30.354 28.608 41.855 48.407 41.59 30.425 26.925 24.299 28.822
2.180614 34.115 39.33 62.565 73.131 61.303 53.314 36.383 71.088 59.017 51.265 42.909 37.922 72.402 57.248 48.4 42.88 38.414 32.849 33.054 33.032 32.617 30.871 44.118 50.669 43.853 32.688 29.187 26.561 31.085
2.246566 36.516 41.732 64.967 75.533 63.704 55.716 38.785 73.49 61.418 53.667 45.311 40.324 74.804 59.649 50.801 45.282 40.816 35.251 35.455 35.434 35.018 33.273 46.52 53.071 46.254 35.089 31.589 28.963 33.487
2.314511 39.065 44.281 67.516 78.082 66.253 58.265 41.334 76.039 63.967 56.216 47.86 42.873 77.353 62.198 53.35 47.831 43.365 37.8 38.004 37.983 37.568 35.822 49.069 55.62 48.803 37.639 34.138 31.512 36.036
2.384512 41.771 46.986 70.221 80.787 68.959 60.97 44.039 78.744 66.673 58.922 50.565 45.578 80.058 64.904 56.056 50.536 46.071 40.505 40.71 40.688 40.273 38.527 51.774 58.326 51.509 40.344 36.843 34.218 38.741
2.45663 44.642 49.858 73.093 83.659 71.83 63.842 46.911 81.616 69.545 61.793 53.437 48.45 82.93 67.775 58.928 53.408 48.942 43.377 43.582 43.56 43.145 41.399 54.646 61.197 54.381 43.216 39.715 37.089 41.613
2.530929 47.69 52.906 76.141 86.707 74.878 66.89 49.959 84.664 72.593 64.841 56.485 51.498 85.978 70.823 61.976 56.456 51.99 46.425 46.63 46.608 46.193 44.447 57.694 64.245 57.429 46.264 42.763 40.137 44.661
2.607475 50.926 56.141 79.376 89.942 78.114 70.125 53.194 87.899 75.828 68.077 59.72 54.733 89.213 74.059 65.211 59.691 55.225 49.66 49.865 49.843 49.428 47.682 60.929 67.481 60.664 49.499 45.998 43.372 47.896
2.686337 54.359 59.575 82.81 93.376 81.547 73.559 56.628 91.333 79.262 71.51 63.154 58.167 92.647 77.492 68.645 63.125 58.659 53.094 53.299 53.277 52.862 51.116 64.363 70.914 64.098 52.933 49.432 46.806 51.33
2.767583 58.004 63.22 86.455 97.021 85.192 77.204 60.273 94.978 82.906 75.155 66.799 61.812 96.292 81.137 72.289 66.77 62.304 56.739 56.943 56.922 56.506 54.761 68.008 74.559 67.742 56.577 53.077 50.451 54.975
2.851287 61.873 67.088 90.323 100.889 89.061 81.072 64.141 98.846 86.775 79.024 70.667 65.68 100.16 85.006 76.158 70.638 66.172 60.607 60.812 60.79 60.375 58.629 71.876 78.428 71.611 60.446 56.945 54.319 58.843
2.937522 65.979 71.194 94.429 104.995 93.167 85.178 68.247 102.952 90.881 83.13 74.773 69.786 104.266 89.112 80.264 74.744 70.278 64.713 64.918 64.896 64.481 62.735 75.982 82.534 75.717 64.552 61.051 58.425 62.949
3.026365 70.337 75.552 98.787 109.353 97.525 89.536 72.605 107.31 95.239 87.488 79.131 74.144 108.624 93.47 84.622 79.102 74.637 69.071 69.276 69.254 68.839 67.093 80.34 86.892 80.075 68.91 65.409 62.784 67.307
3.117896 74.963 80.178 103.413 113.979 102.151 94.162 77.231 111.936 99.865 92.113 83.757 78.77 113.25 98.096 89.248 83.728 79.262 73.697 73.902 73.88 73.465 71.719 84.966 91.517 84.701 73.536 70.035 67.409 71.933
3.212194 79.872 85.088 108.323 118.889 107.06 99.072 82.141 116.846 104.775 97.023 88.667 83.68 118.16 103.005 94.157 88.638 84.172 78.607 78.811 78.79 78.375 76.629 89.876 96.427 89.61 78.446 74.945 72.319 76.843
3.309345 85.084 90.299 113.534 124.1 112.272 104.283 87.352 122.057 109.986 102.234 93.878 88.891 123.371 108.217 99.369 93.849 89.383 83.818 84.023 84.001 83.586 81.84 95.087 101.638 94.822 83.657 80.156 77.53 82.054
3.409434 90.615 95.83 119.065 129.631 117.803 109.815 92.883 127.588 115.517 107.766 99.409 94.422 128.902 113.748 104.9 99.38 94.915 89.349 89.554 89.532 89.117 87.371 100.618 107.17 100.353 89.188 85.687 83.062 87.585
3.51255 96.486 101.701 124.936 135.502 123.674 115.685 98.754 133.459 121.388 113.637 105.28 100.293 134.773 119.619 110.771 105.251 100.785 95.22 95.425 95.403 94.988 93.242 106.489 113.041 106.224 95.059 91.558 88.933 93.456
3.618785 102.717 107.933 131.168 141.734 129.905 121.917 104.985 139.69 127.619 119.868 111.511 106.525 141.005 125.85 117.002 111.482 107.017 101.451 101.656 101.635 101.219 99.474 112.72 119.272 112.455 101.29 97.79 95.164 99.688
3.728232 109.331 114.547 137.782 148.348 136.519 128.531 111.599 146.304 134.233 126.482 118.125 113.139 147.619 132.464 123.616 118.096 113.631 108.065 108.27 108.249 107.833 106.088 119.334 125.886 119.069 107.904 104.404 101.778 106.302
3.84099 116.351 121.567 144.802 155.368 143.539 135.551 118.62 153.325 141.253 133.502 125.146 120.159 154.639 139.484 130.636 125.117 120.651 115.086 115.29 115.269 114.854 113.108 126.355 132.906 126.089 114.925 111.424 108.798 113.322
3.957158 123.802 129.018 152.253 162.819 150.99 143.002 126.071 160.776 148.705 140.953 132.597 127.61 162.09 146.935 138.088 132.568 128.102 122.537 122.741 122.72 122.305 120.559 133.806 140.357 133.54 122.376 118.875 116.249 120.773
4.07684 131.711 136.927 160.162 170.728 158.899 150.911 133.979 168.685 156.613 148.862 140.505 135.519 169.999 154.844 145.996 140.476 136.011 130.445 130.65 130.629 130.213 128.468 141.714 148.266 141.449 130.284 126.784 124.158 128.682
4.200141 140.105 145.321 168.556 179.122 167.293 159.305 142.374 177.079 165.008 157.256 148.9 143.913 178.393 163.238 154.391 148.871 144.405 138.84 139.045 139.023 138.608 136.862 150.109 156.66 149.844 138.679 135.178 132.552 137.076
4.327172 149.015 154.231 177.466 188.032 176.203 168.215 151.284 185.989 173.917 166.166 157.81 152.823 187.303 172.148 163.3 157.781 153.315 147.75 147.954 147.933 147.518 145.772 159.019 165.57 158.753 147.588 144.088 141.462 145.986
4.458044 158.472 163.688 186.923 197.489 185.66 177.672 160.74 195.445 183.374 175.623 167.266 162.28 196.759 181.605 172.757 167.237 162.772 157.206 157.411 157.39 156.974 155.228 168.475 175.027 168.21 157.045 153.545 150.919 155.443
4.592874 168.51 173.725 196.96 207.526 195.698 187.709 170.778 205.483 193.412 185.661 177.304 172.317 206.797 191.643 182.795 177.275 172.809 167.244 167.449 167.427 167.012 165.266 178.513 185.064 178.248 167.083 163.582 160.956 165.48
4.731783 179.163 184.379 207.614 218.18 206.351 198.363 181.432 216.137 204.066 196.314 187.958 182.971 217.451 202.296 193.449 187.929 183.463 177.898 178.103 178.081 177.666 175.92 189.167 195.718 188.902 177.737 174.236 171.61 176.134
4.874892 190.471 195.687 218.922 229.488 217.66 209.671 192.74 227.445 215.374 207.622 199.266 194.279 228.759 213.605 204.757 199.237 194.771 189.206 189.411 189.389 188.974 187.228 200.475 207.026 200.21 189.045 185.544 182.918 187.442
5.02233 202.474 207.69 230.924 241.491 229.662 221.674 204.742 239.447 227.376 219.625 211.268 206.281 240.761 225.607 216.759 211.239 206.774 201.208 201.413 201.392 200.976 199.23 212.477 219.029 212.212 201.047 197.547 194.921 199.444
5.174227 215.213 220.429 243.664 254.23 242.401 234.413 217.482 252.187 240.116 232.364 224.008 219.021 253.501 238.346 229.499 223.979 219.513 213.948 214.152 214.131 213.716 211.97 225.217 231.768 224.951 213.787 210.286 207.66 212.184
5.330718 228.735 233.951 257.185 267.752 255.923 247.935 231.003 265.708 253.637 245.886 237.529 232.542 267.022 251.868 243.02 237.5 233.035 227.469 227.674 227.653 227.237 225.491 238.738 245.29 238.473 227.308 223.808 221.182 225.706
5.491942 243.087 248.303 271.537 282.104 270.275 262.287 245.355 280.06 267.989 260.238 251.881 246.894 281.374 266.22 257.372 251.852 247.387 241.821 242.026 242.005 241.589 239.843 253.09 259.642 252.825 241.66 238.16 235.534 240.057
