web/models/kne.last_good/kappa_0.5_3.0.v1/20/villar_0.0028_0.0613_0.5000.dat
# %ECSV 1.0
# ---
# datatype:
# - {name: time, datatype: float64}
# - {name: swift_uvot_uvw2, datatype: float64}
# - {name: swift_uvot_uvm2, datatype: float64}
# - {name: swift_uvot_uvw1, datatype: float64}
# - {name: swift_uvot_U, datatype: float64}
# - {name: swift_uvot_B, datatype: float64}
# - {name: swift_uvot_V, datatype: float64}
# - {name: swift_uvot_W, datatype: float64}
# - {name: johnson_U, datatype: float64}
# - {name: johnson_B, datatype: float64}
# - {name: johnson_V, datatype: float64}
# - {name: johnson_R, datatype: float64}
# - {name: johnson_I, datatype: float64}
# - {name: sdss_u, datatype: float64}
# - {name: sdss_g, datatype: float64}
# - {name: sdss_r, datatype: float64}
# - {name: sdss_i, datatype: float64}
# - {name: sdss_z, datatype: float64}
# - {name: PS1_g, datatype: float64}
# - {name: PS1_r, datatype: float64}
# - {name: PS1_i, datatype: float64}
# - {name: PS1_z, datatype: float64}
# - {name: PS1_Y, datatype: float64}
# - {name: PS1_w, datatype: float64}
# - {name: ATLAS_c, datatype: float64}
# - {name: ATLAS_o, datatype: float64}
# - {name: ukirt_J, datatype: float64}
# - {name: ukirt_H, datatype: float64}
# - {name: ukirt_K, datatype: float64}
# - {name: Clear, datatype: float64}
# meta: !!omap
# - comment: [kappa = 0.5, type = villar, mass = 0.0028172691138521437, velocity = 0.06133333333333335, theta_obs = 0.0]
# schema: astropy-2.0
time swift_uvot_uvw2 swift_uvot_uvm2 swift_uvot_uvw1 swift_uvot_U swift_uvot_B swift_uvot_V swift_uvot_W johnson_U johnson_B johnson_V johnson_R johnson_I sdss_u sdss_g sdss_r sdss_i sdss_z PS1_g PS1_r PS1_i PS1_z PS1_Y PS1_w ATLAS_c ATLAS_o ukirt_J ukirt_H ukirt_K Clear
[from data line 220]
0.70283 -10.177 -10.572 -11.193 -12.125 -12.521 -12.705 -11.778 -12.203 -12.522 -12.704 -12.712 -12.605 -12.188 -12.598 -12.731 -12.693 -12.587 -12.636 -12.739 -12.701 -12.627 -12.584 -12.686 -12.669 -12.716 -12.243 -11.874 -11.388 -12.663
0.724086 -10.076 -10.471 -11.117 -12.08 -12.497 -12.697 -11.738 -12.162 -12.498 -12.697 -12.717 -12.619 -12.146 -12.58 -12.731 -12.702 -12.602 -12.62 -12.739 -12.71 -12.641 -12.601 -12.684 -12.659 -12.719 -12.268 -11.904 -11.422 -12.66
0.745986 -9.969 -10.363 -11.035 -12.029 -12.468 -12.685 -11.695 -12.115 -12.47 -12.686 -12.718 -12.631 -12.098 -12.557 -12.727 -12.708 -12.616 -12.601 -12.735 -12.716 -12.653 -12.616 -12.679 -12.645 -12.72 -12.291 -11.932 -11.454 -12.653
0.768548 -9.854 -10.247 -10.946 -11.973 -12.435 -12.67 -11.646 -12.063 -12.438 -12.671 -12.717 -12.641 -12.045 -12.531 -12.72 -12.712 -12.627 -12.577 -12.729 -12.72 -12.663 -12.629 -12.671 -12.628 -12.717 -12.312 -11.959 -11.486 -12.643
0.791792 -9.732 -10.122 -10.85 -11.911 -12.398 -12.651 -11.594 -12.005 -12.401 -12.653 -12.712 -12.648 -11.986 -12.501 -12.71 -12.712 -12.635 -12.55 -12.719 -12.721 -12.67 -12.64 -12.66 -12.607 -12.712 -12.332 -11.984 -11.516 -12.63
0.815739 -9.603 -9.987 -10.746 -11.842 -12.355 -12.628 -11.536 -11.941 -12.358 -12.63 -12.704 -12.652 -11.92 -12.465 -12.696 -12.71 -12.641 -12.517 -12.705 -12.719 -12.674 -12.649 -12.645 -12.582 -12.703 -12.349 -12.008 -11.545 -12.614
0.840411 -9.465 -9.841 -10.634 -11.767 -12.306 -12.6 -11.473 -11.87 -12.31 -12.603 -12.693 -12.654 -11.848 -12.424 -12.678 -12.704 -12.644 -12.48 -12.687 -12.714 -12.676 -12.654 -12.626 -12.552 -12.691 -12.365 -12.031 -11.572 -12.593
0.865828 -9.319 -9.684 -10.512 -11.683 -12.252 -12.568 -11.404 -11.792 -12.256 -12.571 -12.678 -12.652 -11.768 -12.378 -12.656 -12.695 -12.645 -12.437 -12.666 -12.705 -12.675 -12.658 -12.603 -12.517 -12.675 -12.378 -12.051 -11.598 -12.568
0.892015 -9.164 -9.515 -10.381 -11.592 -12.19 -12.53 -11.33 -11.706 -12.195 -12.534 -12.659 -12.647 -11.68 -12.326 -12.63 -12.682 -12.642 -12.389 -12.639 -12.692 -12.67 -12.658 -12.575 -12.477 -12.654 -12.389 -12.069 -11.623 -12.539
0.918993 -9.0 -9.333 -10.239 -11.491 -12.122 -12.486 -11.249 -11.611 -12.128 -12.491 -12.635 -12.639 -11.583 -12.267 -12.598 -12.665 -12.635 -12.334 -12.608 -12.675 -12.662 -12.655 -12.542 -12.431 -12.629 -12.398 -12.086 -11.645 -12.505
0.946787 -8.827 -9.136 -10.086 -11.381 -12.046 -12.436 -11.16 -11.507 -12.052 -12.442 -12.606 -12.626 -11.477 -12.201 -12.56 -12.643 -12.625 -12.272 -12.571 -12.654 -12.65 -12.648 -12.505 -12.378 -12.599 -12.403 -12.1 -11.666 -12.466
0.975422 -8.644 -8.924 -9.921 -11.26 -11.961 -12.38 -11.065 -11.392 -11.969 -12.387 -12.572 -12.61 -11.36 -12.127 -12.517 -12.617 -12.61 -12.203 -12.528 -12.628 -12.633 -12.637 -12.461 -12.319 -12.564 -12.406 -12.111 -11.685 -12.422
1.004923 -8.453 -8.695 -9.743 -11.127 -11.867 -12.316 -10.961 -11.267 -11.876 -12.324 -12.532 -12.588 -11.232 -12.045 -12.467 -12.585 -12.591 -12.125 -12.479 -12.596 -12.612 -12.623 -12.411 -12.253 -12.522 -12.405 -12.12 -11.701 -12.371
1.035317 -8.254 -8.448 -9.55 -10.982 -11.764 -12.243 -10.848 -11.129 -11.773 -12.253 -12.485 -12.562 -11.092 -11.953 -12.411 -12.547 -12.567 -12.039 -12.422 -12.559 -12.586 -12.604 -12.355 -12.178 -12.475 -12.401 -12.126 -11.716 -12.314
1.066629 -8.047 -8.18 -9.342 -10.823 -11.649 -12.162 -10.726 -10.978 -11.659 -12.173 -12.432 -12.53 -10.938 -11.851 -12.346 -12.503 -12.538 -11.943 -12.358 -12.515 -12.555 -12.58 -12.291 -12.095 -12.42 -12.393 -12.129 -11.728 -12.249
1.098888 -7.833 -7.891 -9.117 -10.649 -11.522 -12.071 -10.594 -10.812 -11.533 -12.083 -12.371 -12.492 -10.769 -11.738 -12.273 -12.452 -12.503 -11.837 -12.286 -12.465 -12.517 -12.55 -12.219 -12.002 -12.357 -12.38 -12.129 -11.737 -12.177
1.132124 -7.614 -7.578 -8.875 -10.459 -11.381 -11.97 -10.45 -10.631 -11.395 -11.984 -12.302 -12.447 -10.584 -11.613 -12.19 -12.393 -12.461 -11.719 -12.204 -12.407 -12.473 -12.515 -12.139 -11.898 -12.286 -12.363 -12.124 -11.743 -12.097
1.166364 -7.393 -7.239 -8.613 -10.251 -11.227 -11.857 -10.295 -10.432 -11.241 -11.872 -12.224 -12.396 -10.381 -11.475 -12.097 -12.325 -12.412 -11.588 -12.113 -12.34 -12.422 -12.474 -12.048 -11.783 -12.206 -12.341 -12.116 -11.746 -12.007
1.20164 -7.171 -6.871 -8.33 -10.022 -11.056 -11.73 -10.126 -10.213 -11.073 -11.748 -12.136 -12.336 -10.159 -11.322 -11.993 -12.249 -12.356 -11.444 -12.01 -12.264 -12.362 -12.425 -11.948 -11.656 -12.116 -12.313 -12.104 -11.745 -11.908
1.237983 -6.952 -6.473 -8.025 -9.772 -10.868 -11.59 -9.944 -9.974 -10.886 -11.609 -12.036 -12.267 -9.915 -11.153 -11.877 -12.162 -12.291 -11.285 -11.895 -12.178 -12.294 -12.368 -11.836 -11.514 -12.014 -12.279 -12.086 -11.741 -11.798
1.275425 -6.739 -6.04 -7.695 -9.497 -10.66 -11.434 -9.745 -9.711 -10.681 -11.456 -11.925 -12.189 -9.647 -10.966 -11.746 -12.063 -12.216 -11.108 -11.766 -12.081 -12.216 -12.303 -11.711 -11.357 -11.9 -12.238 -12.064 -11.733 -11.677
1.313999 -6.533 -5.57 -7.339 -9.195 -10.43 -11.26 -9.53 -9.422 -10.454 -11.284 -11.8 -12.1 -9.352 -10.759 -11.601 -11.952 -12.131 -10.914 -11.622 -11.972 -12.127 -12.228 -11.572 -11.183 -11.772 -12.19 -12.035 -11.72 -11.543
1.35374 -6.338 -5.061 -6.956 -8.864 -10.177 -11.066 -9.296 -9.104 -10.204 -11.094 -11.66 -11.999 -9.028 -10.53 -11.438 -11.827 -12.035 -10.699 -11.462 -11.848 -12.027 -12.143 -11.418 -10.99 -11.629 -12.133 -12.0 -11.702 -11.395
1.394683 -6.154 -4.509 -6.542 -8.499 -9.896 -10.851 -9.042 -8.755 -9.927 -10.882 -11.504 -11.885 -8.671 -10.277 -11.256 -11.687 -11.925 -10.462 -11.283 -11.709 -11.913 -12.046 -11.247 -10.776 -11.469 -12.067 -11.958 -11.679 -11.232
1.436864 -5.979 -3.912 -6.096 -8.097 -9.586 -10.611 -8.766 -8.369 -9.622 -10.647 -11.328 -11.756 -8.278 -9.997 -11.053 -11.529 -11.801 -10.2 -11.083 -11.553 -11.784 -11.935 -11.058 -10.539 -11.291 -11.991 -11.908 -11.649 -11.053
1.480321 -5.813 -3.273 -5.616 -7.654 -9.243 -10.345 -8.465 -7.944 -9.283 -10.385 -11.133 -11.61 -7.844 -9.686 -10.826 -11.351 -11.66 -9.912 -10.86 -11.378 -11.638 -11.81 -10.847 -10.276 -11.091 -11.904 -11.85 -11.613 -10.856
1.525092 -5.651 -2.596 -5.099 -7.165 -8.863 -10.047 -8.136 -7.474 -8.909 -10.093 -10.914 -11.446 -7.364 -9.342 -10.573 -11.151 -11.501 -9.594 -10.612 -11.181 -11.473 -11.668 -10.613 -9.985 -10.868 -11.803 -11.781 -11.57 -10.639
1.571218 -5.492 -1.899 -4.543 -6.624 -8.44 -9.715 -7.778 -6.953 -8.493 -9.768 -10.669 -11.261 -6.832 -8.959 -10.289 -10.927 -11.321 -9.246 -10.335 -10.96 -11.287 -11.508 -10.353 -9.661 -10.619 -11.688 -11.701 -11.518 -10.402
1.618738 -5.331 -1.217 -3.944 -6.024 -7.971 -9.345 -7.387 -6.377 -8.032 -9.404 -10.395 -11.053 -6.243 -8.533 -9.972 -10.674 -11.118 -8.863 -10.025 -10.711 -11.078 -11.327 -10.063 -9.3 -10.339 -11.557 -11.609 -11.457 -10.142
1.667696 -5.164 -0.603 -3.3 -5.359 -7.448 -8.93 -6.96 -5.736 -7.519 -8.998 -10.088 -10.818 -5.588 -8.058 -9.616 -10.39 -10.889 -8.446 -9.68 -10.431 -10.841 -11.122 -9.741 -8.899 -10.027 -11.406 -11.503 -11.386 -9.858
1.718134 -4.989 -0.104 -2.606 -4.618 -6.865 -8.466 -6.492 -5.022 -6.948 -8.544 -9.744 -10.552 -4.858 -7.529 -9.216 -10.069 -10.629 -7.994 -9.295 -10.116 -10.573 -10.891 -9.381 -8.451 -9.676 -11.235 -11.381 -11.303 -9.548
1.770098 -4.802 0.273 -1.857 -3.792 -6.213 -7.944 -5.98 -4.226 -6.31 -8.034 -9.357 -10.253 -4.044 -6.936 -8.767 -9.708 -10.335 -7.511 -8.864 -9.762 -10.271 -10.629 -8.98 -7.951 -9.282 -11.039 -11.24 -11.206 -9.211
1.823633 -4.6 0.565 -1.046 -2.869 -5.483 -7.357 -5.421 -3.336 -5.597 -7.462 -8.922 -9.914 -3.133 -6.273 -8.261 -9.299 -10.002 -7.004 -8.385 -9.362 -9.928 -10.333 -8.531 -7.392 -8.84 -10.815 -11.078 -11.094 -8.846
1.878788 -4.38 0.82 -0.163 -1.834 -4.663 -6.696 -4.811 -2.338 -4.798 -6.818 -8.433 -9.53 -2.111 -5.528 -7.69 -8.836 -9.623 -6.486 -7.853 -8.911 -9.54 -9.998 -8.027 -6.764 -8.341 -10.559 -10.893 -10.964 -8.455
1.93561 -4.14 1.072 0.803 -0.671 -3.74 -5.948 -4.15 -1.216 -3.901 -6.091 -7.881 -9.095 -0.961 -4.689 -7.044 -8.311 -9.193 -5.975 -7.265 -8.403 -9.1 -9.619 -7.46 -6.059 -7.779 -10.265 -10.679 -10.814 -8.037
1.994152 -3.875 1.34 1.865 0.639 -2.697 -5.101 -3.441 0.05 -2.89 -5.269 -7.256 -8.601 0.336 -3.742 -6.312 -7.713 -8.702 -5.489 -6.623 -7.829 -8.6 -9.19 -6.822 -5.263 -7.143 -9.928 -10.433 -10.641 -7.597
2.054463 -3.583 1.632 3.041 2.122 -1.517 -4.138 -2.696 1.482 -1.749 -4.337 -6.549 -8.038 1.804 -2.669 -5.479 -7.032 -8.141 -5.038 -5.936 -7.184 -8.032 -8.706 -6.1 -4.364 -6.422 -9.541 -10.149 -10.44 -7.137
2.116599 -3.259 1.956 4.349 3.804 -0.177 -3.04 -1.94 3.108 -0.458 -3.277 -5.745 -7.397 3.471 -1.451 -4.528 -6.253 -7.498 -4.615 -5.223 -6.463 -7.388 -8.161 -5.282 -3.345 -5.602 -9.095 -9.82 -10.207 -6.662
2.180614 -2.898 2.317 5.813 5.72 1.352 -1.784 -1.207 4.961 1.009 -2.07 -4.83 -6.663 5.371 -0.062 -3.441 -5.359 -6.76 -4.201 -4.518 -5.667 -6.66 -7.552 -4.35 -2.184 -4.668 -8.579 -9.439 -9.935 -6.175
2.246566 -2.494 2.721 7.459 7.912 3.1 -0.342 -0.528 7.081 2.681 -0.688 -3.785 -5.821 7.546 1.528 -2.192 -4.331 -5.909 -3.773 -3.852 -4.808 -5.843 -6.876 -3.286 -0.857 -3.599 -7.981 -8.997 -9.619 -5.674
2.314511 -2.04 3.176 9.321 10.43 5.11 1.32 0.094 9.516 4.593 0.896 -2.588 -4.854 10.044 3.355 -0.752 -3.143 -4.926 -3.309 -3.233 -3.917 -4.942 -6.14 -2.064 0.665 -2.371 -7.285 -8.48 -9.249 -5.152
2.384512 -1.525 3.691 11.437 13.337 7.428 3.243 0.693 12.327 6.789 2.721 -1.212 -3.739 12.927 5.463 0.913 -1.766 -3.786 -2.792 -2.635 -3.041 -3.977 -5.355 -0.656 2.42 -0.957 -6.473 -7.876 -8.814 -4.596
2.45663 -0.939 4.277 13.859 16.709 10.117 5.479 1.314 15.587 9.322 4.828 0.375 -2.449 16.271 7.908 2.85 -0.164 -2.459 -2.205 -2.015 -2.213 -2.99 -4.536 0.975 4.454 0.681 -5.521 -7.166 -8.302 -3.986
2.530929 -0.267 4.949 16.65 20.64 13.25 8.09 1.997 19.387 12.258 7.272 2.213 -0.953 20.168 10.758 5.111 1.71 -0.909 -1.533 -1.331 -1.417 -2.025 -3.692 2.874 6.823 2.588 -4.401 -6.329 -7.695 -3.303
2.607475 0.509 5.724 19.892 25.251 16.922 11.155 2.776 23.839 15.682 10.118 4.35 0.79 24.734 14.098 7.765 3.912 0.909 -0.757 -0.553 -0.592 -1.085 -2.812 5.098 9.599 4.819 -3.078 -5.339 -6.974 -2.523
2.686337 1.411 6.627 23.689 30.692 21.251 14.773 3.679 29.086 19.696 13.445 6.847 2.827 30.115 18.035 10.897 6.512 3.051 0.145 0.35 0.325 -0.113 -1.858 7.718 12.871 7.445 -1.506 -4.161 -6.113 -1.619
2.767583 2.469 7.684 28.176 37.151 26.386 19.069 4.737 35.306 24.434 17.356 9.778 5.219 36.495 22.705 14.616 9.6 5.586 1.203 1.408 1.386 0.967 -0.78 10.825 16.754 10.557 0.371 -2.753 -5.08 -0.561
2.851287 3.466 8.682 31.917 42.483 30.654 22.666 5.735 40.44 28.368 20.617 12.261 7.274 41.754 26.599 17.751 12.232 7.766 2.201 2.405 2.384 1.969 0.223 13.47 20.021 13.204 2.04 -1.461 -4.087 0.437
2.937522 4.0 9.215 32.45 43.016 31.188 23.199 6.268 40.973 28.902 21.151 12.794 7.807 42.287 27.133 18.285 12.765 8.299 2.734 2.939 2.917 2.502 0.756 14.003 20.554 13.738 2.573 -0.928 -3.554 0.97
3.026365 4.566 9.781 33.016 43.582 31.754 23.765 6.834 41.539 29.468 21.717 13.36 8.373 42.853 27.699 18.851 13.331 8.865 3.3 3.505 3.483 3.068 1.322 14.569 21.121 14.304 3.139 -0.362 -2.987 1.536
3.117896 5.167 10.382 33.617 44.183 32.355 24.366 7.435 42.14 30.069 22.318 13.961 8.974 43.454 28.3 19.452 13.932 9.466 3.901 4.106 4.084 3.669 1.923 15.17 21.721 14.905 3.74 0.239 -2.387 2.137
3.212194 5.804 11.02 34.255 44.821 32.992 25.004 8.073 42.778 30.707 22.955 14.599 9.612 44.092 28.937 20.09 14.57 10.104 4.539 4.743 4.722 4.307 2.561 15.808 22.359 15.542 4.378 0.877 -1.749 2.775
3.309345 6.481 11.697 34.932 45.498 33.669 25.681 8.75 43.455 31.384 23.632 15.276 10.289 44.769 29.614 20.766 15.247 10.781 5.216 5.42 5.399 4.984 3.238 16.485 23.036 16.219 5.055 1.554 -1.072 3.452
3.409434 7.2 12.415 35.65 46.216 34.388 26.4 9.468 44.173 32.102 24.351 15.994 11.007 45.487 30.333 21.485 15.965 11.5 5.934 6.139 6.117 5.702 3.956 17.203 23.755 16.938 5.773 2.272 -0.353 4.17
3.51255 7.962 13.178 36.413 46.979 35.15 27.162 10.231 44.936 32.865 25.113 16.757 11.77 46.25 31.095 22.248 16.728 12.262 6.697 6.902 6.88 6.465 4.719 17.966 24.517 17.701 6.536 3.035 0.409 4.933
3.618785 8.772 13.988 37.222 47.788 35.96 27.972 11.04 45.745 33.674 25.923 17.566 12.579 47.059 31.905 23.057 17.537 13.072 7.506 7.711 7.69 7.274 5.528 18.775 25.327 18.51 7.345 3.845 1.219 5.742
3.728232 9.631 14.847 38.082 48.648 36.819 28.831 11.899 46.604 34.533 26.782 18.425 13.439 47.919 32.764 23.916 18.396 13.931 8.365 8.57 8.549 8.133 6.388 19.634 26.186 19.369 8.204 4.704 2.078 6.602
3.84099 10.543 15.759 38.993 49.56 37.731 29.743 12.811 47.516 35.445 27.694 19.337 14.35 48.83 33.676 24.828 19.308 14.843 9.277 9.482 9.461 9.045 7.299 20.546 27.098 20.281 9.116 5.616 2.99 7.514
3.957158 11.511 16.727 39.961 50.527 38.699 30.711 13.779 48.484 36.413 28.662 20.305 15.318 49.798 34.644 25.796 20.276 15.811 10.245 10.45 10.429 10.013 8.267 21.514 28.066 21.249 10.084 6.584 3.958 8.481
4.07684 12.538 17.754 40.989 51.555 39.726 31.738 14.807 49.512 37.44 29.689 21.333 16.346 50.826 35.671 26.823 21.304 16.838 11.273 11.477 11.456 11.041 9.295 22.542 29.093 22.276 11.112 7.611 4.985 9.509
4.200141 13.629 18.844 42.079 52.645 40.817 32.828 15.897 50.602 38.531 30.78 22.423 17.436 51.916 36.762 27.914 22.394 17.928 12.363 12.568 12.546 12.131 10.385 23.632 30.184 23.367 12.202 8.701 6.076 10.599
4.327172 14.786 20.002 43.237 53.803 41.974 33.986 17.054 51.759 39.688 31.937 23.58 18.594 53.074 37.919 29.071 23.551 19.086 13.52 13.725 13.704 13.288 11.542 24.789 31.341 24.524 13.359 9.859 7.233 11.757
4.458044 16.014 21.23 44.465 55.031 43.202 35.214 18.283 52.988 40.917 33.165 24.809 19.822 54.302 39.147 30.3 24.78 20.314 14.749 14.954 14.932 14.517 12.771 26.018 32.569 25.753 14.588 11.087 8.461 12.985
4.592874 17.318 22.534 45.769 56.335 44.506 36.518 19.587 54.292 42.221 34.469 26.113 21.126 55.606 40.451 31.604 26.084 21.618 16.053 16.258 16.236 15.821 14.075 27.322 33.873 27.056 15.892 12.391 9.765 14.289
4.731783 18.702 23.918 47.153 57.719 45.89 37.902 20.971 55.676 43.605 35.853 27.497 22.51 56.99 41.835 32.988 27.468 23.002 17.437 17.641 17.62 17.205 15.459 28.706 35.257 28.44 17.276 13.775 11.149 15.673
4.874892 20.171 25.387 48.622 59.188 47.359 39.371 22.44 57.145 45.074 37.322 28.966 23.979 58.459 43.304 34.456 28.937 24.471 18.906 19.11 19.089 18.674 16.928 30.175 36.726 29.909 18.745 15.244 12.618 17.142
5.02233 21.73 26.946 50.181 60.747 48.918 40.93 23.999 58.704 46.633 38.881 30.525 25.538 60.018 44.863 36.016 30.496 26.03 20.465 20.669 20.648 20.233 18.487 31.734 38.285 31.468 20.304 16.803 14.177 18.701
5.174227 23.385 28.601 51.836 62.402 50.573 42.585 25.654 60.359 48.287 40.536 32.18 27.193 61.673 46.518 37.67 32.151 27.685 22.12 22.324 22.303 21.888 20.142 33.389 39.94 33.123 21.959 18.458 15.832 20.356
5.330718 25.142 30.357 53.592 64.158 52.33 44.341 27.41 62.115 50.044 42.293 33.936 28.949 63.429 48.275 39.427 33.907 29.441 23.876 24.081 24.059 23.644 21.898 35.145 41.697 34.88 23.715 20.214 17.589 22.112
5.491942 27.006 32.222 55.457 66.023 54.194 46.206 29.274 63.979 51.908 44.157 35.8 30.813 65.293 50.139 41.291 35.771 31.306 25.74 25.945 25.924 25.508 23.762 37.009 43.561 36.744 25.579 22.079 19.453 23.977
5.658042 28.985 34.2 57.435 68.001 56.173 48.185 31.253 65.958 53.887 46.136 37.779 32.792 67.272 52.118 43.27 37.75 33.285 27.719 27.924 27.902 27.487 25.741 38.988 45.54 38.723 27.558 24.057 21.432 25.955
5.829166 31.085 36.301 59.536 70.102 58.273 50.285 33.353 68.059 55.987 48.236 39.879 34.893 69.373 54.218 45.37 39.851 35.385 29.819 30.024 30.003 29.587 27.842 41.088 47.64 40.823 29.658 26.158 23.532 28.056
6.005465 33.314 38.53 61.765 72.331 60.502 52.514 35.583 70.288 58.217 50.465 42.109 37.122 71.602 56.447 47.6 42.08 37.614 32.049 32.253 32.232 31.817 30.071 43.318 49.869 43.052 31.888 28.387 25.761 30.285
6.187096 35.681 40.896 64.131 74.697 62.869 54.88 37.949 72.654 60.583 52.831 44.475 39.488 73.968 58.814 49.966 44.446 39.98 34.415 34.62 34.598 34.183 32.437 45.684 52.235 45.419 34.254 30.753 28.127 32.651
