web/models/kne.last_good/kappa_0.5_3.0.v1/20/villar_0.0512_0.0770_0.5000.dat
# %ECSV 1.0
# ---
# datatype:
# - {name: time, datatype: float64}
# - {name: swift_uvot_uvw2, datatype: float64}
# - {name: swift_uvot_uvm2, datatype: float64}
# - {name: swift_uvot_uvw1, datatype: float64}
# - {name: swift_uvot_U, datatype: float64}
# - {name: swift_uvot_B, datatype: float64}
# - {name: swift_uvot_V, datatype: float64}
# - {name: swift_uvot_W, datatype: float64}
# - {name: johnson_U, datatype: float64}
# - {name: johnson_B, datatype: float64}
# - {name: johnson_V, datatype: float64}
# - {name: johnson_R, datatype: float64}
# - {name: johnson_I, datatype: float64}
# - {name: sdss_u, datatype: float64}
# - {name: sdss_g, datatype: float64}
# - {name: sdss_r, datatype: float64}
# - {name: sdss_i, datatype: float64}
# - {name: sdss_z, datatype: float64}
# - {name: PS1_g, datatype: float64}
# - {name: PS1_r, datatype: float64}
# - {name: PS1_i, datatype: float64}
# - {name: PS1_z, datatype: float64}
# - {name: PS1_Y, datatype: float64}
# - {name: PS1_w, datatype: float64}
# - {name: ATLAS_c, datatype: float64}
# - {name: ATLAS_o, datatype: float64}
# - {name: ukirt_J, datatype: float64}
# - {name: ukirt_H, datatype: float64}
# - {name: ukirt_K, datatype: float64}
# - {name: Clear, datatype: float64}
# meta: !!omap
# - comment: [kappa = 0.5, type = villar, mass = 0.051209162050732976, velocity = 0.07700000000000001, theta_obs = 0.0]
# schema: astropy-2.0
time swift_uvot_uvw2 swift_uvot_uvm2 swift_uvot_uvw1 swift_uvot_U swift_uvot_B swift_uvot_V swift_uvot_W johnson_U johnson_B johnson_V johnson_R johnson_I sdss_u sdss_g sdss_r sdss_i sdss_z PS1_g PS1_r PS1_i PS1_z PS1_Y PS1_w ATLAS_c ATLAS_o ukirt_J ukirt_H ukirt_K Clear
0.001 757.232 762.447 785.682 nan 784.421 776.431 759.5 nan 782.134 774.383 766.026 761.039 nan 780.365 771.517 765.997 761.531 755.966 756.171 756.149 755.734 753.988 767.235 773.787 766.97 755.805 752.304 749.679 754.202
0.00103 -4.241 -3.996 -3.849 -3.405 -3.038 -2.647 -3.693 -3.35 -3.034 -2.636 -2.24 -1.782 -3.36 -2.913 -2.417 -2.054 -1.714 -2.915 -2.482 -2.142 -1.949 -2.044 -2.484 -2.72 -2.269 -1.037 -0.489 0.144 -2.566
0.001061 -4.699 -4.393 -4.229 -3.738 -3.35 -2.943 -4.075 -3.68 -3.346 -2.932 -2.525 -2.056 -3.69 -3.22 -2.706 -2.334 -1.987 -3.234 -2.79 -2.449 -2.272 -2.425 -2.778 -3.02 -2.554 -1.3 -0.746 -0.108 -2.865
0.001094 -4.969 -4.631 -4.458 -3.945 -3.547 -3.132 -4.304 -3.885 -3.543 -3.121 -2.708 -2.235 -3.895 -3.414 -2.891 -2.515 -2.165 -3.436 -2.988 -2.647 -2.48 -2.666 -2.965 -3.21 -2.738 -1.473 -0.916 -0.276 -3.054
0.001127 -5.167 -4.807 -4.629 -4.102 -3.698 -3.278 -4.476 -4.041 -3.694 -3.267 -2.851 -2.375 -4.052 -3.564 -3.035 -2.656 -2.304 -3.592 -3.141 -2.801 -2.641 -2.85 -3.111 -3.358 -2.881 -1.609 -1.051 -0.409 -3.201
0.001161 -5.327 -4.951 -4.769 -4.233 -3.825 -3.402 -4.617 -4.171 -3.821 -3.391 -2.972 -2.494 -4.182 -3.689 -3.157 -2.776 -2.423 -3.722 -3.269 -2.93 -2.776 -3.002 -3.234 -3.482 -3.002 -1.726 -1.166 -0.524 -3.325
0.001196 -5.464 -5.075 -4.891 -4.348 -3.936 -3.511 -4.739 -4.286 -3.933 -3.5 -3.08 -2.6 -4.297 -3.8 -3.265 -2.883 -2.529 -3.837 -3.383 -3.045 -2.895 -3.133 -3.343 -3.592 -3.11 -1.83 -1.27 -0.627 -3.435
0.001232 -5.584 -5.187 -5.0 -4.452 -4.038 -3.611 -4.849 -4.389 -4.034 -3.6 -3.178 -2.697 -4.4 -3.901 -3.364 -2.981 -2.626 -3.94 -3.486 -3.148 -3.002 -3.25 -3.443 -3.692 -3.209 -1.926 -1.365 -0.721 -3.535
0.001269 -5.694 -5.288 -5.1 -4.548 -4.132 -3.704 -4.949 -4.485 -4.128 -3.692 -3.27 -2.788 -4.496 -3.995 -3.456 -3.072 -2.716 -4.037 -3.581 -3.245 -3.101 -3.357 -3.535 -3.785 -3.3 -2.016 -1.454 -0.81 -3.628
0.001308 -5.794 -5.383 -5.194 -4.638 -4.221 -3.791 -5.043 -4.575 -4.217 -3.78 -3.357 -2.874 -4.586 -4.083 -3.543 -3.158 -2.802 -4.127 -3.671 -3.335 -3.194 -3.456 -3.623 -3.873 -3.387 -2.101 -1.539 -0.894 -3.716
0.001347 -5.889 -5.472 -5.282 -4.724 -4.305 -3.874 -5.131 -4.66 -4.301 -3.863 -3.439 -2.956 -4.671 -4.167 -3.626 -3.241 -2.884 -4.212 -3.756 -3.42 -3.281 -3.548 -3.706 -3.957 -3.47 -2.182 -1.62 -0.975 -3.799
0.001388 -5.977 -5.557 -5.366 -4.805 -4.386 -3.954 -5.215 -4.741 -4.382 -3.943 -3.519 -3.035 -4.752 -4.247 -3.706 -3.32 -2.963 -4.294 -3.837 -3.502 -3.365 -3.636 -3.786 -4.037 -3.549 -2.261 -1.698 -1.053 -3.879
0.00143 -6.062 -5.637 -5.446 -4.884 -4.463 -4.031 -5.295 -4.82 -4.46 -4.02 -3.596 -3.111 -4.831 -4.325 -3.783 -3.397 -3.039 -4.373 -3.916 -3.581 -3.445 -3.72 -3.863 -4.114 -3.626 -2.337 -1.774 -1.129 -3.956
0.001473 -6.142 -5.715 -5.523 -4.96 -4.539 -4.106 -5.373 -4.896 -4.535 -4.095 -3.67 -3.185 -4.907 -4.4 -3.857 -3.471 -3.114 -4.449 -3.992 -3.657 -3.522 -3.8 -3.937 -4.189 -3.701 -2.41 -1.847 -1.202 -4.031
0.001518 -6.22 -5.791 -5.598 -5.034 -4.612 -4.179 -5.448 -4.97 -4.608 -4.168 -3.743 -3.258 -4.98 -4.474 -3.93 -3.543 -3.186 -4.523 -4.066 -3.731 -3.597 -3.877 -4.01 -4.262 -3.773 -2.483 -1.919 -1.274 -4.104
0.001564 -6.295 -5.864 -5.671 -5.106 -4.684 -4.251 -5.521 -5.041 -4.68 -4.239 -3.814 -3.329 -5.052 -4.545 -4.001 -3.614 -3.257 -4.595 -4.138 -3.803 -3.67 -3.952 -4.082 -4.334 -3.844 -2.553 -1.99 -1.344 -4.176
0.001611 -6.368 -5.935 -5.742 -5.176 -4.754 -4.32 -5.592 -5.112 -4.75 -4.309 -3.884 -3.398 -5.123 -4.615 -4.071 -3.684 -3.326 -4.665 -4.208 -3.874 -3.741 -4.024 -4.151 -4.403 -3.914 -2.623 -2.059 -1.414 -4.246
0.00166 -6.439 -6.005 -5.812 -5.245 -4.822 -4.389 -5.661 -5.181 -4.819 -4.378 -3.952 -3.466 -5.192 -4.684 -4.14 -3.752 -3.395 -4.734 -4.277 -3.943 -3.81 -4.095 -4.22 -4.472 -3.983 -2.691 -2.127 -1.482 -4.314
0.00171 -6.508 -6.073 -5.88 -5.313 -4.89 -4.456 -5.729 -5.248 -4.886 -4.445 -4.019 -3.534 -5.259 -4.751 -4.207 -3.82 -3.462 -4.802 -4.345 -4.011 -3.878 -4.163 -4.287 -4.539 -4.05 -2.758 -2.194 -1.549 -4.382
0.001761 -6.575 -6.14 -5.947 -5.379 -4.957 -4.523 -5.796 -5.315 -4.953 -4.512 -4.086 -3.6 -5.326 -4.818 -4.273 -3.886 -3.528 -4.869 -4.411 -4.077 -3.945 -4.231 -4.354 -4.606 -4.116 -2.824 -2.261 -1.615 -4.448
0.001815 -6.641 -6.206 -6.012 -5.445 -5.022 -4.588 -5.862 -5.381 -5.018 -4.577 -4.151 -3.666 -5.392 -4.883 -4.339 -3.952 -3.594 -4.934 -4.477 -4.143 -4.011 -4.297 -4.419 -4.672 -4.182 -2.89 -2.326 -1.68 -4.514
0.00187 -6.706 -6.271 -6.077 -5.51 -5.087 -4.653 -5.927 -5.445 -5.083 -4.642 -4.216 -3.73 -5.456 -4.948 -4.404 -4.016 -3.658 -4.999 -4.542 -4.208 -4.076 -4.361 -4.484 -4.736 -4.247 -2.954 -2.391 -1.745 -4.578
0.001926 -6.769 -6.335 -6.141 -5.574 -5.151 -4.717 -5.991 -5.509 -5.147 -4.706 -4.28 -3.794 -5.52 -5.012 -4.468 -4.08 -3.722 -5.063 -4.606 -4.272 -4.14 -4.425 -4.548 -4.8 -4.311 -3.018 -2.455 -1.809 -4.642
0.001984 -6.832 -6.398 -6.204 -5.637 -5.214 -4.78 -6.054 -5.573 -5.21 -4.769 -4.343 -3.858 -5.584 -5.075 -4.531 -4.144 -3.786 -5.126 -4.669 -4.335 -4.203 -4.488 -4.612 -4.864 -4.374 -3.082 -2.518 -1.873 -4.706
0.002044 -6.894 -6.46 -6.266 -5.699 -5.277 -4.843 -6.116 -5.635 -5.273 -4.832 -4.406 -3.921 -5.646 -5.138 -4.594 -4.207 -3.849 -5.189 -4.732 -4.397 -4.265 -4.55 -4.674 -4.926 -4.437 -3.145 -2.581 -1.936 -4.768
0.002106 -6.954 -6.521 -6.328 -5.761 -5.339 -4.905 -6.178 -5.697 -5.335 -4.894 -4.468 -3.983 -5.708 -5.2 -4.656 -4.269 -3.911 -5.251 -4.793 -4.459 -4.327 -4.61 -4.736 -4.988 -4.499 -3.207 -2.644 -1.998 -4.831
0.00217 -7.014 -6.582 -6.389 -5.823 -5.4 -4.967 -6.238 -5.758 -5.397 -4.956 -4.53 -4.045 -5.769 -5.262 -4.718 -4.331 -3.973 -5.312 -4.855 -4.521 -4.388 -4.671 -4.798 -5.05 -4.561 -3.269 -2.706 -2.06 -4.892
0.002236 -7.074 -6.642 -6.449 -5.884 -5.461 -5.028 -6.299 -5.819 -5.458 -5.017 -4.592 -4.106 -5.83 -5.323 -4.779 -4.392 -4.034 -5.373 -4.916 -4.581 -4.448 -4.73 -4.859 -5.111 -4.622 -3.331 -2.767 -2.122 -4.953
0.002303 -7.132 -6.702 -6.509 -5.944 -5.522 -5.089 -6.359 -5.88 -5.518 -5.078 -4.652 -4.167 -5.891 -5.383 -4.84 -4.453 -4.095 -5.433 -4.976 -4.642 -4.508 -4.789 -4.92 -5.172 -4.683 -3.392 -2.829 -2.183 -5.014
0.002373 -7.19 -6.761 -6.568 -6.004 -5.582 -5.149 -6.418 -5.94 -5.578 -5.138 -4.713 -4.228 -5.951 -5.444 -4.9 -4.514 -4.156 -5.493 -5.036 -4.701 -4.567 -4.847 -4.981 -5.232 -4.744 -3.453 -2.89 -2.244 -5.075
0.002445 -7.247 -6.82 -6.627 -6.063 -5.642 -5.209 -6.477 -5.999 -5.638 -5.198 -4.773 -4.288 -6.01 -5.504 -4.961 -4.574 -4.216 -5.552 -5.095 -4.761 -4.626 -4.904 -5.041 -5.292 -4.804 -3.513 -2.95 -2.305 -5.135
0.002519 -7.304 -6.878 -6.686 -6.122 -5.701 -5.269 -6.535 -6.058 -5.698 -5.258 -4.833 -4.348 -6.069 -5.563 -5.02 -4.634 -4.276 -5.611 -5.154 -4.82 -4.684 -4.961 -5.1 -5.352 -4.863 -3.573 -3.01 -2.365 -5.194
0.002595 -7.36 -6.935 -6.743 -6.181 -5.76 -5.328 -6.593 -6.117 -5.757 -5.317 -4.892 -4.408 -6.128 -5.622 -5.08 -4.693 -4.336 -5.67 -5.213 -4.878 -4.742 -5.018 -5.16 -5.411 -4.923 -3.633 -3.07 -2.425 -5.253
0.002673 -7.416 -6.993 -6.801 -6.239 -5.819 -5.387 -6.65 -6.175 -5.815 -5.376 -4.952 -4.467 -6.186 -5.681 -5.139 -4.753 -4.395 -5.728 -5.272 -4.936 -4.8 -5.074 -5.219 -5.47 -4.982 -3.693 -3.13 -2.485 -5.312
0.002754 -7.471 -7.049 -6.858 -6.297 -5.877 -5.446 -6.707 -6.234 -5.874 -5.435 -5.01 -4.526 -6.244 -5.739 -5.198 -4.812 -4.455 -5.786 -5.33 -4.994 -4.857 -5.13 -5.277 -5.529 -5.041 -3.752 -3.189 -2.544 -5.371
0.002837 -7.526 -7.106 -6.915 -6.355 -5.936 -5.504 -6.764 -6.291 -5.932 -5.493 -5.069 -4.585 -6.302 -5.798 -5.256 -4.87 -4.513 -5.844 -5.387 -5.052 -4.914 -5.185 -5.336 -5.587 -5.1 -3.811 -3.248 -2.604 -5.429
0.002923 -7.58 -7.162 -6.972 -6.412 -5.993 -5.563 -6.821 -6.349 -5.99 -5.551 -5.127 -4.644 -6.36 -5.856 -5.314 -4.929 -4.572 -5.901 -5.445 -5.109 -4.971 -5.24 -5.394 -5.645 -5.158 -3.87 -3.307 -2.663 -5.487
0.003012 -7.634 -7.218 -7.028 -6.47 -6.051 -5.62 -6.877 -6.406 -6.047 -5.609 -5.186 -4.702 -6.417 -5.913 -5.372 -4.987 -4.63 -5.958 -5.502 -5.166 -5.027 -5.294 -5.452 -5.703 -5.216 -3.929 -3.366 -2.721 -5.545
0.003103 -7.688 -7.273 -7.084 -6.526 -6.108 -5.678 -6.933 -6.463 -6.104 -5.667 -5.243 -4.76 -6.474 -5.971 -5.43 -5.045 -4.689 -6.015 -5.559 -5.223 -5.083 -5.348 -5.51 -5.76 -5.274 -3.987 -3.425 -2.78 -5.603
0.003196 -7.741 -7.328 -7.139 -6.583 -6.165 -5.736 -6.988 -6.52 -6.162 -5.724 -5.301 -4.818 -6.531 -6.028 -5.488 -5.103 -4.747 -6.072 -5.616 -5.28 -5.139 -5.402 -5.567 -5.818 -5.332 -4.045 -3.483 -2.839 -5.66
0.003293 -7.794 -7.383 -7.195 -6.639 -6.222 -5.793 -7.043 -6.576 -6.218 -5.782 -5.359 -4.876 -6.587 -6.085 -5.545 -5.16 -4.804 -6.128 -5.672 -5.336 -5.195 -5.455 -5.624 -5.875 -5.389 -4.103 -3.541 -2.897 -5.717
0.003393 -7.846 -7.438 -7.25 -6.696 -6.279 -5.85 -7.098 -6.632 -6.275 -5.839 -5.416 -4.933 -6.643 -6.142 -5.602 -5.218 -4.862 -6.184 -5.728 -5.392 -5.25 -5.509 -5.681 -5.932 -5.446 -4.161 -3.599 -2.955 -5.774
0.003495 -7.899 -7.492 -7.304 -6.752 -6.335 -5.907 -7.153 -6.688 -6.331 -5.895 -5.473 -4.991 -6.699 -6.198 -5.659 -5.275 -4.919 -6.24 -5.785 -5.448 -5.305 -5.561 -5.738 -5.988 -5.503 -4.219 -3.657 -3.013 -5.831
0.003601 -7.951 -7.546 -7.359 -6.807 -6.392 -5.963 -7.207 -6.744 -6.388 -5.952 -5.53 -5.048 -6.755 -6.254 -5.716 -5.332 -4.977 -6.296 -5.84 -5.504 -5.36 -5.614 -5.795 -6.045 -5.56 -4.276 -3.714 -3.071 -5.888
0.00371 -8.002 -7.6 -7.413 -6.863 -6.448 -6.02 -7.262 -6.8 -6.444 -6.009 -5.587 -5.105 -6.811 -6.311 -5.773 -5.389 -5.034 -6.351 -5.896 -5.559 -5.414 -5.666 -5.851 -6.101 -5.617 -4.333 -3.772 -3.128 -5.944
0.003822 -8.053 -7.654 -7.467 -6.918 -6.503 -6.076 -7.316 -6.855 -6.5 -6.065 -5.643 -5.162 -6.866 -6.367 -5.829 -5.446 -5.091 -6.406 -5.951 -5.614 -5.469 -5.718 -5.908 -6.158 -5.674 -4.391 -3.829 -3.186 -6.0
0.003938 -8.105 -7.707 -7.521 -6.973 -6.559 -6.132 -7.369 -6.91 -6.555 -6.121 -5.7 -5.219 -6.921 -6.422 -5.886 -5.502 -5.147 -6.462 -6.007 -5.67 -5.523 -5.77 -5.964 -6.214 -5.73 -4.448 -3.887 -3.243 -6.056
0.004057 -8.155 -7.76 -7.575 -7.028 -6.615 -6.188 -7.423 -6.965 -6.611 -6.177 -5.756 -5.275 -6.976 -6.478 -5.942 -5.559 -5.204 -6.516 -6.062 -5.725 -5.577 -5.822 -6.02 -6.269 -5.786 -4.505 -3.944 -3.3 -6.112
0.00418 -8.206 -7.813 -7.628 -7.083 -6.67 -6.244 -7.476 -7.02 -6.666 -6.233 -5.812 -5.332 -7.031 -6.534 -5.998 -5.615 -5.26 -6.571 -6.117 -5.779 -5.631 -5.873 -6.076 -6.325 -5.842 -4.561 -4.001 -3.357 -6.168
0.004306 -8.256 -7.866 -7.681 -7.137 -6.725 -6.3 -7.53 -7.075 -6.721 -6.288 -5.868 -5.388 -7.086 -6.589 -6.054 -5.671 -5.317 -6.626 -6.172 -5.834 -5.685 -5.925 -6.132 -6.381 -5.898 -4.618 -4.057 -3.414 -6.224
0.004436 -8.306 -7.918 -7.735 -7.192 -6.78 -6.355 -7.583 -7.129 -6.776 -6.344 -5.924 -5.444 -7.14 -6.644 -6.11 -5.727 -5.373 -6.68 -6.226 -5.889 -5.738 -5.976 -6.187 -6.436 -5.954 -4.675 -4.114 -3.471 -6.279
0.00457 -8.356 -7.971 -7.787 -7.246 -6.835 -6.411 -7.635 -7.184 -6.831 -6.399 -5.98 -5.5 -7.195 -6.699 -6.165 -5.783 -5.429 -6.735 -6.281 -5.943 -5.792 -6.026 -6.243 -6.491 -6.01 -4.731 -4.171 -3.528 -6.334
0.004709 -8.405 -8.023 -7.84 -7.3 -6.89 -6.466 -7.688 -7.238 -6.886 -6.455 -6.036 -5.556 -7.249 -6.754 -6.221 -5.839 -5.485 -6.789 -6.335 -5.997 -5.845 -6.077 -6.298 -6.547 -6.066 -4.787 -4.227 -3.585 -6.39
0.004851 -8.455 -8.075 -7.893 -7.354 -6.945 -6.521 -7.74 -7.292 -6.941 -6.51 -6.091 -5.612 -7.303 -6.809 -6.276 -5.895 -5.541 -6.843 -6.39 -6.051 -5.898 -6.128 -6.353 -6.602 -6.121 -4.844 -4.284 -3.641 -6.445
0.004998 -8.504 -8.127 -7.945 -7.408 -6.999 -6.576 -7.793 -7.346 -6.995 -6.565 -6.146 -5.668 -7.357 -6.864 -6.331 -5.95 -5.597 -6.897 -6.444 -6.105 -5.951 -6.178 -6.408 -6.657 -6.177 -4.9 -4.34 -3.698 -6.5
0.005149 -8.553 -8.178 -7.997 -7.462 -7.054 -6.631 -7.845 -7.4 -7.05 -6.62 -6.202 -5.723 -7.411 -6.918 -6.387 -6.006 -5.653 -6.951 -6.498 -6.159 -6.004 -6.228 -6.463 -6.711 -6.232 -4.956 -4.396 -3.754 -6.555
0.005305 -8.602 -8.23 -8.049 -7.515 -7.108 -6.686 -7.896 -7.454 -7.104 -6.675 -6.257 -5.779 -7.464 -6.973 -6.442 -6.061 -5.708 -7.004 -6.552 -6.213 -6.057 -6.278 -6.518 -6.766 -6.287 -5.012 -4.452 -3.81 -6.609
0.005465 -8.65 -8.281 -8.101 -7.569 -7.162 -6.74 -7.948 -7.507 -7.158 -6.729 -6.312 -5.834 -7.518 -7.027 -6.496 -6.116 -5.764 -7.058 -6.606 -6.267 -6.11 -6.328 -6.573 -6.821 -6.342 -5.068 -4.508 -3.866 -6.664
0.00563 -8.698 -8.332 -8.153 -7.622 -7.216 -6.795 -8.0 -7.561 -7.212 -6.784 -6.367 -5.89 -7.571 -7.081 -6.551 -6.172 -5.819 -7.111 -6.659 -6.32 -6.162 -6.378 -6.628 -6.875 -6.397 -5.123 -4.564 -3.923 -6.718
0.005801 -8.746 -8.383 -8.204 -7.675 -7.27 -6.849 -8.051 -7.614 -7.266 -6.838 -6.422 -5.945 -7.625 -7.135 -6.606 -6.227 -5.874 -7.165 -6.713 -6.374 -6.215 -6.427 -6.682 -6.929 -6.452 -5.179 -4.62 -3.979 -6.773
0.005976 -8.794 -8.433 -8.255 -7.728 -7.324 -6.904 -8.102 -7.667 -7.32 -6.893 -6.477 -6.0 -7.678 -7.189 -6.661 -6.282 -5.93 -7.218 -6.766 -6.427 -6.267 -6.477 -6.737 -6.984 -6.507 -5.235 -4.676 -4.035 -6.827
0.006157 -8.842 -8.484 -8.307 -7.781 -7.377 -6.958 -8.154 -7.72 -7.373 -6.947 -6.531 -6.055 -7.731 -7.243 -6.715 -6.336 -5.985 -7.271 -6.82 -6.48 -6.32 -6.526 -6.791 -7.038 -6.561 -5.29 -4.732 -4.091 -6.881
0.006343 -8.89 -8.534 -8.358 -7.834 -7.431 -7.012 -8.205 -7.773 -7.427 -7.001 -6.586 -6.11 -7.784 -7.297 -6.77 -6.391 -6.04 -7.324 -6.873 -6.533 -6.372 -6.576 -6.845 -7.092 -6.616 -5.346 -4.787 -4.146 -6.935
0.006535 -8.937 -8.585 -8.409 -7.887 -7.484 -7.066 -8.255 -7.826 -7.48 -7.055 -6.64 -6.165 -7.836 -7.351 -6.824 -6.446 -6.095 -7.377 -6.926 -6.586 -6.424 -6.625 -6.899 -7.146 -6.67 -5.401 -4.843 -4.202 -6.989
0.006732 -8.984 -8.635 -8.459 -7.939 -7.538 -7.12 -8.306 -7.878 -7.534 -7.109 -6.695 -6.22 -7.889 -7.404 -6.878 -6.501 -6.15 -7.43 -6.979 -6.639 -6.476 -6.674 -6.954 -7.199 -6.725 -5.456 -4.898 -4.258 -7.043
0.006936 -9.031 -8.685 -8.51 -7.992 -7.591 -7.174 -8.357 -7.931 -7.587 -7.163 -6.749 -6.275 -7.942 -7.458 -6.932 -6.555 -6.204 -7.482 -7.033 -6.692 -6.528 -6.723 -7.007 -7.253 -6.779 -5.511 -4.954 -4.313 -7.097
0.007146 -9.078 -8.734 -8.56 -8.044 -7.644 -7.228 -8.407 -7.983 -7.64 -7.217 -6.803 -6.329 -7.994 -7.511 -6.987 -6.61 -6.259 -7.535 -7.085 -6.745 -6.58 -6.772 -7.061 -7.307 -6.833 -5.567 -5.009 -4.369 -7.151
0.007362 -9.125 -8.784 -8.611 -8.096 -7.697 -7.282 -8.457 -8.036 -7.693 -7.271 -6.858 -6.384 -8.046 -7.564 -7.041 -6.664 -6.314 -7.587 -7.138 -6.798 -6.632 -6.82 -7.115 -7.36 -6.887 -5.622 -5.065 -4.424 -7.204
0.007585 -9.171 -8.834 -8.661 -8.148 -7.75 -7.335 -8.507 -8.088 -7.746 -7.324 -6.912 -6.438 -8.099 -7.618 -7.094 -6.718 -6.368 -7.64 -7.191 -6.851 -6.683 -6.869 -7.169 -7.414 -6.941 -5.677 -5.12 -4.48 -7.258
0.007814 -9.218 -8.883 -8.711 -8.2 -7.803 -7.389 -8.557 -8.14 -7.799 -7.378 -6.966 -6.493 -8.151 -7.671 -7.148 -6.772 -6.423 -7.692 -7.244 -6.903 -6.735 -6.918 -7.223 -7.467 -6.995 -5.732 -5.175 -4.535 -7.311
0.00805 -9.264 -8.932 -8.761 -8.252 -7.856 -7.442 -8.607 -8.192 -7.852 -7.431 -7.02 -6.547 -8.203 -7.724 -7.202 -6.827 -6.477 -7.744 -7.296 -6.956 -6.786 -6.966 -7.276 -7.521 -7.049 -5.786 -5.23 -4.591 -7.365
0.008294 -9.31 -8.981 -8.811 -8.304 -7.908 -7.496 -8.657 -8.244 -7.905 -7.485 -7.074 -6.602 -8.255 -7.777 -7.256 -6.881 -6.532 -7.796 -7.349 -7.008 -6.838 -7.015 -7.33 -7.574 -7.103 -5.841 -5.285 -4.646 -7.418
0.008545 -9.356 -9.03 -8.861 -8.356 -7.961 -7.549 -8.707 -8.296 -7.957 -7.538 -7.127 -6.656 -8.307 -7.829 -7.309 -6.935 -6.586 -7.849 -7.402 -7.061 -6.889 -7.063 -7.383 -7.627 -7.157 -5.896 -5.34 -4.701 -7.471
0.008803 -9.401 -9.079 -8.91 -8.407 -8.014 -7.602 -8.756 -8.348 -8.01 -7.591 -7.181 -6.71 -8.358 -7.882 -7.363 -6.989 -6.64 -7.901 -7.454 -7.113 -6.941 -7.111 -7.436 -7.68 -7.211 -5.951 -5.395 -4.756 -7.524
0.009069 -9.447 -9.127 -8.959 -8.459 -8.066 -7.656 -8.805 -8.399 -8.062 -7.644 -7.235 -6.764 -8.41 -7.935 -7.416 -7.043 -6.695 -7.952 -7.506 -7.165 -6.992 -7.159 -7.49 -7.733 -7.264 -6.005 -5.45 -4.811 -7.577
0.009344 -9.492 -9.176 -9.009 -8.51 -8.118 -7.709 -8.855 -8.451 -8.115 -7.698 -7.288 -6.818 -8.462 -7.987 -7.47 -7.096 -6.749 -8.004 -7.559 -7.217 -7.043 -7.208 -7.543 -7.786 -7.318 -6.06 -5.505 -4.867 -7.63
