web/models/kne.last_good/kappa_0.5_3.0.v1/20/villar_0.0098_0.4687_0.5000.dat
# %ECSV 1.0
# ---
# datatype:
# - {name: time, datatype: float64}
# - {name: swift_uvot_uvw2, datatype: float64}
# - {name: swift_uvot_uvm2, datatype: float64}
# - {name: swift_uvot_uvw1, datatype: float64}
# - {name: swift_uvot_U, datatype: float64}
# - {name: swift_uvot_B, datatype: float64}
# - {name: swift_uvot_V, datatype: float64}
# - {name: swift_uvot_W, datatype: float64}
# - {name: johnson_U, datatype: float64}
# - {name: johnson_B, datatype: float64}
# - {name: johnson_V, datatype: float64}
# - {name: johnson_R, datatype: float64}
# - {name: johnson_I, datatype: float64}
# - {name: sdss_u, datatype: float64}
# - {name: sdss_g, datatype: float64}
# - {name: sdss_r, datatype: float64}
# - {name: sdss_i, datatype: float64}
# - {name: sdss_z, datatype: float64}
# - {name: PS1_g, datatype: float64}
# - {name: PS1_r, datatype: float64}
# - {name: PS1_i, datatype: float64}
# - {name: PS1_z, datatype: float64}
# - {name: PS1_Y, datatype: float64}
# - {name: PS1_w, datatype: float64}
# - {name: ATLAS_c, datatype: float64}
# - {name: ATLAS_o, datatype: float64}
# - {name: ukirt_J, datatype: float64}
# - {name: ukirt_H, datatype: float64}
# - {name: ukirt_K, datatype: float64}
# - {name: Clear, datatype: float64}
# meta: !!omap
# - comment: [kappa = 0.5, type = villar, mass = 0.009763877790252312, velocity = 0.4686666666666667, theta_obs = 0.0]
# schema: astropy-2.0
time swift_uvot_uvw2 swift_uvot_uvm2 swift_uvot_uvw1 swift_uvot_U swift_uvot_B swift_uvot_V swift_uvot_W johnson_U johnson_B johnson_V johnson_R johnson_I sdss_u sdss_g sdss_r sdss_i sdss_z PS1_g PS1_r PS1_i PS1_z PS1_Y PS1_w ATLAS_c ATLAS_o ukirt_J ukirt_H ukirt_K Clear
[from data line 144]
0.073012 -11.942 -12.25 -12.57 -13.079 -13.203 -13.182 -12.746 -13.109 -13.202 -13.177 -13.037 -12.805 -13.106 -13.206 -13.115 -12.96 -12.77 -13.215 -13.123 -12.968 -12.827 -12.753 -13.096 -13.178 -13.049 -12.307 -11.875 -11.339 -13.1
0.07522 -11.94 -12.252 -12.58 -13.102 -13.234 -13.218 -12.766 -13.134 -13.232 -13.213 -13.077 -12.848 -13.13 -13.238 -13.154 -13.002 -12.814 -13.248 -13.162 -13.01 -12.871 -12.797 -13.134 -13.213 -13.089 -12.354 -11.924 -11.389 -13.137
0.077495 -11.937 -12.254 -12.59 -13.124 -13.264 -13.254 -12.786 -13.157 -13.262 -13.249 -13.117 -12.892 -13.153 -13.27 -13.192 -13.043 -12.858 -13.281 -13.2 -13.051 -12.914 -12.841 -13.171 -13.248 -13.129 -12.402 -11.973 -11.439 -13.173
0.079839 -11.934 -12.255 -12.599 -13.146 -13.294 -13.289 -12.805 -13.181 -13.292 -13.285 -13.157 -12.935 -13.176 -13.302 -13.23 -13.085 -12.901 -13.314 -13.238 -13.093 -12.957 -12.885 -13.208 -13.282 -13.168 -12.449 -12.022 -11.49 -13.21
0.082253 -11.93 -12.255 -12.607 -13.167 -13.323 -13.324 -12.824 -13.203 -13.321 -13.32 -13.196 -12.978 -13.199 -13.333 -13.268 -13.126 -12.945 -13.346 -13.276 -13.134 -13.0 -12.929 -13.245 -13.317 -13.207 -12.496 -12.071 -11.54 -13.246
0.084741 -11.925 -12.254 -12.615 -13.188 -13.352 -13.359 -12.843 -13.226 -13.35 -13.355 -13.235 -13.021 -13.221 -13.364 -13.306 -13.167 -12.988 -13.378 -13.313 -13.175 -13.043 -12.973 -13.282 -13.35 -13.246 -12.542 -12.119 -11.59 -13.281
0.087304 -11.92 -12.252 -12.622 -13.209 -13.38 -13.394 -12.861 -13.248 -13.379 -13.39 -13.274 -13.064 -13.242 -13.395 -13.343 -13.208 -13.032 -13.409 -13.351 -13.215 -13.086 -13.016 -13.318 -13.384 -13.285 -12.589 -12.168 -11.64 -13.317
0.089944 -11.914 -12.25 -12.629 -13.229 -13.408 -13.428 -12.879 -13.269 -13.407 -13.424 -13.313 -13.106 -13.263 -13.425 -13.38 -13.248 -13.075 -13.44 -13.388 -13.256 -13.128 -13.059 -13.354 -13.417 -13.324 -12.636 -12.216 -11.69 -13.352
0.092665 -11.906 -12.247 -12.635 -13.248 -13.436 -13.462 -12.896 -13.29 -13.435 -13.458 -13.352 -13.148 -13.284 -13.455 -13.417 -13.288 -13.117 -13.471 -13.424 -13.296 -13.17 -13.102 -13.39 -13.45 -13.362 -12.682 -12.265 -11.74 -13.387
0.095467 -11.899 -12.242 -12.64 -13.266 -13.463 -13.496 -12.913 -13.31 -13.462 -13.492 -13.39 -13.19 -13.304 -13.485 -13.453 -13.328 -13.16 -13.501 -13.461 -13.336 -13.212 -13.145 -13.426 -13.482 -13.4 -12.728 -12.313 -11.79 -13.421
0.098355 -11.89 -12.237 -12.644 -13.285 -13.49 -13.529 -12.929 -13.329 -13.489 -13.525 -13.428 -13.232 -13.323 -13.514 -13.489 -13.368 -13.202 -13.531 -13.497 -13.376 -13.254 -13.188 -13.461 -13.515 -13.437 -12.774 -12.361 -11.839 -13.456
0.101329 -11.88 -12.231 -12.647 -13.302 -13.516 -13.561 -12.945 -13.348 -13.515 -13.558 -13.465 -13.274 -13.342 -13.542 -13.525 -13.408 -13.245 -13.561 -13.533 -13.415 -13.296 -13.23 -13.496 -13.546 -13.475 -12.82 -12.409 -11.889 -13.49
0.104394 -11.87 -12.224 -12.65 -13.319 -13.541 -13.594 -12.961 -13.367 -13.541 -13.59 -13.503 -13.315 -13.36 -13.57 -13.56 -13.447 -13.287 -13.59 -13.568 -13.454 -13.337 -13.273 -13.53 -13.578 -13.512 -12.866 -12.457 -11.938 -13.523
0.107551 -11.858 -12.217 -12.652 -13.335 -13.567 -13.626 -12.976 -13.385 -13.566 -13.622 -13.54 -13.357 -13.377 -13.598 -13.595 -13.486 -13.328 -13.618 -13.603 -13.493 -13.378 -13.315 -13.564 -13.609 -13.549 -12.912 -12.504 -11.988 -13.556
0.110804 -11.846 -12.208 -12.653 -13.351 -13.591 -13.657 -12.991 -13.402 -13.591 -13.654 -13.576 -13.397 -13.394 -13.625 -13.63 -13.525 -13.37 -13.647 -13.638 -13.532 -13.419 -13.357 -13.598 -13.639 -13.585 -12.957 -12.552 -12.037 -13.589
0.114155 -11.833 -12.198 -12.653 -13.366 -13.615 -13.689 -13.005 -13.418 -13.615 -13.686 -13.613 -13.438 -13.41 -13.652 -13.664 -13.563 -13.411 -13.674 -13.672 -13.57 -13.46 -13.398 -13.631 -13.669 -13.621 -13.003 -12.599 -12.086 -13.622
0.117608 -11.818 -12.186 -12.653 -13.38 -13.639 -13.719 -13.019 -13.434 -13.639 -13.716 -13.649 -13.478 -13.425 -13.678 -13.698 -13.601 -13.452 -13.701 -13.706 -13.609 -13.5 -13.44 -13.665 -13.699 -13.657 -13.048 -12.647 -12.135 -13.654
0.121165 -11.803 -12.174 -12.651 -13.393 -13.662 -13.75 -13.032 -13.449 -13.662 -13.747 -13.685 -13.519 -13.44 -13.704 -13.732 -13.639 -13.493 -13.728 -13.74 -13.646 -13.54 -13.481 -13.697 -13.728 -13.692 -13.093 -12.694 -12.184 -13.686
0.124829 -11.787 -12.161 -12.649 -13.406 -13.684 -13.779 -13.044 -13.464 -13.684 -13.777 -13.72 -13.558 -13.454 -13.729 -13.765 -13.676 -13.533 -13.754 -13.773 -13.684 -13.58 -13.522 -13.729 -13.757 -13.727 -13.137 -12.741 -12.233 -13.717
0.128605 -11.77 -12.147 -12.645 -13.418 -13.706 -13.809 -13.056 -13.477 -13.706 -13.806 -13.755 -13.598 -13.467 -13.753 -13.798 -13.713 -13.573 -13.78 -13.806 -13.721 -13.619 -13.563 -13.761 -13.785 -13.762 -13.182 -12.788 -12.282 -13.748
0.132494 -11.751 -12.131 -12.641 -13.429 -13.727 -13.838 -13.068 -13.49 -13.728 -13.835 -13.789 -13.637 -13.479 -13.777 -13.83 -13.75 -13.613 -13.805 -13.838 -13.757 -13.659 -13.603 -13.793 -13.813 -13.796 -13.226 -12.834 -12.33 -13.778
0.136502 -11.732 -12.114 -12.636 -13.439 -13.748 -13.866 -13.078 -13.502 -13.748 -13.864 -13.824 -13.676 -13.491 -13.801 -13.862 -13.786 -13.653 -13.83 -13.87 -13.794 -13.698 -13.643 -13.824 -13.84 -13.83 -13.27 -12.881 -12.379 -13.808
0.14063 -11.711 -12.096 -12.629 -13.448 -13.768 -13.894 -13.089 -13.513 -13.768 -13.892 -13.857 -13.715 -13.502 -13.823 -13.894 -13.822 -13.692 -13.853 -13.901 -13.83 -13.736 -13.683 -13.854 -13.866 -13.863 -13.314 -12.927 -12.427 -13.838
0.144883 -11.69 -12.076 -12.622 -13.457 -13.787 -13.921 -13.098 -13.524 -13.788 -13.919 -13.891 -13.753 -13.512 -13.846 -13.925 -13.858 -13.731 -13.877 -13.932 -13.865 -13.774 -13.723 -13.884 -13.892 -13.896 -13.357 -12.973 -12.475 -13.867
0.149265 -11.667 -12.055 -12.613 -13.465 -13.805 -13.948 -13.107 -13.533 -13.806 -13.946 -13.924 -13.791 -13.521 -13.867 -13.955 -13.893 -13.769 -13.899 -13.963 -13.901 -13.812 -13.762 -13.914 -13.918 -13.929 -13.401 -13.019 -12.523 -13.896
0.15378 -11.643 -12.033 -12.603 -13.471 -13.823 -13.974 -13.115 -13.542 -13.824 -13.972 -13.956 -13.828 -13.529 -13.888 -13.985 -13.928 -13.807 -13.921 -13.993 -13.935 -13.85 -13.801 -13.943 -13.943 -13.961 -13.444 -13.064 -12.57 -13.924
0.15843 -11.617 -12.009 -12.592 -13.477 -13.84 -13.999 -13.123 -13.549 -13.841 -13.998 -13.988 -13.865 -13.536 -13.908 -14.014 -13.962 -13.845 -13.943 -14.022 -13.97 -13.887 -13.84 -13.971 -13.967 -13.992 -13.487 -13.11 -12.618 -13.951
0.163222 -11.591 -11.983 -12.58 -13.481 -13.856 -14.024 -13.13 -13.556 -13.857 -14.023 -14.019 -13.902 -13.542 -13.927 -14.043 -13.996 -13.883 -13.963 -14.051 -14.004 -13.924 -13.878 -13.999 -13.991 -14.023 -13.529 -13.155 -12.665 -13.978
0.168159 -11.563 -11.956 -12.567 -13.485 -13.871 -14.048 -13.136 -13.562 -13.872 -14.047 -14.05 -13.938 -13.547 -13.946 -14.071 -14.029 -13.92 -13.983 -14.079 -14.037 -13.96 -13.916 -14.027 -14.013 -14.054 -13.571 -13.2 -12.713 -14.005
0.173245 -11.533 -11.928 -12.552 -13.487 -13.885 -14.071 -13.141 -13.566 -13.887 -14.071 -14.08 -13.974 -13.551 -13.963 -14.099 -14.062 -13.956 -14.002 -14.107 -14.07 -13.996 -13.954 -14.054 -14.036 -14.083 -13.613 -13.245 -12.76 -14.03
0.178484 -11.502 -11.897 -12.535 -13.489 -13.899 -14.094 -13.145 -13.57 -13.901 -14.094 -14.11 -14.01 -13.554 -13.98 -14.126 -14.094 -13.993 -14.02 -14.134 -14.102 -14.031 -13.991 -14.08 -14.057 -14.113 -13.655 -13.289 -12.806 -14.056
0.183882 -11.47 -11.865 -12.518 -13.489 -13.911 -14.116 -13.149 -13.572 -13.913 -14.116 -14.139 -14.045 -13.555 -13.996 -14.152 -14.126 -14.028 -14.038 -14.16 -14.134 -14.066 -14.028 -14.105 -14.078 -14.141 -13.696 -13.333 -12.853 -14.08
0.189444 -11.436 -11.831 -12.498 -13.487 -13.923 -14.137 -13.152 -13.573 -13.925 -14.137 -14.168 -14.079 -13.556 -14.011 -14.178 -14.157 -14.063 -14.054 -14.186 -14.165 -14.101 -14.064 -14.13 -14.098 -14.169 -13.737 -13.377 -12.899 -14.104
0.195173 -11.401 -11.795 -12.477 -13.485 -13.933 -14.157 -13.153 -13.572 -13.935 -14.158 -14.196 -14.113 -13.555 -14.025 -14.203 -14.188 -14.098 -14.07 -14.211 -14.196 -14.135 -14.1 -14.154 -14.117 -14.197 -13.777 -13.421 -12.945 -14.127
0.201076 -11.364 -11.756 -12.455 -13.481 -13.942 -14.176 -13.154 -13.571 -13.945 -14.178 -14.223 -14.146 -13.552 -14.038 -14.227 -14.218 -14.132 -14.084 -14.235 -14.226 -14.168 -14.135 -14.177 -14.135 -14.224 -13.818 -13.464 -12.991 -14.15
0.207158 -11.325 -11.716 -12.431 -13.475 -13.95 -14.195 -13.153 -13.568 -13.953 -14.196 -14.249 -14.179 -13.549 -14.05 -14.25 -14.247 -14.166 -14.098 -14.258 -14.256 -14.201 -14.17 -14.2 -14.152 -14.25 -13.857 -13.507 -13.037 -14.171
0.213423 -11.285 -11.673 -12.405 -13.468 -13.957 -14.212 -13.152 -13.563 -13.96 -14.214 -14.275 -14.211 -13.543 -14.061 -14.272 -14.276 -14.199 -14.11 -14.281 -14.284 -14.234 -14.204 -14.222 -14.168 -14.275 -13.897 -13.55 -13.082 -14.192
0.219878 -11.242 -11.628 -12.377 -13.46 -13.963 -14.229 -13.149 -13.557 -13.966 -14.231 -14.3 -14.243 -13.537 -14.071 -14.294 -14.303 -14.232 -14.122 -14.303 -14.312 -14.265 -14.238 -14.243 -14.183 -14.299 -13.936 -13.592 -13.127 -14.212
0.226528 -11.198 -11.581 -12.347 -13.45 -13.967 -14.244 -13.146 -13.55 -13.971 -14.247 -14.324 -14.274 -13.528 -14.079 -14.315 -14.331 -14.263 -14.132 -14.323 -14.34 -14.296 -14.271 -14.263 -14.198 -14.323 -13.974 -13.634 -13.172 -14.231
0.233379 -11.153 -11.531 -12.315 -13.438 -13.97 -14.259 -13.141 -13.54 -13.974 -14.261 -14.347 -14.304 -13.518 -14.086 -14.334 -14.357 -14.294 -14.141 -14.343 -14.366 -14.327 -14.304 -14.282 -14.211 -14.345 -14.012 -13.676 -13.216 -14.249
0.240437 -11.105 -11.478 -12.281 -13.424 -13.972 -14.272 -13.134 -13.529 -13.976 -14.275 -14.369 -14.334 -13.506 -14.092 -14.353 -14.382 -14.325 -14.148 -14.362 -14.392 -14.356 -14.336 -14.3 -14.222 -14.367 -14.049 -13.717 -13.26 -14.267
0.247709 -11.055 -11.422 -12.244 -13.408 -13.971 -14.284 -13.127 -13.516 -13.976 -14.287 -14.391 -14.362 -13.492 -14.096 -14.37 -14.407 -14.355 -14.155 -14.379 -14.416 -14.385 -14.367 -14.317 -14.233 -14.388 -14.086 -13.757 -13.304 -14.283
0.255201 -11.003 -11.364 -12.205 -13.39 -13.97 -14.294 -13.118 -13.501 -13.974 -14.298 -14.411 -14.39 -13.476 -14.099 -14.387 -14.431 -14.383 -14.16 -14.396 -14.44 -14.413 -14.397 -14.333 -14.242 -14.408 -14.122 -13.797 -13.347 -14.298
0.262919 -10.949 -11.302 -12.164 -13.371 -13.966 -14.303 -13.107 -13.484 -13.971 -14.308 -14.43 -14.417 -13.458 -14.101 -14.402 -14.453 -14.412 -14.163 -14.411 -14.463 -14.44 -14.427 -14.347 -14.25 -14.426 -14.158 -13.837 -13.39 -14.312
0.270871 -10.893 -11.237 -12.12 -13.348 -13.961 -14.311 -13.095 -13.465 -13.966 -14.316 -14.448 -14.443 -13.438 -14.1 -14.416 -14.475 -14.439 -14.165 -14.425 -14.485 -14.467 -14.456 -14.361 -14.257 -14.444 -14.193 -13.876 -13.432 -14.325
0.279064 -10.834 -11.168 -12.073 -13.324 -13.954 -14.317 -13.081 -13.444 -13.96 -14.322 -14.465 -14.469 -13.416 -14.098 -14.428 -14.495 -14.465 -14.165 -14.438 -14.505 -14.492 -14.484 -14.373 -14.262 -14.46 -14.227 -13.915 -13.474 -14.336
0.287504 -10.774 -11.096 -12.024 -13.297 -13.945 -14.322 -13.065 -13.42 -13.951 -14.327 -14.481 -14.493 -13.391 -14.094 -14.44 -14.515 -14.49 -14.163 -14.45 -14.525 -14.516 -14.512 -14.384 -14.265 -14.475 -14.261 -13.953 -13.516 -14.346
0.296199 -10.711 -11.02 -11.971 -13.267 -13.933 -14.325 -13.047 -13.393 -13.94 -14.331 -14.495 -14.516 -13.363 -14.089 -14.449 -14.533 -14.514 -14.16 -14.46 -14.543 -14.54 -14.538 -14.393 -14.267 -14.488 -14.294 -13.99 -13.557 -14.355
0.305157 -10.645 -10.939 -11.915 -13.234 -13.92 -14.326 -13.028 -13.364 -13.927 -14.332 -14.508 -14.538 -13.333 -14.081 -14.457 -14.55 -14.538 -14.154 -14.468 -14.56 -14.562 -14.563 -14.401 -14.266 -14.501 -14.326 -14.027 -13.598 -14.362
0.314387 -10.578 -10.854 -11.856 -13.199 -13.904 -14.325 -13.006 -13.332 -13.911 -14.332 -14.519 -14.559 -13.299 -14.07 -14.464 -14.565 -14.56 -14.147 -14.474 -14.576 -14.583 -14.587 -14.408 -14.264 -14.511 -14.357 -14.063 -13.638 -14.368
0.323895 -10.508 -10.765 -11.793 -13.16 -13.885 -14.322 -12.982 -13.297 -13.893 -14.33 -14.529 -14.578 -13.263 -14.058 -14.468 -14.579 -14.58 -14.137 -14.479 -14.59 -14.602 -14.61 -14.412 -14.26 -14.52 -14.387 -14.099 -13.677 -14.372
0.333691 -10.435 -10.67 -11.726 -13.118 -13.864 -14.317 -12.956 -13.258 -13.872 -14.325 -14.537 -14.596 -13.223 -14.043 -14.471 -14.591 -14.6 -14.125 -14.482 -14.603 -14.621 -14.632 -14.415 -14.254 -14.527 -14.417 -14.133 -13.716 -14.374
0.343783 -10.36 -10.571 -11.655 -13.072 -13.84 -14.31 -12.927 -13.216 -13.849 -14.319 -14.543 -14.613 -13.18 -14.025 -14.472 -14.602 -14.618 -14.11 -14.483 -14.614 -14.638 -14.653 -14.416 -14.245 -14.533 -14.445 -14.167 -13.754 -14.375
0.354181 -10.283 -10.466 -11.58 -13.023 -13.813 -14.3 -12.896 -13.171 -13.822 -14.309 -14.547 -14.628 -13.133 -14.005 -14.47 -14.611 -14.634 -14.092 -14.482 -14.623 -14.653 -14.672 -14.415 -14.234 -14.536 -14.472 -14.2 -13.791 -14.373
0.364893 -10.204 -10.355 -11.5 -12.969 -13.783 -14.287 -12.862 -13.121 -13.793 -14.298 -14.55 -14.642 -13.082 -13.982 -14.467 -14.618 -14.649 -14.072 -14.479 -14.63 -14.667 -14.69 -14.411 -14.22 -14.538 -14.498 -14.232 -13.828 -14.37
0.375929 -10.123 -10.237 -11.416 -12.911 -13.749 -14.272 -12.825 -13.068 -13.76 -14.283 -14.55 -14.654 -13.027 -13.955 -14.46 -14.623 -14.662 -14.049 -14.473 -14.636 -14.679 -14.706 -14.406 -14.204 -14.537 -14.523 -14.263 -13.864 -14.364
0.387298 -10.039 -10.113 -11.326 -12.849 -13.711 -14.254 -12.784 -13.01 -13.723 -14.266 -14.548 -14.664 -12.967 -13.925 -14.452 -14.626 -14.674 -14.022 -14.465 -14.639 -14.689 -14.721 -14.398 -14.185 -14.534 -14.547 -14.293 -13.899 -14.356
0.399012 -9.954 -9.982 -11.232 -12.781 -13.67 -14.233 -12.741 -12.947 -13.682 -14.245 -14.543 -14.672 -12.903 -13.892 -14.44 -14.627 -14.684 -13.993 -14.454 -14.64 -14.697 -14.733 -14.387 -14.162 -14.528 -14.569 -14.322 -13.933 -14.345
0.41108 -9.867 -9.844 -11.131 -12.709 -13.624 -14.208 -12.694 -12.879 -13.637 -14.221 -14.536 -14.678 -12.833 -13.854 -14.426 -14.625 -14.691 -13.959 -14.44 -14.639 -14.703 -14.744 -14.374 -14.137 -14.52 -14.59 -14.349 -13.966 -14.332
0.423513 -9.779 -9.697 -11.024 -12.631 -13.574 -14.18 -12.643 -12.806 -13.588 -14.194 -14.526 -14.682 -12.758 -13.813 -14.408 -14.62 -14.696 -13.922 -14.423 -14.635 -14.707 -14.753 -14.357 -14.107 -14.509 -14.609 -14.376 -13.999 -14.316
0.436321 -9.689 -9.542 -10.911 -12.546 -13.52 -14.147 -12.588 -12.727 -13.534 -14.163 -14.513 -14.683 -12.677 -13.767 -14.387 -14.613 -14.699 -13.88 -14.402 -14.628 -14.709 -14.76 -14.338 -14.074 -14.495 -14.626 -14.401 -14.03 -14.297
0.449518 -9.599 -9.378 -10.792 -12.456 -13.46 -14.111 -12.529 -12.642 -13.475 -14.127 -14.496 -14.682 -12.589 -13.717 -14.362 -14.603 -14.7 -13.834 -14.378 -14.618 -14.708 -14.765 -14.315 -14.037 -14.477 -14.642 -14.425 -14.06 -14.274
0.463113 -9.508 -9.203 -10.665 -12.359 -13.394 -14.07 -12.465 -12.55 -13.411 -14.087 -14.476 -14.678 -12.495 -13.661 -14.334 -14.59 -14.698 -13.783 -14.35 -14.605 -14.704 -14.767 -14.288 -13.995 -14.456 -14.655 -14.447 -14.089 -14.249
0.47712 -9.418 -9.019 -10.53 -12.254 -13.323 -14.024 -12.396 -12.451 -13.341 -14.043 -14.453 -14.671 -12.394 -13.6 -14.301 -14.573 -14.693 -13.727 -14.318 -14.589 -14.697 -14.766 -14.258 -13.949 -14.431 -14.667 -14.467 -14.116 -14.219
0.49155 -9.328 -8.823 -10.387 -12.141 -13.245 -13.974 -12.322 -12.345 -13.264 -13.993 -14.425 -14.66 -12.285 -13.533 -14.264 -14.552 -14.684 -13.666 -14.282 -14.569 -14.687 -14.763 -14.223 -13.897 -14.403 -14.676 -14.486 -14.142 -14.186
0.506416 -9.238 -8.615 -10.236 -12.02 -13.16 -13.917 -12.243 -12.23 -13.181 -13.938 -14.394 -14.647 -12.167 -13.46 -14.221 -14.528 -14.673 -13.599 -14.24 -14.545 -14.674 -14.756 -14.184 -13.841 -14.369 -14.683 -14.503 -14.167 -14.149
0.521733 -9.151 -8.395 -10.075 -11.89 -13.069 -13.855 -12.157 -12.107 -13.09 -13.878 -14.357 -14.629 -12.041 -13.38 -14.174 -14.499 -14.658 -13.525 -14.194 -14.517 -14.657 -14.746 -14.14 -13.778 -14.332 -14.687 -14.517 -14.19 -14.107
