web/models/kne.last_good/kappa_0.5_3.0.v1/20/villar_0.1173_0.4373_0.5000.dat
# %ECSV 1.0
# ---
# datatype:
# - {name: time, datatype: float64}
# - {name: swift_uvot_uvw2, datatype: float64}
# - {name: swift_uvot_uvm2, datatype: float64}
# - {name: swift_uvot_uvw1, datatype: float64}
# - {name: swift_uvot_U, datatype: float64}
# - {name: swift_uvot_B, datatype: float64}
# - {name: swift_uvot_V, datatype: float64}
# - {name: swift_uvot_W, datatype: float64}
# - {name: johnson_U, datatype: float64}
# - {name: johnson_B, datatype: float64}
# - {name: johnson_V, datatype: float64}
# - {name: johnson_R, datatype: float64}
# - {name: johnson_I, datatype: float64}
# - {name: sdss_u, datatype: float64}
# - {name: sdss_g, datatype: float64}
# - {name: sdss_r, datatype: float64}
# - {name: sdss_i, datatype: float64}
# - {name: sdss_z, datatype: float64}
# - {name: PS1_g, datatype: float64}
# - {name: PS1_r, datatype: float64}
# - {name: PS1_i, datatype: float64}
# - {name: PS1_z, datatype: float64}
# - {name: PS1_Y, datatype: float64}
# - {name: PS1_w, datatype: float64}
# - {name: ATLAS_c, datatype: float64}
# - {name: ATLAS_o, datatype: float64}
# - {name: ukirt_J, datatype: float64}
# - {name: ukirt_H, datatype: float64}
# - {name: ukirt_K, datatype: float64}
# - {name: Clear, datatype: float64}
# meta: !!omap
# - comment: [kappa = 0.5, type = villar, mass = 0.11727632184323686, velocity = 0.43733333333333335, theta_obs = 0.0]
# schema: astropy-2.0
time swift_uvot_uvw2 swift_uvot_uvm2 swift_uvot_uvw1 swift_uvot_U swift_uvot_B swift_uvot_V swift_uvot_W johnson_U johnson_B johnson_V johnson_R johnson_I sdss_u sdss_g sdss_r sdss_i sdss_z PS1_g PS1_r PS1_i PS1_z PS1_Y PS1_w ATLAS_c ATLAS_o ukirt_J ukirt_H ukirt_K Clear
[from data line 353]
36.974349 241.358 246.574 269.809 280.375 268.546 260.558 243.626 278.331 266.26 258.509 250.152 245.166 279.645 264.491 255.643 250.123 245.658 240.092 240.297 240.276 239.86 238.114 251.361 257.913 251.096 239.931 236.431 233.805 238.329
38.092613 256.721 261.937 285.172 295.738 283.909 275.921 258.99 293.695 281.624 273.872 265.516 260.529 295.009 279.854 271.007 265.487 261.021 255.456 255.66 255.639 255.224 253.478 266.725 273.276 266.459 255.295 251.794 249.168 253.692
39.244698 273.028 278.244 301.478 312.045 300.216 292.228 275.296 310.001 297.93 290.179 281.822 276.835 311.315 296.161 287.313 281.793 277.328 271.762 271.967 271.946 271.53 269.784 283.031 289.583 282.766 271.601 268.101 265.475 269.998
40.431627 290.336 295.552 318.786 329.353 317.524 309.536 292.604 327.309 315.238 307.487 299.13 294.143 328.623 313.469 304.621 299.101 294.636 289.07 289.275 289.254 288.838 287.092 300.339 306.891 300.074 288.909 285.409 282.783 287.306
41.654454 308.707 313.922 337.157 347.723 335.895 327.906 310.975 345.68 333.609 325.858 317.501 312.514 346.994 331.84 322.992 317.472 313.006 307.441 307.646 307.624 307.209 305.463 318.71 325.261 318.445 307.28 303.779 301.153 305.677
42.914265 328.205 333.421 356.656 367.222 355.393 347.405 330.474 365.179 353.108 345.356 337.0 332.013 366.493 351.338 342.491 336.971 332.505 326.94 327.144 327.123 326.708 324.962 338.209 344.76 337.943 326.779 323.278 320.652 325.176
44.212178 348.901 354.117 377.352 387.918 376.089 368.101 351.17 385.875 373.804 366.052 357.696 352.709 387.189 372.034 363.187 357.667 353.201 347.636 347.84 347.819 347.404 345.658 358.905 365.456 358.639 347.475 343.974 341.348 345.872
45.549345 370.868 376.084 399.319 409.885 398.056 390.068 373.137 407.842 395.77 388.019 379.663 374.676 409.156 394.001 385.153 379.634 375.168 369.603 369.807 369.786 369.371 367.625 380.872 387.423 380.606 369.441 365.941 363.315 367.839
46.926954 394.184 399.399 422.634 433.2 421.372 413.384 396.452 431.157 419.086 411.335 402.978 397.991 432.471 417.317 408.469 402.949 398.484 392.918 393.123 393.101 392.686 390.94 404.187 410.739 403.922 392.757 389.257 386.631 391.154
48.346227 418.931 424.147 447.382 457.948 446.119 438.131 421.2 455.905 443.833 436.082 427.726 422.739 457.219 442.064 433.216 427.697 423.231 417.666 417.87 417.849 417.433 415.688 428.935 435.486 428.669 417.504 414.004 411.378 415.902
49.808426 445.198 450.414 473.649 484.215 472.386 464.398 447.466 482.171 470.1 462.349 453.992 449.006 483.485 468.331 459.483 453.963 449.498 443.932 444.137 444.116 443.7 441.954 455.201 461.753 454.936 443.771 440.271 437.645 442.169
51.314848 473.078 478.293 501.528 512.094 500.266 492.277 475.346 510.051 497.98 490.229 481.872 476.885 511.365 496.211 487.363 481.843 477.378 471.812 472.017 471.995 471.58 469.834 483.081 489.633 482.816 471.651 468.15 465.525 470.048
52.86683 502.669 507.885 531.12 541.686 529.857 521.869 504.938 539.643 527.572 519.82 511.464 506.477 540.957 525.802 516.955 511.435 506.969 501.404 501.609 501.587 501.172 499.426 512.673 519.224 512.408 501.243 497.742 495.116 499.64
54.465752 534.078 539.294 562.529 573.095 561.266 553.278 536.347 571.052 558.98 551.229 542.873 537.886 572.366 557.211 548.363 542.844 538.378 532.813 533.017 532.996 532.58 530.835 544.082 550.633 543.816 532.651 529.151 526.525 531.049
56.113031 567.415 572.631 595.866 606.432 594.603 586.615 569.684 604.389 592.318 584.566 576.21 571.223 605.703 590.548 581.701 576.181 571.715 566.15 566.355 566.333 565.918 564.172 577.419 583.97 577.154 565.989 562.488 559.862 564.386
57.810132 602.8 608.015 631.25 641.816 629.988 621.999 605.068 639.773 627.702 619.951 611.594 606.607 641.087 625.933 617.085 611.565 607.1 601.534 601.739 601.717 601.302 599.556 612.803 619.355 612.538 601.373 597.872 595.247 599.77
59.55856 640.357 645.572 668.807 679.373 667.545 659.556 642.625 677.33 665.259 657.508 649.151 644.164 678.644 663.49 654.642 649.122 644.657 639.091 639.296 639.274 638.859 637.113 650.36 656.912 650.095 638.93 635.429 632.804 637.327
61.359868 680.22 685.436 708.67 719.237 707.408 699.42 682.488 717.193 705.122 697.371 689.014 684.027 718.507 703.353 694.505 688.985 684.52 678.954 679.159 679.138 678.722 676.976 690.223 696.775 689.958 678.793 675.293 672.667 677.19
63.215655 722.531 727.746 750.981 761.547 749.719 741.731 724.799 759.504 747.433 739.682 731.325 726.338 760.818 745.664 736.816 731.296 726.831 721.265 721.47 721.448 721.033 719.287 732.534 739.086 732.269 721.104 717.604 714.978 719.501
65.127569 767.44 772.655 796.07 nan nan 786.677 769.708 nan 793.71 784.595 776.234 771.247 nan 792.214 781.725 776.205 771.74 766.174 766.379 766.357 765.942 764.196 777.443 783.996 777.178 766.013 762.512 759.887 764.41
67.097308 767.44 772.655 796.07 nan nan 786.677 769.708 nan 793.71 784.595 776.234 771.247 nan 792.214 781.725 776.205 771.74 766.174 766.379 766.357 765.942 764.196 777.443 783.996 777.178 766.013 762.512 759.887 764.41
69.126621 767.44 772.655 796.07 nan nan 786.677 769.708 nan 793.71 784.595 776.234 771.247 nan 792.214 781.725 776.205 771.74 766.174 766.379 766.357 765.942 764.196 777.443 783.996 777.178 766.013 762.512 759.887 764.41
71.217308 767.44 772.655 796.07 nan nan 786.677 769.708 nan 793.71 784.595 776.234 771.247 nan 792.214 781.725 776.205 771.74 766.174 766.379 766.357 765.942 764.196 777.443 783.996 777.178 766.013 762.512 759.887 764.41
73.371227 767.44 772.655 796.07 nan nan 786.677 769.708 nan 793.71 784.595 776.234 771.247 nan 792.214 781.725 776.205 771.74 766.174 766.379 766.357 765.942 764.196 777.443 783.996 777.178 766.013 762.512 759.887 764.41
75.59029 767.44 772.655 796.07 nan nan 786.677 769.708 nan 793.71 784.595 776.234 771.247 nan 792.214 781.725 776.205 771.74 766.174 766.379 766.357 765.942 764.196 777.443 783.996 777.178 766.013 762.512 759.887 764.41
77.876467 767.44 772.655 796.07 nan nan 786.677 769.708 nan 793.71 784.595 776.234 771.247 nan 792.214 781.725 776.205 771.74 766.174 766.379 766.357 765.942 764.196 777.443 783.996 777.178 766.013 762.512 759.887 764.41
80.231787 767.44 772.655 796.07 nan nan 786.677 769.708 nan 793.71 784.595 776.234 771.247 nan 792.214 781.725 776.205 771.74 766.174 766.379 766.357 765.942 764.196 777.443 783.996 777.178 766.013 762.512 759.887 764.41
82.658343 767.44 772.655 796.07 nan nan 786.677 769.708 nan 793.71 784.595 776.234 771.247 nan 792.214 781.725 776.205 771.74 766.174 766.379 766.357 765.942 764.196 777.443 783.996 777.178 766.013 762.512 759.887 764.41
85.158288 767.44 772.655 796.07 nan nan 786.677 769.708 nan 793.71 784.595 776.234 771.247 nan 792.214 781.725 776.205 771.74 766.174 766.379 766.357 765.942 764.196 777.443 783.996 777.178 766.013 762.512 759.887 764.41
87.733843 767.44 772.655 796.07 nan nan 786.677 769.708 nan 793.71 784.595 776.234 771.247 nan 792.214 781.725 776.205 771.74 766.174 766.379 766.357 765.942 764.196 777.443 783.996 777.178 766.013 762.512 759.887 764.41
90.387293 767.44 772.655 796.07 nan nan 786.677 769.708 nan 793.71 784.595 776.234 771.247 nan 792.214 781.725 776.205 771.74 766.174 766.379 766.357 765.942 764.196 777.443 783.996 777.178 766.013 762.512 759.887 764.41
93.120995 767.44 772.655 796.07 nan nan 786.677 769.708 nan 793.71 784.595 776.234 771.247 nan 792.214 781.725 776.205 771.74 766.174 766.379 766.357 765.942 764.196 777.443 783.996 777.178 766.013 762.512 759.887 764.41
95.937376 767.44 772.655 796.07 nan nan 786.677 769.708 nan 793.71 784.595 776.234 771.247 nan 792.214 781.725 776.205 771.74 766.174 766.379 766.357 765.942 764.196 777.443 783.996 777.178 766.013 762.512 759.887 764.41
98.838937 767.44 772.655 796.07 nan nan 786.677 769.708 nan 793.71 784.595 776.234 771.247 nan 792.214 781.725 776.205 771.74 766.174 766.379 766.357 765.942 764.196 777.443 783.996 777.178 766.013 762.512 759.887 764.41
101.828253 767.44 772.655 796.07 nan nan 786.677 769.708 nan 793.71 784.595 776.234 771.247 nan 792.214 781.725 776.205 771.74 766.174 766.379 766.357 765.942 764.196 777.443 783.996 777.178 766.013 762.512 759.887 764.41
104.907979 767.44 772.655 796.07 nan nan 786.677 769.708 nan 793.71 784.595 776.234 771.247 nan 792.214 781.725 776.205 771.74 766.174 766.379 766.357 765.942 764.196 777.443 783.996 777.178 766.013 762.512 759.887 764.41
108.080849 767.44 772.655 796.07 nan nan 786.677 769.708 nan 793.71 784.595 776.234 771.247 nan 792.214 781.725 776.205 771.74 766.174 766.379 766.357 765.942 764.196 777.443 783.996 777.178 766.013 762.512 759.887 764.41
111.349681 767.44 772.655 796.07 nan nan 786.677 769.708 nan 793.71 784.595 776.234 771.247 nan 792.214 781.725 776.205 771.74 766.174 766.379 766.357 765.942 764.196 777.443 783.996 777.178 766.013 762.512 759.887 764.41
114.717376 767.44 772.655 796.07 nan nan 786.677 769.708 nan 793.71 784.595 776.234 771.247 nan 792.214 781.725 776.205 771.74 766.174 766.379 766.357 765.942 764.196 777.443 783.996 777.178 766.013 762.512 759.887 764.41
118.186925 767.44 772.655 796.07 nan nan 786.677 769.708 nan 793.71 784.595 776.234 771.247 nan 792.214 781.725 776.205 771.74 766.174 766.379 766.357 765.942 764.196 777.443 783.996 777.178 766.013 762.512 759.887 764.41
121.761408 767.44 772.655 796.07 nan nan 786.677 769.708 nan 793.71 784.595 776.234 771.247 nan 792.214 781.725 776.205 771.74 766.174 766.379 766.357 765.942 764.196 777.443 783.996 777.178 766.013 762.512 759.887 764.41
125.443999 767.44 772.655 796.07 nan nan 786.677 769.708 nan 793.71 784.595 776.234 771.247 nan 792.214 781.725 776.205 771.74 766.174 766.379 766.357 765.942 764.196 777.443 783.996 777.178 766.013 762.512 759.887 764.41
129.237967 767.44 772.655 796.07 nan nan 786.677 769.708 nan 793.71 784.595 776.234 771.247 nan 792.214 781.725 776.205 771.74 766.174 766.379 766.357 765.942 764.196 777.443 783.996 777.178 766.013 762.512 759.887 764.41
133.146681 767.44 772.655 796.07 nan nan 786.677 769.708 nan 793.71 784.595 776.234 771.247 nan 792.214 781.725 776.205 771.74 766.174 766.379 766.357 765.942 764.196 777.443 783.996 777.178 766.013 762.512 759.887 764.41
137.173612 767.44 772.655 796.07 nan nan 786.677 769.708 nan 793.71 784.595 776.234 771.247 nan 792.214 781.725 776.205 771.74 766.174 766.379 766.357 765.942 764.196 777.443 783.996 777.178 766.013 762.512 759.887 764.41
141.322334 767.44 772.655 796.07 nan nan 786.677 769.708 nan 793.71 784.595 776.234 771.247 nan 792.214 781.725 776.205 771.74 766.174 766.379 766.357 765.942 764.196 777.443 783.996 777.178 766.013 762.512 759.887 764.41
145.596532 767.44 772.655 796.07 nan nan 786.677 769.708 nan 793.71 784.595 776.234 771.247 nan 792.214 781.725 776.205 771.74 766.174 766.379 766.357 765.942 764.196 777.443 783.996 777.178 766.013 762.512 759.887 764.41
150.0 767.44 772.655 796.07 nan nan 786.677 769.708 nan 793.71 784.595 776.234 771.247 nan 792.214 781.725 776.205 771.74 766.174 766.379 766.357 765.942 764.196 777.443 783.996 777.178 766.013 762.512 759.887 764.41
