web/models/kne/10/Metzger_0.001902_0.435172_0.100000.dat
# %ECSV 0.9
# ---
# datatype:
# - {name: time, datatype: float64}
# - {name: sdss_u, datatype: float64}
# - {name: sdss_g, datatype: float64}
# - {name: sdss_r, datatype: float64}
# - {name: sdss_i, datatype: float64}
# - {name: sdss_z, datatype: float64}
# - {name: PS1_y, datatype: float64}
# - {name: ukirt_J, datatype: float64}
# - {name: ukirt_H, datatype: float64}
# - {name: ukirt_K, datatype: float64}
# - {name: johnson_U, datatype: float64}
# - {name: johnson_B, datatype: float64}
# - {name: johnson_V, datatype: float64}
# - {name: johnson_R, datatype: float64}
# - {name: johnson_I, datatype: float64}
# - {name: Clear, datatype: float64}
# meta: !!omap
# - comment: [vej = 0.43517241379310345, mej = 0.0019019705740394193, Ye = 0.1, redshift = 0.0]
# schema: astropy-2.0
time sdss_u sdss_g sdss_r sdss_i sdss_z PS1_y ukirt_J ukirt_H ukirt_K johnson_U johnson_B johnson_V johnson_R johnson_I Clear
0.100000 nan nan nan nan nan nan nan nan nan nan nan nan nan nan nan
0.150000 nan nan nan nan nan nan nan nan nan nan nan nan nan nan nan
0.200000 -9.233341 -11.260187 -12.353089 -12.923102 -13.200941 -13.338913 -13.503419 -13.457962 -13.264843 -9.490209 -10.724913 -11.918423 -12.471211 -13.225216 -12.392370
0.250000 -8.636622 -10.942356 -12.211668 -12.893229 -13.238411 -13.417996 -13.664721 -13.688640 -13.538308 -8.926904 -10.329308 -11.703016 -12.351195 -13.269416 -12.257994
0.300000 -8.279910 -10.738857 -12.105202 -12.848271 -13.230694 -13.433347 -13.725802 -13.788466 -13.662080 -8.588545 -10.083070 -11.555830 -12.256519 -13.265428 -12.155407
0.350000 -7.849108 -10.475220 -11.947502 -12.757821 -13.181036 -13.408997 -13.751741 -13.857148 -13.757227 -8.177765 -9.772798 -11.353660 -12.111700 -13.219857 -12.001945
0.400000 -7.438261 -10.214847 -11.782535 -12.653491 -13.113545 -13.364395 -13.752724 -13.896997 -13.821187 -7.784940 -9.470443 -11.148635 -11.958342 -13.156061 -11.840798
0.450000 -7.052078 -9.963956 -11.617452 -12.542992 -13.036249 -13.307755 -13.737297 -13.916809 -13.862902 -7.414960 -9.181803 -10.947516 -11.803705 -13.082098 -11.679151
0.500000 -6.615282 -9.676152 -11.424169 -12.409877 -12.939775 -13.234100 -13.709254 -13.927874 -13.898321 -6.996006 -8.852426 -10.714533 -11.621931 -12.989305 -11.489654
0.550000 -6.116320 -9.344193 -11.198178 -12.251388 -12.822434 -13.142413 -13.668942 -13.931743 -13.929769 -6.517044 -8.473867 -10.444029 -11.408849 -12.876100 -11.267910
0.600000 -5.712302 -9.070430 -11.007079 -12.112970 -12.716159 -13.056196 -13.622957 -13.920453 -13.940185 -6.128625 -8.163757 -10.218203 -11.227821 -12.773058 -11.080123
0.650000 -5.237852 -8.748105 -10.781306 -11.948755 -12.589527 -12.953034 -13.566943 -13.905201 -13.950489 -5.672393 -7.798983 -9.951866 -11.013814 -12.650207 -10.858220
0.700000 -4.864900 -8.490160 -10.596361 -11.810366 -12.479579 -12.860859 -13.510515 -13.879749 -13.944499 -5.313213 -7.508945 -9.736251 -10.837767 -12.543122 -10.676202
0.750000 -4.413494 -8.178739 -10.373801 -11.644490 -12.348345 -12.751288 -13.444560 -13.851672 -13.940267 -4.878570 -7.158461 -9.476354 -10.626037 -12.415378 -10.457204
0.800000 -3.971225 -7.871602 -10.152446 -11.477867 -12.215189 -12.639067 -13.374544 -13.818388 -13.930156 -4.452484 -6.813616 -9.218956 -10.415140 -12.285592 -10.239289
0.850000 -3.435480 -7.500517 -9.885892 -11.278021 -12.056147 -12.505566 -13.292586 -13.781394 -13.921594 -3.936457 -6.396581 -8.908479 -10.161330 -12.130662 -9.976927
0.900000 -3.007455 -7.199811 -9.666015 -11.109733 -11.919426 -12.388613 -13.215565 -13.739283 -13.901607 -3.523678 -6.060346 -8.654638 -9.951308 -11.997122 -9.760292
0.950000 -2.588032 -6.903755 -9.448280 -10.941992 -11.782283 -12.270638 -13.136340 -13.693992 -13.877864 -3.119029 -5.729865 -8.403993 -9.743122 -11.863064 -9.545698
1.000000 -2.064038 -6.536158 -9.179977 -10.737074 -11.616169 -12.128841 -13.043740 -13.644555 -13.855892 -2.613763 -5.318624 -8.093966 -9.486925 -11.700863 -9.281376
1.050000 -1.658336 -6.247324 -8.965340 -10.569807 -11.477906 -12.008758 -12.960467 -13.593631 -13.825594 -2.222056 -4.997178 -7.848151 -9.281335 -11.565525 -9.069715
1.100000 -1.140902 -5.881919 -8.696456 -10.362549 -11.308388 -11.862901 -12.862548 -13.537906 -13.796825 -1.722828 -4.589348 -7.538707 -9.024221 -11.399813 -8.804702
1.150000 -0.624880 -5.516402 -8.426495 -10.153599 -11.136807 -11.714756 -12.761911 -13.479157 -13.764891 -1.224829 -4.181833 -7.228593 -8.765912 -11.232002 -8.538574
1.200000 -0.110407 -5.150974 -8.155696 -9.943222 -10.963443 -11.564609 -12.658857 -13.417686 -13.730097 -0.728204 -3.774813 -6.918029 -8.506652 -11.062372 -8.271569
1.250000 0.270616 -4.875984 -7.948025 -9.778538 -10.825094 -11.442780 -12.570554 -13.359023 -13.690481 -0.359878 -3.470233 -6.682069 -8.307190 -10.926680 -8.066598
1.300000 0.777722 -4.514150 -7.678425 -9.567835 -10.650475 -11.290802 -12.464537 -13.293686 -13.651328 0.129831 -3.067861 -6.373711 -8.048838 -10.755702 -7.800698
1.350000 1.282855 -4.152951 -7.408610 -9.356374 -10.474770 -11.137534 -12.356835 -13.226365 -13.610044 0.617727 -2.666497 -6.065494 -7.790166 -10.583605 -7.534548
1.400000 1.785848 -3.792570 -7.138773 -9.144358 -10.298184 -10.983183 -12.247657 -13.157262 -13.566827 1.103643 -2.266318 -5.757609 -7.531371 -10.410594 -7.268343
1.450000 2.286533 -3.433185 -6.869102 -8.931976 -10.120908 -10.827941 -12.137195 -13.086566 -13.521860 1.587407 -1.867503 -5.450238 -7.272639 -10.236861 -7.002270
1.500000 2.784739 -3.074974 -6.599773 -8.719408 -9.943123 -10.671990 -12.025627 -13.014451 -13.475310 2.068849 -1.470226 -5.143559 -7.014150 -10.062587 -6.736506
1.550000 3.280294 -2.718106 -6.330958 -8.506824 -9.765000 -10.515499 -11.913119 -12.941075 -13.427330 2.547796 -1.074656 -4.837742 -6.756073 -9.887941 -6.471223
1.600000 3.773028 -2.362747 -6.062820 -8.294385 -9.586697 -10.358625 -11.799828 -12.866588 -13.378061 3.024079 -0.680963 -4.532952 -6.498571 -9.713084 -6.206583
1.650000 4.262772 -2.009059 -5.795515 -8.082245 -9.408365 -10.201519 -11.685897 -12.791126 -13.327635 3.497530 -0.289308 -4.229347 -6.241800 -9.538165 -5.942743
1.700000 4.749360 -1.657197 -5.529192 -7.870548 -9.230148 -10.044321 -11.571462 -12.714820 -13.276172 3.967984 0.100150 -3.927079 -5.985908 -9.363326 -5.679851
1.750000 5.232631 -1.307312 -5.263994 -7.659432 -9.052178 -9.887163 -11.456650 -12.637787 -13.223786 4.435282 0.487258 -3.626293 -5.731037 -9.188703 -5.418049
1.800000 5.884364 -0.839582 -4.913089 -7.383134 -8.821606 -9.685301 -11.313216 -12.546515 -13.166589 5.064981 1.006335 -3.226296 -5.394379 -8.962747 -5.071830
1.850000 6.363974 -0.491522 -4.648551 -7.171934 -8.643099 -9.527321 -11.197016 -12.467635 -13.112120 5.528838 1.391104 -2.926660 -5.140026 -8.787539 -4.810642
1.900000 6.839773 -0.145880 -4.385547 -6.961704 -8.465214 -9.369746 -11.080784 -12.388351 -13.057026 5.989050 1.773067 -2.628930 -4.887099 -8.612919 -4.550952
1.950000 7.311619 0.197217 -4.124193 -6.752552 -8.288059 -9.212682 -10.964619 -12.308752 -13.001392 6.445479 2.152093 -2.333225 -4.635713 -8.438993 -4.292877
2.000000 7.966322 0.668750 -3.768957 -6.471586 -8.052614 -9.005822 -10.815954 -12.212141 -12.938930 7.078247 2.674739 -1.929119 -4.294660 -8.208144 -3.942306
2.050000 8.624933 1.143531 -3.410890 -6.188055 -7.814768 -8.796664 -10.665208 -12.113666 -12.874790 7.714844 3.200820 -1.522006 -3.950825 -7.974910 -3.588920
2.100000 9.287292 1.621427 -3.050111 -5.902070 -7.574626 -8.585309 -10.512471 -12.013409 -12.809042 8.355113 3.730191 -1.112012 -3.604329 -7.739395 -3.232839
2.150000 9.953242 2.102305 -2.686737 -5.613736 -7.332287 -8.371853 -10.357832 -11.911447 -12.741755 8.998901 4.262714 -0.699260 -3.255284 -7.501699 -2.874177
2.200000 10.622632 2.586038 -2.320879 -5.323156 -7.087846 -8.156387 -10.201373 -11.807854 -12.672993 9.646058 4.798256 -0.283869 -2.903800 -7.261916 -2.513047
2.250000 11.295314 3.072503 -1.952644 -5.030426 -6.841396 -7.938998 -10.043173 -11.702698 -12.602818 10.296441 5.336685 0.134049 -2.549983 -7.020138 -2.149554
2.300000 11.971146 3.561582 -1.582137 -4.735640 -6.593023 -7.719772 -9.883308 -11.596047 -12.531288 10.949909 5.877878 0.554383 -2.193935 -6.776450 -1.783803
2.350000 12.649988 4.053158 -1.209456 -4.438889 -6.342812 -7.498787 -9.721850 -11.487964 -12.458458 11.606325 6.421712 0.977026 -1.835753 -6.530937 -1.415891
2.400000 13.331706 4.547123 -0.834698 -4.140258 -6.090843 -7.276121 -9.558868 -11.378509 -12.384383 12.265560 6.968071 1.401878 -1.475532 -6.283678 -1.045913
2.450000 14.016171 5.043369 -0.457954 -3.839831 -5.837193 -7.051846 -9.394427 -11.267739 -12.309111 12.927486 7.516840 1.828839 -1.113361 -6.034751 -0.673963
2.500000 14.703258 5.541793 -0.079313 -3.537686 -5.581936 -6.826034 -9.228591 -11.155711 -12.232691 13.591980 8.067911 2.257816 -0.749327 -5.784227 -0.300126
2.550000 15.392844 6.042296 0.301139 -3.233901 -5.325142 -6.598751 -9.061419 -11.042476 -12.155170 14.258924 8.621179 2.688716 -0.383514 -5.532177 0.075511
2.600000 16.084814 6.544783 0.683322 -2.928547 -5.066881 -6.370062 -8.892969 -10.928084 -12.076590 14.928203 9.176542 3.121453 -0.016003 -5.278669 0.452869
2.650000 16.779055 7.049161 1.067156 -2.621696 -4.807215 -6.140029 -8.723296 -10.812584 -11.996995 15.599707 9.733902 3.555942 0.353131 -5.023767 0.831867
2.700000 17.475457 7.555343 1.452565 -2.313415 -4.546208 -5.908710 -8.552452 -10.696021 -11.916424 16.273330 10.293166 3.992103 0.723813 -4.767532 1.212433
2.750000 18.173916 8.063243 1.839478 -2.003767 -4.283919 -5.676162 -8.380488 -10.578440 -11.834915 16.948970 10.854243 4.429857 1.095972 -4.510024 1.594493
2.800000 18.874331 8.572780 2.227825 -1.692815 -4.020406 -5.442440 -8.207450 -10.459881 -11.752506 17.626527 11.417045 4.869131 1.469539 -4.251300 1.977979
2.850000 19.576605 9.083874 2.617538 -1.380619 -3.755723 -5.207594 -8.033386 -10.340386 -11.669230 18.305907 11.981489 5.309851 1.844450 -3.991413 2.362824
2.900000 20.280644 9.596451 3.008553 -1.067235 -3.489922 -4.971676 -7.858340 -10.219992 -11.585123 18.987019 12.547495 5.751950 2.220642 -3.730416 2.748964
2.950000 20.986359 10.110438 3.400810 -0.752717 -3.223055 -4.734732 -7.682352 -10.098736 -11.500216 19.669774 13.114984 6.195360 2.598054 -3.468359 3.136338
3.000000 21.693663 10.625764 3.794248 -0.437120 -2.955168 -4.496808 -7.505464 -9.976653 -11.414540 20.354089 13.683882 6.640018 2.976629 -3.205289 3.524887
3.050000 22.402473 11.142363 4.188812 -0.120491 -2.686309 -4.257948 -7.327714 -9.853777 -11.328124 21.039881 14.254119 7.085864 3.356310 -2.941252 3.914556
3.100000 23.112708 11.660171 4.584445 0.197119 -2.416522 -4.018193 -7.149138 -9.730140 -11.240997 21.727073 14.825624 7.532837 3.737045 -2.676292 4.305289
3.150000 23.824292 12.179124 4.981097 0.515666 -2.145849 -3.777585 -6.969774 -9.605773 -11.153186 22.415589 15.398332 7.980883 4.118782 -2.410452 4.697035
3.200000 24.537151 12.699165 5.378716 0.835104 -1.874331 -3.536161 -6.789653 -9.480705 -11.064716 23.105358 15.972180 8.429947 4.501472 -2.143772 5.089745
3.250000 25.251213 13.220236 5.777255 1.155391 -1.602008 -3.293958 -6.608809 -9.354964 -10.975614 23.796309 16.547106 8.879976 4.885069 -1.876290 5.483369
3.300000 25.966411 13.742282 6.176667 1.476487 -1.328916 -3.051012 -6.427273 -9.228579 -10.885902 24.488377 17.123052 9.330921 5.269526 -1.608044 5.877862
3.350000 26.682678 14.265250 6.576908 1.798351 -1.055092 -2.807356 -6.245074 -9.101574 -10.795605 25.181497 17.699961 9.782735 5.654800 -1.339070 6.273180
3.400000 27.399953 14.789090 6.977934 2.120947 -0.780570 -2.563024 -6.062242 -8.973974 -10.704743 25.875607 18.277780 10.235371 6.040851 -1.069401 6.669281
3.450000 28.118173 15.313752 7.379706 2.444238 -0.505383 -2.318046 -5.878803 -8.845804 -10.613338 26.570649 18.856456 10.688784 6.427636 -0.799070 7.066124
3.500000 28.837281 15.839192 7.782184 2.768189 -0.229563 -2.072453 -5.694785 -8.717087 -10.521410 27.266565 19.435940 11.142933 6.815119 -0.528109 7.463670
3.550000 29.557222 16.365363 8.185329 3.092768 0.046858 -1.826274 -5.510211 -8.587844 -10.428980 27.963301 20.016183 11.597776 7.203262 -0.256549 7.861881
3.600000 30.277940 16.892223 8.589106 3.417941 0.323853 -1.579535 -5.325107 -8.458097 -10.336065 28.660805 20.597140 12.053276 7.592030 0.015582 8.260721
3.650000 30.999386 17.419730 8.993480 3.743680 0.601393 -1.332264 -5.139496 -8.327865 -10.242684 29.359026 21.178766 12.509393 7.981388 0.288256 8.660157
3.700000 31.721508 17.947844 9.398418 4.069954 0.879451 -1.084486 -4.953400 -8.197169 -10.148853 30.057916 21.761020 12.966092 8.371304 0.561447 9.060154
3.750000 32.444260 18.476528 9.803886 4.396734 1.158000 -0.836225 -4.766841 -8.066028 -10.054591 30.757429 22.343859 13.423338 8.761747 0.835127 9.460680
3.800000 33.167596 19.005745 10.209855 4.723994 1.437016 -0.587505 -4.579839 -7.934458 -9.959912 31.457518 22.927246 13.881099 9.152686 1.109274 9.861706
3.850000 33.891471 19.535459 10.616295 5.051708 1.716476 -0.338349 -4.392414 -7.802477 -9.864832 32.158143 23.511142 14.339341 9.544093 1.383862 10.263201
3.900000 34.615844 20.065637 11.023177 5.379850 1.996355 -0.088778 -4.204585 -7.670102 -9.769366 32.859261 24.095511 14.798035 9.935939 1.658869 10.665138
3.950000 35.340675 20.596246 11.430473 5.708397 2.276633 0.161186 -4.016371 -7.537350 -9.673529 33.560833 24.680318 15.257150 10.328198 1.934274 11.067488
4.000000 36.065923 21.127255 11.838158 6.037324 2.557287 0.411525 -3.827788 -7.404234 -9.577333 34.262821 25.265531 15.716658 10.720844 2.210055 11.470227
4.050000 36.791552 21.658634 12.246207 6.366611 2.838297 0.662218 -3.638854 -7.270771 -9.480793 34.965189 25.851116 16.176533 11.113853 2.486192 11.873329
4.100000 37.517526 22.190354 12.654594 6.696235 3.119644 0.913247 -3.449585 -7.136974 -9.383920 35.667900 26.437044 16.636748 11.507200 2.762665 12.276769
4.150000 38.243809 22.722388 13.063297 7.026176 3.401309 1.164595 -3.259997 -7.002856 -9.286728 36.370923 27.023284 17.097277 11.900863 3.039456 12.680525
4.200000 38.970370 23.254708 13.472293 7.356414 3.683273 1.416243 -3.070105 -6.868432 -9.189227 37.074223 27.609808 17.558097 12.294820 3.316547 13.084575
4.250000 39.697176 23.787290 13.881560 7.686930 3.965519 1.668176 -2.879923 -6.733713 -9.091430 37.777770 28.196589 18.019183 12.689050 3.593921 13.488896
4.300000 40.424197 24.320109 14.291078 8.017706 4.248031 1.920378 -2.689465 -6.598712 -8.993347 38.481535 28.783601 18.480515 13.083532 3.871560 13.893469
4.350000 41.151402 24.853140 14.700828 8.348724 4.530792 2.172834 -2.498744 -6.463441 -8.894989 39.185488 29.370818 18.942070 13.478247 4.149450 14.298274
4.400000 41.878764 25.386362 15.110788 8.679968 4.813786 2.425529 -2.307774 -6.327910 -8.796366 39.889602 29.958215 19.403828 13.873177 4.427573 14.703291
4.450000 42.606256 25.919753 15.520943 9.011421 5.096999 2.678448 -2.116567 -6.192132 -8.697487 40.593850 30.545771 19.865769 14.268303 4.705917 15.108502
4.500000 43.333852 26.453291 15.931272 9.343067 5.380417 2.931578 -1.925134 -6.056115 -8.598363 41.298207 31.133462 20.327874 14.663607 4.984466 15.513890
4.550000 44.061526 26.986957 16.341761 9.674891 5.664025 3.184907 -1.733488 -5.919871 -8.499003 42.002648 31.721266 20.790124 15.059075 5.263207 15.919438
4.600000 44.789254 27.520730 16.752391 10.006879 5.947811 3.438421 -1.541639 -5.783409 -8.399415 42.707151 32.309164 21.252502 15.454688 5.542126 16.325129
4.650000 45.517014 28.054594 17.163148 10.339018 6.231760 3.692109 -1.349598 -5.646738 -8.299607 43.411692 32.897135 21.714991 15.850432 5.821211 16.730948
4.700000 46.244784 28.588529 17.574016 10.671292 6.515862 3.945959 -1.157376 -5.509868 -8.199588 44.116249 33.485161 22.177574 16.246293 6.100450 17.136880
4.750000 46.972541 29.122518 17.984981 11.003691 6.800104 4.199959 -0.964982 -5.372807 -8.099366 44.820802 34.073222 22.640237 16.642255 6.379831 17.542911
4.800000 47.700265 29.656545 18.396028 11.336201 7.084475 4.454099 -0.772425 -5.235564 -7.998949 45.525331 34.661301 23.102963 17.038306 6.659342 17.949026
4.850000 48.427937 30.190595 18.807145 11.668810 7.368964 4.708369 -0.579716 -5.098147 -7.898343 46.229817 35.249382 23.565739 17.434431 6.938973 18.355212
4.900000 49.155539 30.724651 19.218318 12.001507 7.653560 4.962757 -0.386862 -4.960563 -7.797556 46.934241 35.837448 24.028550 17.830619 7.218714 18.761456
4.950000 49.883051 31.258700 19.629535 12.334281 7.938253 5.217256 -0.193872 -4.822820 -7.696595 47.638586 36.425484 24.491384 18.226857 7.498553 19.167746
5.000000 50.610456 31.792726 20.040784 12.667122 8.223034 5.471855 -0.000755 -4.684925 -7.595467 48.342834 37.013474 24.954227 18.623134 7.778482 19.574071
5.050000 51.337739 32.326718 20.452053 13.000018 8.507892 5.726546 0.192481 -4.546886 -7.494177 49.046970 37.601404 25.417067 19.019437 8.058491 19.980418
5.100000 52.064882 32.860661 20.863332 13.332961 8.792820 5.981320 0.385829 -4.408709 -7.392732 49.750977 38.189261 25.879892 19.415758 8.338571 20.386777
