web/models/kne/10/Metzger_0.403554_0.483793_0.450000.dat
# %ECSV 0.9
# ---
# datatype:
# - {name: time, datatype: float64}
# - {name: sdss_u, datatype: float64}
# - {name: sdss_g, datatype: float64}
# - {name: sdss_r, datatype: float64}
# - {name: sdss_i, datatype: float64}
# - {name: sdss_z, datatype: float64}
# - {name: PS1_y, datatype: float64}
# - {name: ukirt_J, datatype: float64}
# - {name: ukirt_H, datatype: float64}
# - {name: ukirt_K, datatype: float64}
# - {name: johnson_U, datatype: float64}
# - {name: johnson_B, datatype: float64}
# - {name: johnson_V, datatype: float64}
# - {name: johnson_R, datatype: float64}
# - {name: johnson_I, datatype: float64}
# - {name: Clear, datatype: float64}
# meta: !!omap
# - comment: [vej = 0.48379310344827586, mej = 0.4035543872905491, Ye = 0.45, redshift = 0.0]
# schema: astropy-2.0
time sdss_u sdss_g sdss_r sdss_i sdss_z PS1_y ukirt_J ukirt_H ukirt_K johnson_U johnson_B johnson_V johnson_R johnson_I Clear
[from data line 1573]
78.750000 244.343397 173.914657 129.394493 101.094312 83.823516 73.017257 51.135585 31.713054 18.989744 235.895320 193.537715 148.077874 123.980861 82.084124 127.613488
78.800000 244.506420 174.035248 129.488143 101.170757 83.889416 73.076533 51.181370 31.746723 19.015345 236.053262 193.670147 148.182846 124.071226 82.148959 127.706058
78.850000 244.669438 174.155835 129.581790 101.247199 83.955313 73.135808 51.227155 31.780391 19.040945 236.211199 193.802574 148.287813 124.161588 82.213792 127.798624
78.900000 244.832450 174.276418 129.675434 101.323640 84.021209 73.195082 51.272939 31.814058 19.066545 236.369131 193.934998 148.392778 124.251947 82.278623 127.891188
78.950000 244.995457 174.396997 129.769075 101.400078 84.087103 73.254354 51.318722 31.847725 19.092146 236.527057 194.067416 148.497739 124.342303 82.343452 127.983749
79.000000 245.158459 174.517572 129.862714 101.476515 84.152995 73.313625 51.364504 31.881391 19.117745 236.684978 194.199831 148.602697 124.432657 82.408280 128.076307
79.050000 245.321455 174.638144 129.956350 101.552949 84.218886 73.372894 51.410285 31.915057 19.143345 236.842893 194.332241 148.707652 124.523008 82.473106 128.168863
79.100000 245.484445 174.758711 130.049983 101.629381 84.284775 73.432162 51.456065 31.948723 19.168945 237.000803 194.464647 148.812603 124.613357 82.537931 128.261415
79.150000 245.647430 174.879275 130.143613 101.705811 84.350662 73.491428 51.501844 31.982388 19.194544 237.158708 194.597048 148.917552 124.703702 82.602754 128.353965
79.200000 245.810409 174.999835 130.237240 101.782238 84.416547 73.550693 51.547622 32.016052 19.220144 237.316608 194.729446 149.022497 124.794045 82.667575 128.446512
79.250000 245.973383 175.120391 130.330865 101.858664 84.482430 73.609956 51.593399 32.049716 19.245743 237.474502 194.861838 149.127438 124.884386 82.732394 128.539057
79.300000 246.136351 175.240943 130.424487 101.935087 84.548312 73.669218 51.639175 32.083380 19.271342 237.632391 194.994227 149.232377 124.974723 82.797212 128.631598
79.350000 246.299314 175.361491 130.518106 102.011508 84.614192 73.728478 51.684950 32.117043 19.296940 237.790275 195.126611 149.337312 125.065058 82.862028 128.724137
79.400000 246.462271 175.482035 130.611722 102.087928 84.680071 73.787737 51.730724 32.150705 19.322539 237.948153 195.258991 149.442244 125.155391 82.926842 128.816673
79.450000 246.625223 175.602576 130.705335 102.164345 84.745947 73.846994 51.776497 32.184367 19.348137 238.106026 195.391367 149.547173 125.245720 82.991655 128.909207
79.500000 246.788170 175.723113 130.798946 102.240759 84.811822 73.906250 51.822270 32.218029 19.373735 238.263894 195.523738 149.652098 125.336047 83.056466 129.001737
79.550000 246.951111 175.843646 130.892553 102.317172 84.877695 73.965505 51.868041 32.251690 19.399333 238.421757 195.656105 149.757021 125.426372 83.121275 129.094265
79.600000 247.114046 175.964175 130.986158 102.393583 84.943567 74.024758 51.913811 32.285350 19.424931 238.579614 195.788468 149.861940 125.516693 83.186082 129.186790
79.650000 247.276976 176.084700 131.079760 102.469991 85.009437 74.084009 51.959581 32.319010 19.450529 238.737466 195.920827 149.966855 125.607012 83.250888 129.279312
79.700000 247.439901 176.205222 131.173360 102.546397 85.075305 74.143259 52.005349 32.352670 19.476126 238.895313 196.053181 150.071768 125.697328 83.315692 129.371832
79.750000 247.602820 176.325739 131.266956 102.622801 85.141171 74.202508 52.051117 32.386329 19.501723 239.053154 196.185531 150.176677 125.787642 83.380495 129.464349
79.800000 247.765734 176.446253 131.360550 102.699204 85.207035 74.261755 52.096883 32.419987 19.527321 239.210991 196.317877 150.281584 125.877953 83.445296 129.556863
79.850000 247.928642 176.566763 131.454141 102.775603 85.272898 74.321000 52.142649 32.453645 19.552917 239.368822 196.450218 150.386487 125.968261 83.510095 129.649374
79.900000 248.091545 176.687269 131.547729 102.852001 85.338759 74.380245 52.188414 32.487303 19.578514 239.526647 196.582555 150.491386 126.058567 83.574892 129.741882
79.950000 248.254442 176.807771 131.641315 102.928397 85.404619 74.439487 52.234177 32.520960 19.604111 239.684468 196.714888 150.596283 126.148870 83.639688 129.834388
80.000000 248.417334 176.928270 131.734897 103.004790 85.470476 74.498728 52.279940 32.554617 19.629707 239.842283 196.847217 150.701176 126.239170 83.704482 129.926891
80.050000 248.580221 177.048765 131.828477 103.081182 85.536332 74.557968 52.325702 32.588273 19.655303 240.000093 196.979541 150.806066 126.329468 83.769274 130.019392
80.100000 248.743102 177.169256 131.922054 103.157571 85.602187 74.617206 52.371463 32.621928 19.680899 240.157898 197.111861 150.910953 126.419763 83.834065 130.111889
80.150000 248.905978 177.289743 132.015629 103.233958 85.668039 74.676443 52.417223 32.655584 19.706495 240.315698 197.244177 151.015837 126.510055 83.898854 130.204384
80.200000 249.068848 177.410226 132.109200 103.310344 85.733890 74.735679 52.462981 32.689238 19.732091 240.473492 197.376489 151.120717 126.600345 83.963641 130.296876
80.250000 249.231713 177.530706 132.202769 103.386727 85.799739 74.794912 52.508739 32.722892 19.757686 240.631282 197.508796 151.225595 126.690632 84.028427 130.389366
80.300000 249.394572 177.651182 132.296335 103.463107 85.865586 74.854145 52.554497 32.756546 19.783282 240.789066 197.641100 151.330469 126.780917 84.093211 130.481853
80.350000 249.557427 177.771654 132.389898 103.539486 85.931432 74.913376 52.600253 32.790199 19.808877 240.946845 197.773399 151.435340 126.871199 84.157994 130.574337
80.400000 249.720275 177.892122 132.483459 103.615863 85.997276 74.972605 52.646008 32.823852 19.834472 241.104618 197.905693 151.540208 126.961478 84.222774 130.666818
80.450000 249.883119 178.012586 132.577017 103.692237 86.063118 75.031833 52.691762 32.857504 19.860066 241.262387 198.037984 151.645072 127.051754 84.287553 130.759296
80.500000 250.045957 178.133047 132.670572 103.768610 86.128959 75.091060 52.737515 32.891156 19.885661 241.420150 198.170270 151.749933 127.142028 84.352331 130.851772
80.550000 250.208789 178.253504 132.764124 103.844980 86.194798 75.150285 52.783268 32.924807 19.911255 241.577908 198.302552 151.854792 127.232300 84.417106 130.944245
80.600000 250.371617 178.373957 132.857673 103.921348 86.260635 75.209509 52.829019 32.958458 19.936850 241.735661 198.434830 151.959647 127.322568 84.481880 131.036716
80.650000 250.534438 178.494406 132.951220 103.997714 86.326470 75.268731 52.874769 32.992108 19.962444 241.893409 198.567104 152.064499 127.412834 84.546653 131.129184
80.700000 250.697255 178.614852 133.044764 104.074079 86.392304 75.327952 52.920519 33.025758 19.988037 242.051151 198.699373 152.169347 127.503098 84.611424 131.221649
80.750000 250.860066 178.735294 133.138305 104.150440 86.458136 75.387171 52.966268 33.059408 20.013631 242.208889 198.831638 152.274193 127.593359 84.676193 131.314111
80.800000 251.022872 178.855732 133.231844 104.226800 86.523966 75.446389 53.012015 33.093056 20.039225 242.366621 198.963899 152.379035 127.683617 84.740960 131.406571
80.850000 251.185673 178.976166 133.325380 104.303158 86.589795 75.505606 53.057762 33.126705 20.064818 242.524348 199.096156 152.483874 127.773872 84.805726 131.499027
80.900000 251.348468 179.096597 133.418913 104.379514 86.655622 75.564821 53.103508 33.160353 20.090411 242.682070 199.228409 152.588710 127.864125 84.870490 131.591482
80.950000 251.511257 179.217024 133.512443 104.455867 86.721447 75.624034 53.149252 33.194000 20.116004 242.839787 199.360657 152.693543 127.954376 84.935252 131.683933
81.000000 251.674042 179.337447 133.605971 104.532219 86.787271 75.683246 53.194996 33.227647 20.141597 242.997499 199.492902 152.798373 128.044624 85.000013 131.776382
81.050000 251.836821 179.457866 133.699496 104.608568 86.853093 75.742457 53.240739 33.261293 20.167189 243.155205 199.625142 152.903199 128.134869 85.064772 131.868828
81.100000 251.999595 179.578282 133.793018 104.684916 86.918913 75.801666 53.286481 33.294939 20.192782 243.312907 199.757378 153.008023 128.225111 85.129530 131.961272
81.150000 252.162363 179.698694 133.886537 104.761261 86.984731 75.860874 53.332222 33.328585 20.218374 243.470603 199.889609 153.112843 128.315351 85.194286 132.053712
81.200000 252.325127 179.819102 133.980054 104.837604 87.050548 75.920080 53.377962 33.362230 20.243966 243.628294 200.021837 153.217660 128.405589 85.259040 132.146151
81.250000 252.487884 179.939507 134.073568 104.913945 87.116363 75.979285 53.423701 33.395874 20.269558 243.785980 200.154060 153.322474 128.495823 85.323792 132.238586
81.300000 252.650637 180.059907 134.167079 104.990284 87.182177 76.038489 53.469440 33.429518 20.295149 243.943661 200.286280 153.427285 128.586055 85.388543 132.331019
81.350000 252.813384 180.180304 134.260587 105.066621 87.247989 76.097691 53.515177 33.463162 20.320741 244.101337 200.418495 153.532092 128.676285 85.453292 132.423449
81.400000 252.976126 180.300698 134.354093 105.142956 87.313799 76.156891 53.560913 33.496805 20.346332 244.259007 200.550705 153.636897 128.766512 85.518040 132.515876
81.450000 253.138863 180.421087 134.447596 105.219289 87.379607 76.216090 53.606649 33.530447 20.371923 244.416673 200.682912 153.741698 128.856736 85.582786 132.608301
81.500000 253.301594 180.541473 134.541097 105.295619 87.445414 76.275288 53.652383 33.564089 20.397514 244.574334 200.815115 153.846497 128.946958 85.647530 132.700723
81.550000 253.464320 180.661855 134.634594 105.371948 87.511219 76.334484 53.698117 33.597731 20.423105 244.731989 200.947313 153.951292 129.037177 85.712273 132.793142
81.600000 253.627041 180.782234 134.728089 105.448274 87.577022 76.393679 53.743850 33.631372 20.448695 244.889639 201.079508 154.056084 129.127394 85.777014 132.885559
81.650000 253.789757 180.902609 134.821582 105.524599 87.642824 76.452873 53.789581 33.665012 20.474286 245.047284 201.211698 154.160873 129.217608 85.841754 132.977973
81.700000 253.952467 181.022980 134.915071 105.600921 87.708624 76.512065 53.835312 33.698653 20.499876 245.204925 201.343884 154.265658 129.307819 85.906491 133.070384
81.750000 254.115172 181.143347 135.008558 105.677242 87.774422 76.571255 53.881042 33.732292 20.525466 245.362560 201.476066 154.370441 129.398028 85.971227 133.162793
81.800000 254.277872 181.263711 135.102042 105.753560 87.840219 76.630444 53.926771 33.765931 20.551056 245.520190 201.608244 154.475221 129.488235 86.035962 133.255199
81.850000 254.440567 181.384071 135.195524 105.829876 87.906014 76.689632 53.972499 33.799570 20.576645 245.677815 201.740417 154.579997 129.578438 86.100695 133.347603
81.900000 254.603256 181.504427 135.289002 105.906190 87.971807 76.748818 54.018226 33.833208 20.602235 245.835434 201.872587 154.684770 129.668639 86.165426 133.440003
81.950000 254.765940 181.624780 135.382479 105.982503 88.037599 76.808003 54.063952 33.866846 20.627824 245.993049 202.004752 154.789541 129.758838 86.230156 133.532401
82.000000 254.928619 181.745129 135.475952 106.058813 88.103389 76.867187 54.109677 33.900483 20.653413 246.150659 202.136913 154.894308 129.849034 86.294884 133.624797
82.050000 255.091292 181.865474 135.569423 106.135121 88.169177 76.926369 54.155401 33.934120 20.679002 246.308264 202.269071 154.999072 129.939227 86.359610 133.717190
82.100000 255.253960 181.985815 135.662891 106.211427 88.234964 76.985549 54.201125 33.967756 20.704591 246.465863 202.401224 155.103832 130.029418 86.424335 133.809580
82.150000 255.416623 182.106153 135.756356 106.287731 88.300749 77.044728 54.246847 34.001392 20.730179 246.623458 202.533373 155.208590 130.119607 86.489058 133.901967
82.200000 255.579281 182.226487 135.849819 106.364032 88.366532 77.103906 54.292569 34.035027 20.755768 246.781047 202.665517 155.313345 130.209792 86.553779 133.994352
82.250000 255.741934 182.346818 135.943279 106.440332 88.432314 77.163083 54.338289 34.068662 20.781356 246.938632 202.797658 155.418097 130.299976 86.618499 134.086734
82.300000 255.904581 182.467145 136.036736 106.516630 88.498094 77.222257 54.384009 34.102296 20.806944 247.096212 202.929795 155.522845 130.390156 86.683217 134.179114
82.350000 256.067224 182.587468 136.130191 106.592926 88.563872 77.281431 54.429728 34.135930 20.832531 247.253786 203.061927 155.627590 130.480334 86.747934 134.271491
82.400000 256.229861 182.707788 136.223642 106.669219 88.629649 77.340603 54.475446 34.169564 20.858119 247.411355 203.194056 155.732333 130.570510 86.812649 134.363865
82.450000 256.392492 182.828104 136.317092 106.745511 88.695424 77.399774 54.521162 34.203197 20.883706 247.568920 203.326180 155.837072 130.660683 86.877362 134.456237
82.500000 256.555119 182.948416 136.410538 106.821801 88.761197 77.458943 54.566878 34.236829 20.909294 247.726479 203.458301 155.941808 130.750853 86.942074 134.548606
82.550000 256.717740 183.068725 136.503982 106.898088 88.826969 77.518111 54.612593 34.270461 20.934881 247.884034 203.590417 156.046541 130.841021 87.006784 134.640972
82.600000 256.880357 183.189030 136.597424 106.974374 88.892739 77.577277 54.658308 34.304092 20.960468 248.041583 203.722529 156.151271 130.931186 87.071493 134.733336
82.650000 257.042968 183.309331 136.690862 107.050657 88.958507 77.636442 54.704021 34.337723 20.986054 248.199128 203.854637 156.255998 131.021349 87.136200 134.825697
82.700000 257.205573 183.429629 136.784298 107.126939 89.024274 77.695606 54.749733 34.371354 21.011641 248.356667 203.986741 156.360722 131.111509 87.200905 134.918056
82.750000 257.368174 183.549923 136.877731 107.203218 89.090039 77.754768 54.795444 34.404984 21.037227 248.514201 204.118841 156.465443 131.201667 87.265609 135.010412
82.800000 257.530769 183.670213 136.971162 107.279495 89.155803 77.813929 54.841155 34.438613 21.062813 248.671731 204.250937 156.570161 131.291822 87.330311 135.102765
82.850000 257.693360 183.790500 137.064590 107.355771 89.221564 77.873088 54.886864 34.472243 21.088399 248.829255 204.383029 156.674875 131.381975 87.395011 135.195116
82.900000 257.855945 183.910783 137.158015 107.432044 89.287324 77.932246 54.932573 34.505871 21.113985 248.986775 204.515116 156.779587 131.472125 87.459710 135.287464
82.950000 258.018525 184.031063 137.251438 107.508315 89.353083 77.991403 54.978281 34.539499 21.139570 249.144289 204.647200 156.884296 131.562273 87.524408 135.379810
83.000000 258.181100 184.151339 137.344858 107.584585 89.418840 78.050558 55.023987 34.573127 21.165156 249.301799 204.779280 156.989001 131.652418 87.589103 135.472153
83.050000 258.343669 184.271611 137.438276 107.660852 89.484595 78.109712 55.069693 34.606754 21.190741 249.459303 204.911355 157.093703 131.742560 87.653797 135.564493
83.100000 258.506234 184.391880 137.531690 107.737117 89.550349 78.168864 55.115398 34.640381 21.216326 249.616803 205.043427 157.198403 131.832700 87.718490 135.656831
83.150000 258.668793 184.512145 137.625102 107.813380 89.616101 78.228015 55.161102 34.674007 21.241911 249.774297 205.175494 157.303099 131.922838 87.783181 135.749166
83.200000 258.831348 184.632406 137.718512 107.889642 89.681851 78.287165 55.206805 34.707633 21.267495 249.931787 205.307558 157.407792 132.012973 87.847870 135.841498
83.250000 258.993897 184.752664 137.811919 107.965901 89.747600 78.346313 55.252507 34.741258 21.293080 250.089272 205.439617 157.512483 132.103105 87.912557 135.933828
83.300000 259.156441 184.872918 137.905323 108.042158 89.813347 78.405459 55.298209 34.774883 21.318664 250.246752 205.571673 157.617170 132.193235 87.977244 136.026155
83.350000 259.318980 184.993169 137.998725 108.118413 89.879092 78.464605 55.343909 34.808507 21.344248 250.404226 205.703724 157.721854 132.283362 88.041928 136.118480
83.400000 259.481513 185.113416 138.092124 108.194666 89.944836 78.523749 55.389609 34.842131 21.369832 250.561696 205.835772 157.826535 132.373487 88.106611 136.210802
