web/models/kne/10/Metzger_0.403554_0.321724_0.100000.dat
# %ECSV 0.9
# ---
# datatype:
# - {name: time, datatype: float64}
# - {name: sdss_u, datatype: float64}
# - {name: sdss_g, datatype: float64}
# - {name: sdss_r, datatype: float64}
# - {name: sdss_i, datatype: float64}
# - {name: sdss_z, datatype: float64}
# - {name: PS1_y, datatype: float64}
# - {name: ukirt_J, datatype: float64}
# - {name: ukirt_H, datatype: float64}
# - {name: ukirt_K, datatype: float64}
# - {name: johnson_U, datatype: float64}
# - {name: johnson_B, datatype: float64}
# - {name: johnson_V, datatype: float64}
# - {name: johnson_R, datatype: float64}
# - {name: johnson_I, datatype: float64}
# - {name: Clear, datatype: float64}
# meta: !!omap
# - comment: [vej = 0.3217241379310345, mej = 0.4035543872905491, Ye = 0.1, redshift = 0.0]
# schema: astropy-2.0
time sdss_u sdss_g sdss_r sdss_i sdss_z PS1_y ukirt_J ukirt_H ukirt_K johnson_U johnson_B johnson_V johnson_R johnson_I Clear
[from data line 1599]
80.050000 184.295239 129.584623 95.044015 73.117001 59.752578 51.399491 34.515196 19.581231 9.846400 177.729419 144.821460 109.533764 90.847359 58.407529 93.663278
80.100000 184.430325 129.684493 95.121526 73.180233 59.807058 51.448475 34.552983 19.608961 9.867435 177.860288 144.931157 109.620671 90.922143 58.461125 93.739892
80.150000 184.565409 129.784361 95.199036 73.243464 59.861537 51.497458 34.590770 19.636692 9.888470 177.991154 145.040852 109.707576 90.996926 58.514721 93.816505
80.200000 184.700488 129.884227 95.276543 73.306694 59.916015 51.546440 34.628556 19.664422 9.909505 178.122017 145.150545 109.794479 91.071708 58.568315 93.893116
80.250000 184.835565 129.984090 95.354050 73.369923 59.970492 51.595422 34.666342 19.692152 9.930541 178.252877 145.260234 109.881381 91.146488 58.621909 93.969726
80.300000 184.970637 130.083951 95.431554 73.433150 60.024968 51.644402 34.704128 19.719883 9.951576 178.383733 145.369921 109.968280 91.221266 58.675502 94.046334
80.350000 185.105707 130.183810 95.509057 73.496377 60.079444 51.693382 34.741913 19.747613 9.972612 178.514586 145.479606 110.055177 91.296043 58.729094 94.122940
80.400000 185.240773 130.283666 95.586559 73.559602 60.133918 51.742361 34.779698 19.775343 9.993647 178.645435 145.589287 110.142072 91.370818 58.782685 94.199545
80.450000 185.375835 130.383520 95.664058 73.622825 60.188392 51.791340 34.817482 19.803073 10.014683 178.776281 145.698966 110.228966 91.445592 58.836275 94.276148
80.500000 185.510894 130.483371 95.741556 73.686048 60.242864 51.840318 34.855266 19.830803 10.035719 178.907124 145.808643 110.315857 91.520364 58.889865 94.352749
80.550000 185.645949 130.583220 95.819053 73.749269 60.297336 51.889294 34.893049 19.858533 10.056755 179.037964 145.918316 110.402747 91.595134 58.943453 94.429349
80.600000 185.781001 130.683067 95.896548 73.812490 60.351807 51.938271 34.930832 19.886262 10.077791 179.168800 146.027987 110.489634 91.669903 58.997041 94.505947
80.650000 185.916050 130.782911 95.974041 73.875708 60.406277 51.987246 34.968615 19.913992 10.098827 179.299632 146.137655 110.576520 91.744671 59.050627 94.582544
80.700000 186.051095 130.882753 96.051532 73.938926 60.460746 52.036221 35.006398 19.941721 10.119864 179.430462 146.247321 110.663403 91.819436 59.104213 94.659138
80.750000 186.186136 130.982593 96.129021 74.002143 60.515213 52.085194 35.044179 19.969451 10.140900 179.561287 146.356984 110.750285 91.894200 59.157798 94.735732
80.800000 186.321174 131.082430 96.206509 74.065358 60.569680 52.134168 35.081961 19.997180 10.161937 179.692110 146.466644 110.837164 91.968963 59.211381 94.812323
80.850000 186.456208 131.182265 96.283996 74.128572 60.624146 52.183140 35.119742 20.024909 10.182974 179.822929 146.576301 110.924042 92.043724 59.264964 94.888913
80.900000 186.591239 131.282097 96.361480 74.191785 60.678611 52.232111 35.157522 20.052639 10.204011 179.953745 146.685955 111.010918 92.118483 59.318546 94.965501
80.950000 186.726266 131.381927 96.438963 74.254996 60.733075 52.281082 35.195303 20.080368 10.225048 180.084557 146.795607 111.097791 92.193241 59.372127 95.042088
81.000000 186.861289 131.481754 96.516444 74.318206 60.787538 52.330052 35.233082 20.108096 10.246085 180.215366 146.905256 111.184663 92.267997 59.425707 95.118673
81.050000 186.996309 131.581579 96.593923 74.381415 60.842001 52.379021 35.270862 20.135825 10.267122 180.346171 147.014903 111.271532 92.342751 59.479286 95.195256
81.100000 187.131326 131.681402 96.671401 74.444623 60.896462 52.427989 35.308641 20.163554 10.288159 180.476973 147.124546 111.358400 92.417504 59.532865 95.271837
81.150000 187.266339 131.781222 96.748877 74.507830 60.950922 52.476957 35.346419 20.191283 10.309197 180.607771 147.234187 111.445265 92.492255 59.586442 95.348417
81.200000 187.401348 131.881040 96.826351 74.571035 61.005381 52.525924 35.384197 20.219011 10.330234 180.738566 147.343825 111.532129 92.567005 59.640018 95.424995
81.250000 187.536353 131.980855 96.903824 74.634239 61.059839 52.574889 35.421975 20.246739 10.351272 180.869358 147.453460 111.618990 92.641753 59.693593 95.501571
81.300000 187.671355 132.080667 96.981295 74.697441 61.114296 52.623855 35.459752 20.274468 10.372309 181.000146 147.563093 111.705849 92.716499 59.747168 95.578146
81.350000 187.806354 132.180478 97.058764 74.760643 61.168753 52.672819 35.497528 20.302196 10.393347 181.130931 147.672722 111.792707 92.791243 59.800741 95.654719
81.400000 187.941349 132.280285 97.136231 74.823843 61.223208 52.721782 35.535304 20.329924 10.414385 181.261712 147.782349 111.879562 92.865986 59.854313 95.731290
81.450000 188.076340 132.380091 97.213696 74.887042 61.277662 52.770745 35.573080 20.357651 10.435423 181.392489 147.891973 111.966415 92.940728 59.907885 95.807860
81.500000 188.211327 132.479893 97.291160 74.950239 61.332115 52.819707 35.610855 20.385379 10.456461 181.523264 148.001595 112.053266 93.015467 59.961455 95.884427
81.550000 188.346311 132.579694 97.368622 75.013436 61.386567 52.868668 35.648630 20.413107 10.477499 181.654034 148.111213 112.140115 93.090205 60.015025 95.960993
81.600000 188.481291 132.679492 97.446082 75.076630 61.441018 52.917628 35.686405 20.440834 10.498537 181.784801 148.220829 112.226962 93.164941 60.068593 96.037558
81.650000 188.616268 132.779287 97.523541 75.139824 61.495469 52.966587 35.724178 20.468561 10.519576 181.915565 148.330442 112.313807 93.239676 60.122161 96.114120
81.700000 188.751241 132.879080 97.600997 75.203016 61.549918 53.015546 35.761952 20.496289 10.540614 182.046325 148.440052 112.400650 93.314409 60.175727 96.190681
81.750000 188.886210 132.978870 97.678452 75.266207 61.604366 53.064503 35.799725 20.524016 10.561652 182.177081 148.549659 112.487490 93.389140 60.229293 96.267240
81.800000 189.021176 133.078658 97.755905 75.329397 61.658813 53.113460 35.837497 20.551742 10.582691 182.307834 148.659263 112.574329 93.463869 60.282857 96.343797
81.850000 189.156138 133.178443 97.833357 75.392585 61.713259 53.162416 35.875269 20.579469 10.603730 182.438584 148.768864 112.661166 93.538597 60.336421 96.420353
81.900000 189.291096 133.278226 97.910806 75.455773 61.767704 53.211371 35.913041 20.607196 10.624768 182.569330 148.878463 112.748000 93.613323 60.389983 96.496907
81.950000 189.426050 133.378006 97.988254 75.518958 61.822148 53.260325 35.950812 20.634922 10.645807 182.700072 148.988059 112.834832 93.688047 60.443545 96.573459
82.000000 189.561001 133.477783 98.065700 75.582143 61.876591 53.309279 35.988582 20.662648 10.666846 182.830811 149.097652 112.921663 93.762770 60.497105 96.650009
82.050000 189.695948 133.577558 98.143144 75.645326 61.931033 53.358231 36.026352 20.690374 10.687885 182.961546 149.207242 113.008491 93.837491 60.550665 96.726557
82.100000 189.830891 133.677331 98.220586 75.708508 61.985474 53.407183 36.064122 20.718100 10.708924 183.092278 149.316829 113.095317 93.912210 60.604223 96.803104
82.150000 189.965831 133.777101 98.298027 75.771688 62.039914 53.456134 36.101891 20.745826 10.729963 183.223006 149.426413 113.182140 93.986928 60.657781 96.879649
82.200000 190.100767 133.876868 98.375465 75.834867 62.094352 53.505083 36.139659 20.773552 10.751002 183.353730 149.535994 113.268962 94.061643 60.711337 96.956192
82.250000 190.235699 133.976633 98.452902 75.898045 62.148790 53.554033 36.177427 20.801277 10.772041 183.484451 149.645573 113.355782 94.136357 60.764893 97.032733
82.300000 190.370627 134.076395 98.530337 75.961221 62.203227 53.602981 36.215195 20.829003 10.793080 183.615168 149.755148 113.442599 94.211070 60.818447 97.109273
82.350000 190.505552 134.176155 98.607771 76.024396 62.257662 53.651928 36.252962 20.856728 10.814119 183.745882 149.864721 113.529414 94.285780 60.872000 97.185811
82.400000 190.640473 134.275912 98.685202 76.087570 62.312097 53.700874 36.290729 20.884453 10.835158 183.876592 149.974291 113.616228 94.360489 60.925553 97.262346
82.450000 190.775390 134.375667 98.762631 76.150742 62.366530 53.749820 36.328495 20.912177 10.856198 184.007298 150.083858 113.703039 94.435196 60.979104 97.338881
82.500000 190.910303 134.475419 98.840059 76.213913 62.420963 53.798765 36.366260 20.939902 10.877237 184.138001 150.193421 113.789847 94.509902 61.032654 97.415413
82.550000 191.045213 134.575168 98.917485 76.277083 62.475394 53.847708 36.404025 20.967626 10.898277 184.268700 150.302982 113.876654 94.584605 61.086204 97.491943
82.600000 191.180119 134.674915 98.994909 76.340251 62.529824 53.896651 36.441790 20.995351 10.919316 184.399396 150.412541 113.963459 94.659307 61.139752 97.568472
82.650000 191.315021 134.774659 99.072331 76.403418 62.584253 53.945593 36.479554 21.023075 10.940355 184.530087 150.522096 114.050261 94.734007 61.193299 97.644999
82.700000 191.449919 134.874401 99.149751 76.466583 62.638681 53.994534 36.517317 21.050799 10.961395 184.660776 150.631648 114.137061 94.808705 61.246845 97.721524
82.750000 191.584813 134.974140 99.227170 76.529747 62.693108 54.043474 36.555080 21.078522 10.982435 184.791460 150.741197 114.223859 94.883402 61.300390 97.798047
82.800000 191.719704 135.073876 99.304586 76.592910 62.747534 54.092414 36.592842 21.106246 11.003474 184.922141 150.850743 114.310655 94.958097 61.353934 97.874568
82.850000 191.854591 135.173610 99.382001 76.656071 62.801959 54.141352 36.630604 21.133969 11.024514 185.052818 150.960287 114.397449 95.032790 61.407477 97.951088
82.900000 191.989474 135.273341 99.459414 76.719231 62.856383 54.190289 36.668366 21.161692 11.045554 185.183492 151.069827 114.484240 95.107481 61.461018 98.027606
82.950000 192.124353 135.373069 99.536825 76.782389 62.910805 54.239226 36.706126 21.189415 11.066593 185.314162 151.179365 114.571029 95.182170 61.514559 98.104121
83.000000 192.259228 135.472795 99.614234 76.845547 62.965227 54.288162 36.743887 21.217138 11.087633 185.444828 151.288899 114.657816 95.256858 61.568099 98.180635
83.050000 192.394100 135.572518 99.691641 76.908702 63.019647 54.337096 36.781646 21.244861 11.108673 185.575490 151.398430 114.744601 95.331544 61.621637 98.257147
83.100000 192.528968 135.672238 99.769046 76.971857 63.074067 54.386030 36.819406 21.272583 11.129713 185.706149 151.507959 114.831384 95.406228 61.675175 98.333658
83.150000 192.663831 135.771956 99.846450 77.035009 63.128485 54.434963 36.857164 21.300305 11.150753 185.836804 151.617484 114.918164 95.480910 61.728711 98.410166
83.200000 192.798691 135.871671 99.923851 77.098161 63.182902 54.483895 36.894922 21.328027 11.171793 185.967455 151.727007 115.004943 95.555590 61.782247 98.486673
83.250000 192.933548 135.971384 100.001251 77.161311 63.237318 54.532826 36.932680 21.355749 11.192832 186.098103 151.836527 115.091719 95.630269 61.835781 98.563177
83.300000 193.068400 136.071094 100.078649 77.224460 63.291733 54.581756 36.970437 21.383470 11.213872 186.228747 151.946043 115.178492 95.704946 61.889314 98.639680
83.350000 193.203248 136.170801 100.156044 77.287607 63.346146 54.630685 37.008193 21.411192 11.234912 186.359387 152.055557 115.265264 95.779621 61.942846 98.716181
83.400000 193.338093 136.270506 100.233438 77.350753 63.400559 54.679613 37.045949 21.438913 11.255952 186.490024 152.165067 115.352033 95.854294 61.996377 98.792680
83.450000 193.472933 136.370207 100.310830 77.413897 63.454970 54.728541 37.083705 21.466634 11.276992 186.620656 152.274575 115.438800 95.928965 62.049907 98.869177
83.500000 193.607770 136.469907 100.388220 77.477040 63.509381 54.777467 37.121459 21.494354 11.298032 186.751285 152.384079 115.525565 96.003635 62.103436 98.945673
83.550000 193.742603 136.569603 100.465609 77.540182 63.563790 54.826392 37.159214 21.522075 11.319072 186.881911 152.493580 115.612328 96.078302 62.156964 99.022166
83.600000 193.877432 136.669297 100.542995 77.603322 63.618198 54.875317 37.196967 21.549795 11.340112 187.012532 152.603079 115.699088 96.152968 62.210490 99.098657
83.650000 194.012257 136.768988 100.620379 77.666460 63.672605 54.924240 37.234720 21.577515 11.361152 187.143150 152.712574 115.785846 96.227632 62.264016 99.175147
83.700000 194.147078 136.868676 100.697761 77.729598 63.727011 54.973163 37.272473 21.605235 11.382192 187.273764 152.822067 115.872602 96.302295 62.317540 99.251635
83.750000 194.281895 136.968362 100.775142 77.792733 63.781415 55.022084 37.310225 21.632954 11.403232 187.404374 152.931556 115.959356 96.376955 62.371063 99.328120
83.800000 194.416708 137.068045 100.852520 77.855868 63.835819 55.071005 37.347976 21.660674 11.424272 187.534980 153.041042 116.046107 96.451613 62.424585 99.404604
83.850000 194.551518 137.167725 100.929897 77.919001 63.890221 55.119924 37.385727 21.688393 11.445312 187.665583 153.150525 116.132856 96.526270 62.478106 99.481086
83.900000 194.686323 137.267403 101.007271 77.982132 63.944623 55.168843 37.423477 21.716112 11.466352 187.796182 153.260006 116.219603 96.600925 62.531626 99.557566
83.950000 194.821125 137.367078 101.084644 78.045262 63.999023 55.217761 37.461227 21.743830 11.487392 187.926777 153.369483 116.306347 96.675578 62.585145 99.634044
84.000000 194.955922 137.466750 101.162015 78.108390 64.053421 55.266678 37.498976 21.771549 11.508432 188.057368 153.478957 116.393090 96.750229 62.638663 99.710521
84.050000 195.090716 137.566419 101.239383 78.171517 64.107819 55.315593 37.536724 21.799267 11.529472 188.187956 153.588428 116.479829 96.824878 62.692179 99.786995
84.100000 195.225506 137.666086 101.316750 78.234643 64.162216 55.364508 37.574472 21.826985 11.550513 188.318539 153.697896 116.566567 96.899526 62.745695 99.863467
84.150000 195.360291 137.765750 101.394115 78.297767 64.216611 55.413422 37.612220 21.854703 11.571553 188.449119 153.807360 116.653303 96.974171 62.799209 99.939938
84.200000 195.495073 137.865411 101.471478 78.360890 64.271005 55.462335 37.649966 21.882420 11.592593 188.579695 153.916822 116.740036 97.048815 62.852722 100.016406
84.250000 195.629851 137.965069 101.548839 78.424011 64.325398 55.511247 37.687712 21.910137 11.613633 188.710267 154.026281 116.826766 97.123456 62.906234 100.092873
84.300000 195.764625 138.064725 101.626198 78.487131 64.379790 55.560158 37.725458 21.937854 11.634673 188.840836 154.135736 116.913495 97.198096 62.959745 100.169337
84.350000 195.899394 138.164378 101.703554 78.550249 64.434181 55.609068 37.763203 21.965571 11.655712 188.971400 154.245189 117.000221 97.272734 63.013254 100.245800
84.400000 196.034160 138.264028 101.780909 78.613365 64.488571 55.657977 37.800947 21.993287 11.676752 189.101961 154.354638 117.086945 97.347370 63.066763 100.322261
84.450000 196.168922 138.363675 101.858262 78.676481 64.542959 55.706884 37.838691 22.021004 11.697792 189.232518 154.464084 117.173667 97.422005 63.120270 100.398719
84.500000 196.303680 138.463320 101.935613 78.739594 64.597346 55.755791 37.876434 22.048720 11.718832 189.363071 154.573528 117.260386 97.496637 63.173777 100.475176
84.550000 196.438434 138.562962 102.012962 78.802707 64.651732 55.804697 37.914177 22.076435 11.739872 189.493620 154.682968 117.347103 97.571267 63.227282 100.551631
84.600000 196.573184 138.662601 102.090309 78.865817 64.706117 55.853602 37.951918 22.104151 11.760912 189.624165 154.792405 117.433817 97.645896 63.280786 100.628084
84.650000 196.707929 138.762237 102.167654 78.928927 64.760500 55.902506 37.989660 22.131866 11.781952 189.754707 154.901838 117.520530 97.720522 63.334288 100.704535
84.700000 196.842671 138.861871 102.244997 78.992034 64.814883 55.951409 38.027400 22.159581 11.802992 189.885244 155.011269 117.607240 97.795147 63.387790 100.780984
84.750000 196.977409 138.961501 102.322338 79.055141 64.869264 56.000311 38.065141 22.187296 11.824031 190.015778 155.120697 117.693947 97.869770 63.441290 100.857431
84.800000 197.112143 139.061129 102.399677 79.118245 64.923644 56.049212 38.102880 22.215010 11.845071 190.146308 155.230121 117.780653 97.944391 63.494790 100.933876
