web/models/kne/10/Metzger_0.111556_0.240690_0.100000.dat
# %ECSV 0.9
# ---
# datatype:
# - {name: time, datatype: float64}
# - {name: sdss_u, datatype: float64}
# - {name: sdss_g, datatype: float64}
# - {name: sdss_r, datatype: float64}
# - {name: sdss_i, datatype: float64}
# - {name: sdss_z, datatype: float64}
# - {name: PS1_y, datatype: float64}
# - {name: ukirt_J, datatype: float64}
# - {name: ukirt_H, datatype: float64}
# - {name: ukirt_K, datatype: float64}
# - {name: johnson_U, datatype: float64}
# - {name: johnson_B, datatype: float64}
# - {name: johnson_V, datatype: float64}
# - {name: johnson_R, datatype: float64}
# - {name: johnson_I, datatype: float64}
# - {name: Clear, datatype: float64}
# meta: !!omap
# - comment: [vej = 0.24068965517241378, mej = 0.11155639876849505, Ye = 0.1, redshift = 0.0]
# schema: astropy-2.0
time sdss_u sdss_g sdss_r sdss_i sdss_z PS1_y ukirt_J ukirt_H ukirt_K johnson_U johnson_B johnson_V johnson_R johnson_I Clear
[from data line 2335]
116.850000 348.509143 251.365765 189.884273 150.752209 126.842116 111.866424 81.491174 54.439845 36.637292 336.861970 278.443676 215.695183 182.402261 124.432494 187.422971
116.900000 348.663079 251.479729 189.972859 150.824589 126.904562 111.922631 81.534673 54.471930 36.661777 337.011120 278.568795 215.794434 182.487753 124.493937 187.510540
116.950000 348.817011 251.593691 190.061444 150.896967 126.967006 111.978837 81.578171 54.504014 36.686261 337.160265 278.693911 215.893683 182.573243 124.555379 187.598106
117.000000 348.970938 251.707650 190.150026 150.969343 127.029449 112.035042 81.621668 54.536097 36.710746 337.309406 278.819023 215.992929 182.658730 124.616819 187.685671
117.050000 349.124862 251.821606 190.238606 151.041718 127.091891 112.091246 81.665165 54.568180 36.735230 337.458544 278.944132 216.092172 182.744216 124.678258 187.773233
117.100000 349.278782 251.935559 190.327184 151.114090 127.154331 112.147448 81.708660 54.600263 36.759713 337.607678 279.069238 216.191414 182.829700 124.739695 187.860794
117.150000 349.432698 252.049509 190.415760 151.186462 127.216769 112.203649 81.752155 54.632345 36.784197 337.756807 279.194341 216.290652 182.915181 124.801131 187.948352
117.200000 349.586609 252.163457 190.504334 151.258831 127.279207 112.259849 81.795649 54.664426 36.808679 337.905933 279.319441 216.389889 183.000661 124.862566 188.035908
117.250000 349.740517 252.277401 190.592905 151.331199 127.341643 112.316048 81.839142 54.696507 36.833162 338.055055 279.444537 216.489122 183.086138 124.923999 188.123462
117.300000 349.894421 252.391343 190.681475 151.403565 127.404077 112.372246 81.882634 54.728587 36.857644 338.204174 279.569630 216.588354 183.171613 124.985431 188.211013
117.350000 350.048321 252.505282 190.770042 151.475930 127.466510 112.428442 81.926125 54.760667 36.882126 338.353288 279.694720 216.687583 183.257087 125.046862 188.298563
117.400000 350.202216 252.619217 190.858607 151.548292 127.528942 112.484637 81.969616 54.792746 36.906608 338.502399 279.819807 216.786809 183.342558 125.108291 188.386111
117.450000 350.356108 252.733151 190.947170 151.620654 127.591372 112.540831 82.013105 54.824825 36.931089 338.651505 279.944891 216.886033 183.428027 125.169719 188.473656
117.500000 350.509996 252.847081 191.035731 151.693013 127.653801 112.597024 82.056594 54.856903 36.955570 338.800608 280.069972 216.985255 183.513494 125.231145 188.561199
117.550000 350.663880 252.961008 191.124290 151.765371 127.716229 112.653215 82.100082 54.888980 36.980051 338.949707 280.195049 217.084474 183.598959 125.292570 188.648741
117.600000 350.817760 253.074933 191.212847 151.837727 127.778655 112.709405 82.143568 54.921058 37.004531 339.098802 280.320123 217.183691 183.684423 125.353994 188.736280
117.650000 350.971635 253.188854 191.301401 151.910081 127.841080 112.765594 82.187055 54.953134 37.029011 339.247894 280.445195 217.282905 183.769884 125.415416 188.823817
117.700000 351.125507 253.302773 191.389953 151.982434 127.903503 112.821782 82.230540 54.985210 37.053491 339.396981 280.570262 217.382117 183.855343 125.476837 188.911352
117.750000 351.279375 253.416689 191.478504 152.054785 127.965925 112.877969 82.274024 55.017285 37.077971 339.546065 280.695327 217.481327 183.940800 125.538257 188.998885
117.800000 351.433239 253.530603 191.567052 152.127135 128.028346 112.934154 82.317508 55.049360 37.102450 339.695145 280.820389 217.580534 184.026254 125.599675 189.086415
117.850000 351.587099 253.644513 191.655598 152.199482 128.090765 112.990338 82.360990 55.081435 37.126928 339.844221 280.945447 217.679739 184.111707 125.661092 189.173944
117.900000 351.740955 253.758420 191.744142 152.271828 128.153183 113.046521 82.404472 55.113508 37.151407 339.993293 281.070503 217.778941 184.197158 125.722508 189.261471
117.950000 351.894808 253.872325 191.832683 152.344173 128.215599 113.102703 82.447953 55.145582 37.175885 340.142361 281.195555 217.878141 184.282607 125.783922 189.348995
118.000000 352.048656 253.986227 191.921223 152.416516 128.278014 113.158883 82.491433 55.177655 37.200363 340.291426 281.320604 217.977338 184.368054 125.845335 189.436518
118.050000 352.202500 254.100126 192.009760 152.488857 128.340428 113.215062 82.534912 55.209727 37.224840 340.440487 281.445650 218.076533 184.453499 125.906746 189.524038
118.100000 352.356340 254.214022 192.098296 152.561196 128.402840 113.271241 82.578391 55.241798 37.249317 340.589544 281.570693 218.175726 184.538941 125.968156 189.611556
118.150000 352.510177 254.327916 192.186829 152.633534 128.465251 113.327417 82.621868 55.273870 37.273794 340.738597 281.695733 218.274916 184.624382 126.029565 189.699072
118.200000 352.664009 254.441806 192.275360 152.705870 128.527660 113.383593 82.665345 55.305940 37.298271 340.887646 281.820769 218.374104 184.709821 126.090973 189.786586
118.250000 352.817837 254.555694 192.363889 152.778204 128.590068 113.439767 82.708821 55.338010 37.322747 341.036692 281.945802 218.473289 184.795257 126.152379 189.874098
118.300000 352.971662 254.669579 192.452416 152.850537 128.652475 113.495941 82.752296 55.370080 37.347223 341.185733 282.070833 218.572472 184.880692 126.213783 189.961608
118.350000 353.125483 254.783461 192.540941 152.922868 128.714881 113.552113 82.795770 55.402149 37.371698 341.334771 282.195860 218.671652 184.966125 126.275187 190.049116
118.400000 353.279299 254.897340 192.629464 152.995198 128.777285 113.608284 82.839243 55.434217 37.396173 341.483806 282.320884 218.770831 185.051555 126.336589 190.136622
118.450000 353.433112 255.011217 192.717985 153.067526 128.839687 113.664453 82.882715 55.466285 37.420648 341.632836 282.445905 218.870006 185.136984 126.397989 190.224125
118.500000 353.586921 255.125090 192.806503 153.139852 128.902088 113.720622 82.926187 55.498353 37.445123 341.781863 282.570923 218.969180 185.222410 126.459389 190.311627
118.550000 353.740726 255.238961 192.895020 153.212176 128.964488 113.776789 82.969658 55.530420 37.469597 341.930885 282.695937 219.068351 185.307835 126.520787 190.399126
118.600000 353.894527 255.352829 192.983534 153.284499 129.026887 113.832955 83.013128 55.562486 37.494071 342.079905 282.820949 219.167519 185.393258 126.582183 190.486624
118.650000 354.048324 255.466695 193.072046 153.356821 129.089284 113.889120 83.056597 55.594552 37.518545 342.228920 282.945957 219.266685 185.478678 126.643579 190.574119
118.700000 354.202117 255.580557 193.160557 153.429140 129.151680 113.945284 83.100065 55.626617 37.543018 342.377931 283.070963 219.365849 185.564097 126.704973 190.661613
118.750000 354.355907 255.694417 193.249065 153.501458 129.214074 114.001446 83.143532 55.658682 37.567491 342.526939 283.195965 219.465011 185.649513 126.766365 190.749104
118.800000 354.509692 255.808274 193.337571 153.573775 129.276467 114.057607 83.186999 55.690746 37.591964 342.675943 283.320964 219.564170 185.734928 126.827757 190.836593
118.850000 354.663474 255.922128 193.426075 153.646089 129.338859 114.113767 83.230464 55.722810 37.616436 342.824943 283.445960 219.663326 185.820340 126.889147 190.924080
118.900000 354.817251 256.035979 193.514576 153.718402 129.401249 114.169926 83.273929 55.754873 37.640908 342.973940 283.570953 219.762481 185.905751 126.950535 191.011565
118.950000 354.971025 256.149828 193.603076 153.790714 129.463638 114.226084 83.317393 55.786936 37.665380 343.122932 283.695943 219.861632 185.991159 127.011922 191.099048
119.000000 355.124795 256.263674 193.691574 153.863023 129.526026 114.282240 83.360856 55.818998 37.689851 343.271921 283.820930 219.960782 186.076566 127.073308 191.186529
119.050000 355.278561 256.377517 193.780069 153.935332 129.588412 114.338396 83.404318 55.851060 37.714322 343.420907 283.945914 220.059929 186.161970 127.134693 191.274008
119.100000 355.432323 256.491357 193.868563 154.007638 129.650797 114.394550 83.447780 55.883121 37.738793 343.569888 284.070894 220.159074 186.247373 127.196076 191.361485
119.150000 355.586082 256.605194 193.957054 154.079943 129.713180 114.450703 83.491241 55.915181 37.763263 343.718866 284.195872 220.258216 186.332773 127.257458 191.448960
119.200000 355.739836 256.719029 194.045544 154.152246 129.775562 114.506854 83.534700 55.947241 37.787734 343.867840 284.320846 220.357356 186.418172 127.318839 191.536433
119.250000 355.893586 256.832861 194.134031 154.224548 129.837943 114.563005 83.578159 55.979301 37.812203 344.016810 284.445818 220.456494 186.503569 127.380218 191.623903
119.300000 356.047333 256.946690 194.222516 154.296848 129.900322 114.619154 83.621617 56.011360 37.836673 344.165776 284.570786 220.555629 186.588963 127.441596 191.711372
119.350000 356.201076 257.060516 194.310999 154.369146 129.962701 114.675303 83.665075 56.043418 37.861142 344.314739 284.695751 220.654762 186.674356 127.502973 191.798839
119.400000 356.354815 257.174340 194.399480 154.441443 130.025077 114.731450 83.708531 56.075476 37.885611 344.463698 284.820714 220.753893 186.759746 127.564348 191.886303
119.450000 356.508550 257.288161 194.487959 154.513738 130.087453 114.787595 83.751987 56.107534 37.910079 344.612654 284.945673 220.853021 186.845135 127.625722 191.973766
119.500000 356.662281 257.401979 194.576436 154.586032 130.149827 114.843740 83.795441 56.139591 37.934548 344.761605 285.070629 220.952147 186.930522 127.687094 192.061226
119.550000 356.816009 257.515794 194.664911 154.658323 130.212199 114.899884 83.838895 56.171647 37.959016 344.910553 285.195582 221.051270 187.015906 127.748466 192.148685
119.600000 356.969732 257.629607 194.753384 154.730614 130.274571 114.956026 83.882348 56.203703 37.983483 345.059497 285.320532 221.150391 187.101289 127.809836 192.236141
119.650000 357.123452 257.743417 194.841854 154.802902 130.336941 115.012167 83.925801 56.235758 38.007951 345.208438 285.445478 221.249510 187.186670 127.871204 192.323596
119.700000 357.277168 257.857224 194.930323 154.875189 130.399309 115.068307 83.969252 56.267813 38.032418 345.357374 285.570422 221.348626 187.272048 127.932572 192.411048
119.750000 357.430880 257.971028 195.018790 154.947475 130.461676 115.124446 84.012703 56.299868 38.056884 345.506308 285.695363 221.447741 187.357425 127.993938 192.498498
119.800000 357.584588 258.084830 195.107254 155.019758 130.524042 115.180583 84.056153 56.331921 38.081351 345.655237 285.820301 221.546852 187.442800 128.055303 192.585947
119.850000 357.738292 258.198628 195.195717 155.092041 130.586407 115.236720 84.099601 56.363975 38.105817 345.804162 285.945235 221.645962 187.528173 128.116666 192.673393
119.900000 357.891993 258.312424 195.284177 155.164321 130.648770 115.292855 84.143050 56.396027 38.130282 345.953084 286.070167 221.745069 187.613544 128.178028 192.760837
119.950000 358.045689 258.426218 195.372636 155.236600 130.711132 115.348989 84.186497 56.428080 38.154748 346.102003 286.195096 221.844173 187.698912 128.239389 192.848280
120.000000 358.199382 258.540008 195.461092 155.308877 130.773493 115.405122 84.229943 56.460131 38.179213 346.250917 286.320021 221.943276 187.784279 128.300748 192.935720
120.050000 358.353071 258.653796 195.549546 155.381153 130.835852 115.461253 84.273389 56.492182 38.203678 346.399828 286.444944 222.042376 187.869644 128.362106 193.023158
120.100000 358.506757 258.767581 195.637998 155.453427 130.898210 115.517384 84.316834 56.524233 38.228142 346.548735 286.569863 222.141473 187.955007 128.423463 193.110594
120.150000 358.660438 258.881364 195.726449 155.525700 130.960566 115.573513 84.360278 56.556283 38.252606 346.697639 286.694779 222.240569 188.040368 128.484819 193.198028
120.200000 358.814116 258.995143 195.814897 155.597971 131.022921 115.629642 84.403721 56.588333 38.277070 346.846539 286.819693 222.339662 188.125727 128.546173 193.285460
120.250000 358.967789 259.108920 195.903343 155.670240 131.085275 115.685769 84.447163 56.620382 38.301534 346.995435 286.944603 222.438753 188.211084 128.607526 193.372891
120.300000 359.121459 259.222695 195.991787 155.742507 131.147628 115.741894 84.490605 56.652431 38.325997 347.144327 287.069511 222.537841 188.296440 128.668878 193.460319
120.350000 359.275126 259.336466 196.080229 155.814774 131.209979 115.798019 84.534045 56.684479 38.350460 347.293216 287.194415 222.636927 188.381793 128.730228 193.547745
120.400000 359.428788 259.450235 196.168669 155.887038 131.272329 115.854143 84.577485 56.716526 38.374923 347.442101 287.319316 222.736011 188.467144 128.791577 193.635169
120.450000 359.582447 259.564001 196.257107 155.959301 131.334677 115.910265 84.620924 56.748574 38.399385 347.590982 287.444214 222.835092 188.552493 128.852924 193.722591
120.500000 359.736101 259.677764 196.345543 156.031562 131.397024 115.966386 84.664363 56.780620 38.423847 347.739860 287.569110 222.934171 188.637841 128.914271 193.810011
120.550000 359.889752 259.791525 196.433977 156.103822 131.459370 116.022506 84.707800 56.812666 38.448309 347.888734 287.694002 223.033248 188.723186 128.975616 193.897429
120.600000 360.043400 259.905283 196.522409 156.176080 131.521715 116.078625 84.751237 56.844712 38.472770 348.037605 287.818891 223.132322 188.808529 129.036960 193.984845
120.650000 360.197043 260.019038 196.610839 156.248337 131.584058 116.134743 84.794672 56.876757 38.497231 348.186472 287.943777 223.231394 188.893871 129.098302 194.072259
120.700000 360.350683 260.132791 196.699266 156.320591 131.646400 116.190859 84.838107 56.908801 38.521692 348.335335 288.068661 223.330464 188.979210 129.159643 194.159671
120.750000 360.504319 260.246540 196.787692 156.392845 131.708740 116.246975 84.881541 56.940845 38.546152 348.484194 288.193541 223.429532 189.064548 129.220983 194.247081
120.800000 360.657951 260.360287 196.876116 156.465096 131.771080 116.303089 84.924975 56.972889 38.570613 348.633050 288.318418 223.528597 189.149884 129.282322 194.334489
120.850000 360.811579 260.474032 196.964538 156.537347 131.833418 116.359202 84.968407 57.004932 38.595072 348.781902 288.443292 223.627660 189.235217 129.343659 194.421896
120.900000 360.965204 260.587773 197.052957 156.609595 131.895754 116.415314 85.011839 57.036974 38.619532 348.930751 288.568163 223.726720 189.320549 129.404995 194.509300
120.950000 361.118825 260.701512 197.141375 156.681842 131.958089 116.471425 85.055270 57.069016 38.643991 349.079596 288.693032 223.825779 189.405879 129.466330 194.596702
121.000000 361.272442 260.815249 197.229791 156.754087 132.020423 116.527535 85.098700 57.101058 38.668450 349.228437 288.817897 223.924835 189.491207 129.527663 194.684102
121.050000 361.426055 260.928982 197.318204 156.826331 132.082756 116.583643 85.142129 57.133098 38.692909 349.377275 288.942759 224.023888 189.576533 129.588995 194.771500
121.100000 361.579665 261.042713 197.406616 156.898573 132.145087 116.639750 85.185557 57.165139 38.717367 349.526109 289.067618 224.122940 189.661857 129.650326 194.858896
121.150000 361.733270 261.156441 197.495026 156.970814 132.207417 116.695857 85.228985 57.197179 38.741825 349.674940 289.192475 224.221989 189.747179 129.711656 194.946290
121.200000 361.886872 261.270167 197.583433 157.043053 132.269746 116.751962 85.272412 57.229218 38.766283 349.823766 289.317328 224.321036 189.832499 129.772984 195.033682
121.250000 362.040471 261.383890 197.671839 157.115291 132.332073 116.808065 85.315838 57.261257 38.790740 349.972590 289.442178 224.420080 189.917818 129.834311 195.121073
121.300000 362.194065 261.497610 197.760243 157.187526 132.394399 116.864168 85.359263 57.293296 38.815197 350.121409 289.567025 224.519122 190.003134 129.895636 195.208461
121.350000 362.347656 261.611327 197.848644 157.259761 132.456724 116.920270 85.402687 57.325333 38.839654 350.270225 289.691870 224.618162 190.088448 129.956961 195.295847
121.400000 362.501243 261.725042 197.937044 157.331994 132.519048 116.976370 85.446111 57.357371 38.864111 350.419037 289.816711 224.717200 190.173761 130.018284 195.383231
