web/models/kne/10/Metzger_0.111556_0.305517_0.100000.dat
# %ECSV 0.9
# ---
# datatype:
# - {name: time, datatype: float64}
# - {name: sdss_u, datatype: float64}
# - {name: sdss_g, datatype: float64}
# - {name: sdss_r, datatype: float64}
# - {name: sdss_i, datatype: float64}
# - {name: sdss_z, datatype: float64}
# - {name: PS1_y, datatype: float64}
# - {name: ukirt_J, datatype: float64}
# - {name: ukirt_H, datatype: float64}
# - {name: ukirt_K, datatype: float64}
# - {name: johnson_U, datatype: float64}
# - {name: johnson_B, datatype: float64}
# - {name: johnson_V, datatype: float64}
# - {name: johnson_R, datatype: float64}
# - {name: johnson_I, datatype: float64}
# - {name: Clear, datatype: float64}
# meta: !!omap
# - comment: [vej = 0.30551724137931036, mej = 0.11155639876849505, Ye = 0.1, redshift = 0.0]
# schema: astropy-2.0
time sdss_u sdss_g sdss_r sdss_i sdss_z PS1_y ukirt_J ukirt_H ukirt_K johnson_U johnson_B johnson_V johnson_R johnson_I Clear
[from data line 805]
40.350000 123.431937 84.844090 60.539949 45.150173 35.792686 29.955927 18.197660 7.867812 1.198397 118.796830 95.581787 70.728106 57.591598 34.852132 59.569784
40.400000 123.619963 84.982891 60.647498 45.237763 35.868042 30.023601 18.249683 7.905779 1.227005 118.978961 95.734325 70.848788 57.695336 34.926254 59.676079
40.450000 123.807979 85.121686 60.755043 45.325350 35.943396 30.091273 18.301707 7.943747 1.255614 119.161083 95.886856 70.969465 57.799069 35.000373 59.782370
40.500000 123.995985 85.260475 60.862583 45.412934 36.018749 30.158944 18.353729 7.981715 1.284224 119.343195 96.039379 71.090136 57.902799 35.074491 59.888657
40.550000 124.183981 85.399257 60.970118 45.500515 36.094099 30.226613 18.405752 8.019683 1.312835 119.525298 96.191894 71.210802 58.006524 35.148606 59.994939
40.600000 124.371967 85.538033 61.077650 45.588093 36.169447 30.294281 18.457773 8.057652 1.341448 119.707391 96.344402 71.331463 58.110245 35.222719 60.101217
40.650000 124.559943 85.676801 61.185177 45.675669 36.244793 30.361947 18.509795 8.095621 1.370062 119.889474 96.496903 71.452119 58.213962 35.296831 60.207491
40.700000 124.747909 85.815564 61.292699 45.763241 36.320136 30.429611 18.561815 8.133591 1.398676 120.071548 96.649395 71.572769 58.317675 35.370940 60.313761
40.750000 124.935865 85.954319 61.400217 45.850810 36.395478 30.497274 18.613835 8.171561 1.427292 120.253612 96.801880 71.693414 58.421384 35.445047 60.420026
40.800000 125.123810 86.093068 61.507731 45.938375 36.470817 30.564934 18.665855 8.209532 1.455909 120.435666 96.954358 71.814053 58.525088 35.519152 60.526287
40.850000 125.311746 86.231810 61.615239 46.025938 36.546154 30.632594 18.717873 8.247502 1.484526 120.617710 97.106827 71.934687 58.628788 35.593255 60.632543
40.900000 125.499671 86.370545 61.722744 46.113498 36.621488 30.700251 18.769892 8.285474 1.513145 120.799745 97.259289 72.055315 58.732484 35.667355 60.738794
40.950000 125.687585 86.509274 61.830243 46.201054 36.696821 30.767907 18.821909 8.323445 1.541765 120.981769 97.411743 72.175937 58.836176 35.741453 60.845041
41.000000 125.875489 86.647995 61.937738 46.288607 36.772151 30.835561 18.873926 8.361417 1.570386 121.163784 97.564189 72.296554 58.939863 35.815549 60.951284
41.050000 126.063383 86.786710 62.045229 46.376157 36.847478 30.903213 18.925942 8.399390 1.599008 121.345788 97.716628 72.417166 59.043545 35.889643 61.057522
41.100000 126.251266 86.925417 62.152714 46.463704 36.922803 30.970863 18.977958 8.437362 1.627631 121.527782 97.869058 72.537772 59.147223 35.963734 61.163755
41.150000 126.439139 87.064118 62.260195 46.551247 36.998126 31.038511 19.029972 8.475335 1.656254 121.709767 98.021480 72.658372 59.250897 36.037823 61.269984
41.200000 126.627000 87.202811 62.367671 46.638787 37.073446 31.106157 19.081986 8.513308 1.684879 121.891741 98.173894 72.778966 59.354566 36.111910 61.376208
41.250000 126.814852 87.341498 62.475143 46.726323 37.148764 31.173802 19.133999 8.551281 1.713505 122.073704 98.326300 72.899555 59.458231 36.185995 61.482427
41.300000 127.002692 87.480177 62.582609 46.813856 37.224079 31.241444 19.186012 8.589255 1.742131 122.255658 98.478698 73.020137 59.561891 36.260076 61.588642
41.350000 127.190522 87.618849 62.690071 46.901386 37.299392 31.309085 19.238023 8.627229 1.770759 122.437601 98.631088 73.140714 59.665547 36.334156 61.694852
41.400000 127.378341 87.757514 62.797527 46.988913 37.374702 31.376724 19.290034 8.665202 1.799387 122.619534 98.783470 73.261285 59.769198 36.408233 61.801056
41.450000 127.566150 87.896172 62.904979 47.076435 37.450010 31.444360 19.342044 8.703177 1.828016 122.801456 98.935843 73.381851 59.872844 36.482308 61.907257
41.500000 127.753947 88.034822 63.012426 47.163955 37.525315 31.511995 19.394053 8.741151 1.856646 122.983368 99.088209 73.502410 59.976486 36.556380 62.013452
41.550000 127.941733 88.173465 63.119868 47.251471 37.600618 31.579627 19.446061 8.779125 1.885277 123.165270 99.240565 73.622963 60.080122 36.630449 62.119642
41.600000 128.129509 88.312101 63.227304 47.338983 37.675918 31.647258 19.498068 8.817100 1.913909 123.347161 99.392914 73.743511 60.183755 36.704516 62.225828
41.650000 128.317273 88.450730 63.334736 47.426492 37.751215 31.714886 19.550074 8.855075 1.942541 123.529041 99.545254 73.864052 60.287382 36.778581 62.332008
41.700000 128.505027 88.589351 63.442163 47.513997 37.826509 31.782513 19.602080 8.893050 1.971175 123.710911 99.697586 73.984587 60.391005 36.852643 62.438184
41.750000 128.692769 88.727965 63.549584 47.601499 37.901801 31.850137 19.654084 8.931024 1.999809 123.892770 99.849909 74.105116 60.494622 36.926702 62.544354
41.800000 128.880500 88.866571 63.657001 47.688997 37.977090 31.917759 19.706087 8.968999 2.028444 124.074618 100.002224 74.225640 60.598235 37.000758 62.650520
41.850000 129.068220 89.005170 63.764412 47.776491 38.052377 31.985379 19.758090 9.006974 2.057079 124.256456 100.154530 74.346157 60.701843 37.074812 62.756680
41.900000 129.255929 89.143761 63.871818 47.863982 38.127660 32.052996 19.810091 9.044950 2.085716 124.438283 100.306828 74.466667 60.805447 37.148864 62.862835
41.950000 129.443626 89.282345 63.979219 47.951469 38.202941 32.120612 19.862092 9.082925 2.114353 124.620099 100.459117 74.587172 60.909045 37.222912 62.968986
42.000000 129.631313 89.420921 64.086615 48.038952 38.278219 32.188225 19.914091 9.120900 2.142991 124.801904 100.611398 74.707670 61.012638 37.296958 63.075131
42.050000 129.818988 89.559489 64.194005 48.126431 38.353494 32.255836 19.966089 9.158875 2.171629 124.983699 100.763669 74.828163 61.116227 37.371002 63.181271
42.100000 130.006651 89.698050 64.301391 48.213907 38.428767 32.323445 20.018086 9.196850 2.200269 125.165482 100.915933 74.948648 61.219810 37.445042 63.287405
42.150000 130.194303 89.836603 64.408770 48.301379 38.504036 32.391052 20.070083 9.234825 2.228908 125.347255 101.068187 75.069128 61.323388 37.519080 63.393535
42.200000 130.381944 89.975149 64.516145 48.388847 38.579303 32.458656 20.122078 9.272800 2.257549 125.529016 101.220433 75.189601 61.426962 37.593115 63.499659
42.250000 130.569573 90.113686 64.623514 48.476311 38.654567 32.526258 20.174071 9.310775 2.286190 125.710767 101.372670 75.310068 61.530530 37.667147 63.605778
42.300000 130.757191 90.252216 64.730878 48.563772 38.729827 32.593857 20.226064 9.348750 2.314832 125.892506 101.524898 75.430529 61.634093 37.741176 63.711892
42.350000 130.944797 90.390738 64.838236 48.651228 38.805085 32.661454 20.278056 9.386725 2.343475 126.074234 101.677117 75.550983 61.737651 37.815202 63.818000
42.400000 131.132391 90.529253 64.945589 48.738681 38.880340 32.729049 20.330046 9.424700 2.372118 126.255951 101.829327 75.671430 61.841204 37.889226 63.924104
42.450000 131.319974 90.667759 65.052937 48.826129 38.955592 32.796642 20.382035 9.462675 2.400762 126.437657 101.981529 75.791872 61.944752 37.963247 64.030201
42.500000 131.507545 90.806258 65.160279 48.913574 39.030841 32.864232 20.434023 9.500649 2.429406 126.619352 102.133721 75.912306 62.048295 38.037265 64.136294
42.550000 131.695104 90.944748 65.267615 49.001015 39.106087 32.931819 20.486010 9.538624 2.458051 126.801035 102.285905 76.032734 62.151832 38.111279 64.242381
42.600000 131.882652 91.083231 65.374946 49.088452 39.181330 32.999404 20.537996 9.576598 2.486697 126.982707 102.438079 76.153156 62.255364 38.185291 64.348462
42.650000 132.070188 91.221706 65.482272 49.175885 39.256570 33.066987 20.589980 9.614572 2.515343 127.164368 102.590245 76.273571 62.358891 38.259300 64.454538
42.700000 132.257712 91.360173 65.589592 49.263313 39.331806 33.134567 20.641963 9.652546 2.543990 127.346017 102.742401 76.393980 62.462413 38.333306 64.560609
42.750000 132.445224 91.498631 65.696906 49.350738 39.407040 33.202145 20.693945 9.690520 2.572637 127.527655 102.894549 76.514382 62.565929 38.407309 64.666674
42.800000 132.632725 91.637082 65.804215 49.438159 39.482271 33.269720 20.745926 9.728493 2.601285 127.709282 103.046687 76.634777 62.669440 38.481309 64.772734
42.850000 132.820213 91.775525 65.911518 49.525576 39.557498 33.337293 20.797905 9.766467 2.629933 127.890897 103.198816 76.755165 62.772946 38.555306 64.878788
42.900000 133.007689 91.913959 66.018815 49.612988 39.632722 33.404863 20.849883 9.804440 2.658582 128.072501 103.350936 76.875547 62.876446 38.629300 64.984836
42.950000 133.195154 92.052385 66.126107 49.700396 39.707943 33.472431 20.901859 9.842413 2.687231 128.254093 103.503047 76.995922 62.979941 38.703291 65.090879
43.000000 133.382606 92.190804 66.233393 49.787801 39.783161 33.539996 20.953834 9.880386 2.715881 128.435673 103.655148 77.116291 63.083430 38.777278 65.196916
43.050000 133.570047 92.329214 66.340673 49.875201 39.858376 33.607558 21.005808 9.918358 2.744532 128.617242 103.807240 77.236652 63.186914 38.851263 65.302948
43.100000 133.757475 92.467615 66.447947 49.962597 39.933588 33.675118 21.057781 9.956330 2.773182 128.798800 103.959323 77.357007 63.290393 38.925245 65.408974
43.150000 133.944891 92.606009 66.555216 50.049988 40.008796 33.742675 21.109752 9.994302 2.801833 128.980345 104.111397 77.477355 63.393866 38.999223 65.514994
43.200000 134.132295 92.744394 66.662479 50.137376 40.084001 33.810230 21.161721 10.032274 2.830485 129.161879 104.263461 77.597697 63.497334 39.073198 65.621009
43.250000 134.319687 92.882771 66.769736 50.224759 40.159203 33.877782 21.213690 10.070245 2.859137 129.343402 104.415516 77.718031 63.600796 39.147170 65.727018
43.300000 134.507067 93.021140 66.876987 50.312138 40.234401 33.945331 21.265656 10.108216 2.887790 129.524912 104.567561 77.838359 63.704253 39.221139 65.833021
43.350000 134.694434 93.159500 66.984233 50.399513 40.309596 34.012877 21.317622 10.146186 2.916443 129.706411 104.719597 77.958679 63.807704 39.295105 65.939019
43.400000 134.881789 93.297852 67.091472 50.486883 40.384788 34.080421 21.369586 10.184157 2.945096 129.887898 104.871624 78.078993 63.911149 39.369067 66.045010
43.450000 135.069132 93.436196 67.198706 50.574249 40.459977 34.147962 21.421548 10.222126 2.973750 130.069373 105.023641 78.199300 64.014589 39.443027 66.150996
43.500000 135.256463 93.574531 67.305934 50.661611 40.535162 34.215501 21.473509 10.260096 3.002404 130.250836 105.175649 78.319599 64.118023 39.516983 66.256976
43.550000 135.443781 93.712858 67.413156 50.748969 40.610344 34.283036 21.525469 10.298065 3.031058 130.432288 105.327647 78.439892 64.221452 39.590935 66.362951
43.600000 135.631086 93.851176 67.520372 50.836322 40.685522 34.350569 21.577426 10.336034 3.059713 130.613727 105.479635 78.560178 64.324875 39.664885 66.468919
43.650000 135.818380 93.989486 67.627581 50.923671 40.760697 34.418099 21.629383 10.374002 3.088368 130.795155 105.631614 78.680457 64.428292 39.738831 66.574881
43.700000 136.005661 94.127788 67.734785 51.011015 40.835869 34.485626 21.681338 10.411970 3.117024 130.976570 105.783583 78.800729 64.531704 39.812774 66.680838
43.750000 136.192929 94.266081 67.841983 51.098355 40.911037 34.553151 21.733291 10.449938 3.145680 131.157974 105.935543 78.920993 64.635110 39.886713 66.786789
43.800000 136.380185 94.404365 67.949175 51.185690 40.986202 34.620672 21.785243 10.487905 3.174336 131.339366 106.087493 79.041251 64.738510 39.960649 66.892734
43.850000 136.567429 94.542641 68.056361 51.273022 41.061363 34.688191 21.837193 10.525872 3.202992 131.520745 106.239434 79.161502 64.841905 40.034582 66.998672
43.900000 136.754659 94.680908 68.163541 51.360348 41.136521 34.755707 21.889142 10.563838 3.231649 131.702113 106.391364 79.281745 64.945294 40.108512 67.104605
43.950000 136.941878 94.819166 68.270714 51.447670 41.211676 34.823220 21.941088 10.601804 3.260306 131.883468 106.543285 79.401981 65.048676 40.182438 67.210532
44.000000 137.129083 94.957416 68.377882 51.534988 41.286826 34.890731 21.993034 10.639769 3.288963 132.064811 106.695197 79.522210 65.152054 40.256360 67.316453
44.050000 137.316276 95.095658 68.485043 51.622301 41.361974 34.958238 22.044978 10.677734 3.317621 132.246142 106.847098 79.642432 65.255425 40.330280 67.422368
44.100000 137.503457 95.233890 68.592199 51.709610 41.437118 35.025742 22.096920 10.715698 3.346279 132.427461 106.998990 79.762647 65.358791 40.404195 67.528277
44.150000 137.690624 95.372114 68.699348 51.796914 41.512258 35.093244 22.148860 10.753662 3.374937 132.608768 107.150872 79.882854 65.462150 40.478108 67.634180
44.200000 137.877780 95.510329 68.806491 51.884214 41.587395 35.160742 22.200799 10.791625 3.403595 132.790062 107.302744 80.003055 65.565504 40.552017 67.740076
44.250000 138.064922 95.648536 68.913628 51.971509 41.662528 35.228238 22.252736 10.829588 3.432254 132.971344 107.454606 80.123248 65.668852 40.625922 67.845967
44.300000 138.252051 95.786734 69.020758 52.058799 41.737657 35.295731 22.304672 10.867550 3.460913 133.152614 107.606459 80.243433 65.772194 40.699824 67.951852
44.350000 138.439168 95.924923 69.127883 52.146085 41.812783 35.363220 22.356605 10.905512 3.489572 133.333872 107.758301 80.363612 65.875530 40.773723 68.057730
44.400000 138.626272 96.063103 69.235001 52.233366 41.887906 35.430707 22.408537 10.943473 3.518231 133.515117 107.910134 80.483783 65.978861 40.847618 68.163602
44.450000 138.813363 96.201274 69.342113 52.320643 41.963025 35.498191 22.460468 10.981433 3.546890 133.696350 108.061957 80.603947 66.082185 40.921509 68.269469
44.500000 139.000441 96.339437 69.449218 52.407915 42.038140 35.565672 22.512396 11.019393 3.575550 133.877571 108.213769 80.724103 66.185503 40.995397 68.375329
44.550000 139.187507 96.477591 69.556318 52.495182 42.113251 35.633149 22.564323 11.057352 3.604210 134.058779 108.365572 80.844252 66.288816 41.069281 68.481182
44.600000 139.374559 96.615736 69.663411 52.582445 42.188359 35.700624 22.616248 11.095311 3.632870 134.239975 108.517365 80.964394 66.392122 41.143162 68.587030
44.650000 139.561599 96.753872 69.770498 52.669703 42.263463 35.768096 22.668172 11.133269 3.661530 134.421158 108.669148 81.084528 66.495422 41.217039 68.692871
44.700000 139.748625 96.891999 69.877578 52.756956 42.338564 35.835564 22.720093 11.171227 3.690190 134.602329 108.820921 81.204655 66.598717 41.290913 68.798707
44.750000 139.935639 97.030117 69.984652 52.844205 42.413661 35.903030 22.772013 11.209184 3.718851 134.783487 108.972683 81.324775 66.702005 41.364783 68.904535
44.800000 140.122640 97.168226 70.091720 52.931449 42.488754 35.970492 22.823931 11.247140 3.747511 134.964633 109.124436 81.444887 66.805287 41.438650 69.010358
44.850000 140.309627 97.306326 70.198781 53.018688 42.563843 36.037952 22.875847 11.285096 3.776172 135.145766 109.276178 81.564991 66.908564 41.512512 69.116175
44.900000 140.496602 97.444418 70.305836 53.105922 42.638929 36.105408 22.927762 11.323051 3.804833 135.326887 109.427911 81.685089 67.011834 41.586372 69.221985
44.950000 140.683564 97.582500 70.412885 53.193152 42.714010 36.172861 22.979674 11.361005 3.833494 135.507996 109.579633 81.805178 67.115098 41.660227 69.327788
45.000000 140.870512 97.720573 70.519927 53.280377 42.789088 36.240311 23.031585 11.398959 3.862155 135.689091 109.731346 81.925260 67.218356 41.734079 69.433586
45.050000 141.057448 97.858638 70.626962 53.367597 42.864163 36.307758 23.083494 11.436912 3.890816 135.870174 109.883048 82.045335 67.321608 41.807927 69.539377
45.100000 141.244370 97.996693 70.733992 53.454812 42.939233 36.375201 23.135401 11.474864 3.919477 136.051245 110.034739 82.165402 67.424853 41.881772 69.645162
45.150000 141.431279 98.134739 70.841014 53.542023 43.014300 36.442642 23.187306 11.512816 3.948138 136.232303 110.186421 82.285462 67.528093 41.955613 69.750940
45.200000 141.618175 98.272776 70.948031 53.629228 43.089363 36.510079 23.239210 11.550766 3.976800 136.413348 110.338093 82.405513 67.631326 42.029450 69.856713
