web/models/kne/10/Metzger_0.212177_0.111034_0.100000.dat
# %ECSV 0.9
# ---
# datatype:
# - {name: time, datatype: float64}
# - {name: sdss_u, datatype: float64}
# - {name: sdss_g, datatype: float64}
# - {name: sdss_r, datatype: float64}
# - {name: sdss_i, datatype: float64}
# - {name: sdss_z, datatype: float64}
# - {name: PS1_y, datatype: float64}
# - {name: ukirt_J, datatype: float64}
# - {name: ukirt_H, datatype: float64}
# - {name: ukirt_K, datatype: float64}
# - {name: johnson_U, datatype: float64}
# - {name: johnson_B, datatype: float64}
# - {name: johnson_V, datatype: float64}
# - {name: johnson_R, datatype: float64}
# - {name: johnson_I, datatype: float64}
# - {name: Clear, datatype: float64}
# meta: !!omap
# - comment: [vej = 0.11103448275862068, mej = 0.2121769878034849, Ye = 0.1, redshift = 0.0]
# schema: astropy-2.0
time sdss_u sdss_g sdss_r sdss_i sdss_z PS1_y ukirt_J ukirt_H ukirt_K johnson_U johnson_B johnson_V johnson_R johnson_I Clear
[from data line 2394]
119.800000 189.769679 134.016781 98.814419 76.464795 62.841337 54.325578 37.109902 21.878297 11.945297 183.079045 149.544472 113.582252 94.537064 61.470138 97.407140
119.850000 189.859881 134.083467 98.866176 76.507017 62.877714 54.358286 37.135134 21.896813 11.959342 183.166431 149.617720 113.640282 94.587000 61.505926 97.458298
119.900000 189.950078 134.150150 98.917929 76.549237 62.914090 54.390992 37.160364 21.915328 11.973387 183.253812 149.690965 113.698310 94.636933 61.541712 97.509452
119.950000 190.040269 134.216829 98.969680 76.591454 62.950464 54.423696 37.185592 21.933842 11.987431 183.341187 149.764205 113.756334 94.686864 61.577496 97.560604
120.000000 190.130455 134.283504 99.021428 76.633669 62.986836 54.456398 37.210820 21.952356 12.001474 183.428558 149.837441 113.814354 94.736791 61.613278 97.611754
120.050000 190.220637 134.350176 99.073173 76.675882 63.023206 54.489099 37.236046 21.970869 12.015517 183.515924 149.910673 113.872372 94.786716 61.649058 97.662900
120.100000 190.310813 134.416844 99.124916 76.718093 63.059574 54.521799 37.261271 21.989381 12.029560 183.603285 149.983901 113.930386 94.836639 61.684837 97.714044
120.150000 190.400984 134.483508 99.176655 76.760301 63.095941 54.554496 37.286495 22.007892 12.043602 183.690641 150.057125 113.988398 94.886558 61.720613 97.765185
120.200000 190.491149 134.550168 99.228392 76.802507 63.132305 54.587192 37.311718 22.026402 12.057643 183.777992 150.130345 114.046406 94.936475 61.756388 97.816323
120.250000 190.581310 134.616825 99.280126 76.844711 63.168668 54.619886 37.336940 22.044912 12.071684 183.865338 150.203561 114.104411 94.986389 61.792161 97.867459
120.300000 190.671466 134.683478 99.331857 76.886913 63.205028 54.652579 37.362160 22.063421 12.085724 183.952679 150.276772 114.162412 95.036301 61.827932 97.918591
120.350000 190.761616 134.750128 99.383586 76.929112 63.241387 54.685270 37.387379 22.081929 12.099764 184.040016 150.349980 114.220411 95.086210 61.863701 97.969721
120.400000 190.851761 134.816773 99.435311 76.971310 63.277744 54.717959 37.412597 22.100436 12.113803 184.127347 150.423183 114.278406 95.136116 61.899469 98.020848
120.450000 190.941902 134.883415 99.487034 77.013505 63.314099 54.750647 37.437814 22.118942 12.127842 184.214673 150.496382 114.336398 95.186019 61.935234 98.071973
120.500000 191.032037 134.950054 99.538754 77.055698 63.350453 54.783333 37.463029 22.137448 12.141880 184.301994 150.569578 114.394387 95.235920 61.970998 98.123095
120.550000 191.122167 135.016688 99.590471 77.097888 63.386804 54.816017 37.488244 22.155953 12.155918 184.389311 150.642769 114.452373 95.285818 62.006760 98.174213
120.600000 191.212292 135.083319 99.642186 77.140077 63.423154 54.848700 37.513457 22.174457 12.169955 184.476623 150.715956 114.510356 95.335713 62.042520 98.225330
120.650000 191.302412 135.149947 99.693897 77.182263 63.459501 54.881381 37.538669 22.192960 12.183991 184.563929 150.789139 114.568336 95.385606 62.078279 98.276443
120.700000 191.392527 135.216570 99.745606 77.224447 63.495847 54.914061 37.563879 22.211462 12.198028 184.651231 150.862318 114.626312 95.435496 62.114035 98.327554
120.750000 191.482636 135.283190 99.797312 77.266629 63.532191 54.946739 37.589089 22.229964 12.212063 184.738528 150.935493 114.684285 95.485384 62.149790 98.378662
120.800000 191.572741 135.349807 99.849016 77.308808 63.568533 54.979415 37.614297 22.248465 12.226098 184.825820 151.008664 114.742255 95.535269 62.185542 98.429767
120.850000 191.662841 135.416419 99.900716 77.350986 63.604874 55.012090 37.639505 22.266965 12.240133 184.913107 151.081830 114.800222 95.585151 62.221294 98.480869
120.900000 191.752935 135.483028 99.952414 77.393161 63.641212 55.044762 37.664711 22.285465 12.254167 185.000389 151.154993 114.858186 95.635030 62.257043 98.531969
120.950000 191.843025 135.549634 100.004109 77.435334 63.677549 55.077434 37.689915 22.303963 12.268200 185.087666 151.228152 114.916147 95.684907 62.292790 98.583066
121.000000 191.933109 135.616235 100.055802 77.477505 63.713883 55.110104 37.715119 22.322461 12.282233 185.174939 151.301307 114.974104 95.734781 62.328536 98.634161
121.050000 192.023189 135.682834 100.107491 77.519674 63.750216 55.142772 37.740322 22.340958 12.296266 185.262206 151.374457 115.032059 95.784653 62.364280 98.685252
121.100000 192.113263 135.749428 100.159178 77.561840 63.786547 55.175438 37.765523 22.359454 12.310298 185.349469 151.447604 115.090010 95.834522 62.400022 98.736341
121.150000 192.203333 135.816019 100.210862 77.604004 63.822877 55.208103 37.790723 22.377950 12.324329 185.436727 151.520747 115.147958 95.884388 62.435762 98.787427
121.200000 192.293397 135.882606 100.262543 77.646166 63.859204 55.240766 37.815922 22.396444 12.338360 185.523980 151.593885 115.205904 95.934251 62.471500 98.838511
121.250000 192.383456 135.949190 100.314222 77.688326 63.895529 55.273428 37.841120 22.414938 12.352391 185.611228 151.667020 115.263846 95.984112 62.507237 98.889591
121.300000 192.473511 136.015769 100.365898 77.730484 63.931853 55.306088 37.866316 22.433431 12.366420 185.698471 151.740150 115.321784 96.033971 62.542971 98.940670
121.350000 192.563560 136.082346 100.417571 77.772640 63.968175 55.338746 37.891512 22.451923 12.380450 185.785710 151.813277 115.379720 96.083826 62.578704 98.991745
121.400000 192.653605 136.148919 100.469241 77.814793 64.004495 55.371403 37.916706 22.470415 12.394479 185.872943 151.886400 115.437653 96.133679 62.614436 99.042818
121.450000 192.743644 136.215488 100.520909 77.856944 64.040813 55.404058 37.941899 22.488906 12.408507 185.960172 151.959518 115.495583 96.183530 62.650165 99.093888
121.500000 192.833678 136.282053 100.572574 77.899093 64.077130 55.436712 37.967091 22.507396 12.422535 186.047396 152.032633 115.553509 96.233378 62.685893 99.144955
121.550000 192.923708 136.348615 100.624236 77.941240 64.113444 55.469364 37.992282 22.525885 12.436562 186.134615 152.105744 115.611432 96.283223 62.721619 99.196019
121.600000 193.013732 136.415173 100.675896 77.983385 64.149757 55.502014 38.017471 22.544373 12.450589 186.221830 152.178850 115.669353 96.333066 62.757343 99.247081
121.650000 193.103752 136.481728 100.727552 78.025528 64.186068 55.534663 38.042660 22.562861 12.464616 186.309039 152.251953 115.727270 96.382906 62.793065 99.298141
121.700000 193.193766 136.548279 100.779206 78.067668 64.222377 55.567310 38.067847 22.581348 12.478641 186.396244 152.325052 115.785184 96.432743 62.828785 99.349197
121.750000 193.283776 136.614827 100.830858 78.109806 64.258685 55.599956 38.093033 22.599834 12.492667 186.483444 152.398146 115.843095 96.482578 62.864504 99.400251
121.800000 193.373781 136.681371 100.882506 78.151942 64.294990 55.632600 38.118218 22.618320 12.506692 186.570639 152.471237 115.901003 96.532410 62.900221 99.451302
121.850000 193.463780 136.747911 100.934152 78.194076 64.331294 55.665242 38.143402 22.636804 12.520716 186.657830 152.544324 115.958908 96.582240 62.935936 99.502351
121.900000 193.553775 136.814448 100.985796 78.236208 64.367596 55.697883 38.168585 22.655288 12.534740 186.745015 152.617407 116.016810 96.632067 62.971650 99.553397
121.950000 193.643765 136.880981 101.037436 78.278338 64.403896 55.730522 38.193766 22.673771 12.548763 186.832196 152.690486 116.074709 96.681891 63.007361 99.604440
122.000000 193.733750 136.947511 101.089074 78.320466 64.440194 55.763159 38.218946 22.692253 12.562786 186.919372 152.763561 116.132604 96.731713 63.043071 99.655480
122.050000 193.823730 137.014037 101.140709 78.362591 64.476491 55.795795 38.244126 22.710735 12.576808 187.006544 152.836632 116.190497 96.781532 63.078779 99.706518
122.100000 193.913705 137.080560 101.192342 78.404714 64.512786 55.828430 38.269304 22.729216 12.590830 187.093710 152.909699 116.248387 96.831349 63.114486 99.757553
122.150000 194.003675 137.147079 101.243971 78.446835 64.549078 55.861063 38.294481 22.747696 12.604851 187.180872 152.982762 116.306273 96.881163 63.150190 99.808586
122.200000 194.093640 137.213594 101.295598 78.488954 64.585370 55.893694 38.319656 22.766175 12.618872 187.268029 153.055821 116.364157 96.930974 63.185893 99.859616
122.250000 194.183600 137.280106 101.347223 78.531071 64.621659 55.926324 38.344831 22.784654 12.632892 187.355181 153.128877 116.422037 96.980783 63.221594 99.910643
122.300000 194.273556 137.346614 101.398844 78.573186 64.657946 55.958952 38.370004 22.803131 12.646912 187.442329 153.201928 116.479915 97.030589 63.257293 99.961668
122.350000 194.363506 137.413119 101.450463 78.615299 64.694232 55.991578 38.395177 22.821608 12.660931 187.529472 153.274976 116.537789 97.080393 63.292991 100.012690
122.400000 194.453452 137.479621 101.502080 78.657409 64.730516 56.024203 38.420348 22.840085 12.674950 187.616610 153.348019 116.595660 97.130194 63.328687 100.063709
122.450000 194.543392 137.546118 101.553694 78.699517 64.766798 56.056827 38.445518 22.858560 12.688968 187.703743 153.421059 116.653529 97.179993 63.364381 100.114726
122.500000 194.633328 137.612613 101.605305 78.741624 64.803079 56.089448 38.470686 22.877035 12.702986 187.790872 153.494094 116.711394 97.229789 63.400073 100.165740
122.550000 194.723259 137.679103 101.656913 78.783728 64.839357 56.122069 38.495854 22.895509 12.717003 187.877996 153.567126 116.769256 97.279583 63.435763 100.216751
122.600000 194.813185 137.745591 101.708519 78.825830 64.875634 56.154687 38.521021 22.913982 12.731020 187.965115 153.640154 116.827115 97.329373 63.471452 100.267760
122.650000 194.903107 137.812074 101.760122 78.867930 64.911909 56.187304 38.546186 22.932455 12.745037 188.052230 153.713178 116.884972 97.379162 63.507139 100.318766
122.700000 194.993023 137.878555 101.811722 78.910028 64.948183 56.219920 38.571351 22.950926 12.759052 188.139340 153.786199 116.942825 97.428948 63.542825 100.369770
122.750000 195.082935 137.945031 101.863320 78.952123 64.984454 56.252534 38.596514 22.969397 12.773068 188.226445 153.859215 117.000675 97.478731 63.578508 100.420771
122.800000 195.172841 138.011504 101.914915 78.994217 65.020724 56.285146 38.621676 22.987867 12.787082 188.313546 153.932227 117.058522 97.528512 63.614190 100.471769
122.850000 195.262743 138.077974 101.966507 79.036308 65.056992 56.317757 38.646837 23.006337 12.801097 188.400641 154.005236 117.116366 97.578290 63.649870 100.522765
122.900000 195.352640 138.144440 102.018097 79.078398 65.093258 56.350366 38.671996 23.024806 12.815111 188.487733 154.078241 117.174208 97.628066 63.685548 100.573758
122.950000 195.442532 138.210903 102.069684 79.120485 65.129523 56.382974 38.697155 23.043274 12.829124 188.574819 154.151241 117.232046 97.677839 63.721225 100.624749
123.000000 195.532420 138.277362 102.121269 79.162570 65.165785 56.415580 38.722313 23.061741 12.843137 188.661901 154.224238 117.289881 97.727609 63.756900 100.675736
123.050000 195.622302 138.343818 102.172851 79.204653 65.202046 56.448185 38.747469 23.080207 12.857149 188.748978 154.297231 117.347713 97.777377 63.792573 100.726722
123.100000 195.712180 138.410270 102.224430 79.246734 65.238305 56.480788 38.772624 23.098673 12.871161 188.836051 154.370221 117.405543 97.827143 63.828245 100.777705
123.150000 195.802053 138.476719 102.276007 79.288813 65.274563 56.513390 38.797778 23.117138 12.885172 188.923118 154.443206 117.463369 97.876906 63.863914 100.828685
123.200000 195.891921 138.543164 102.327581 79.330890 65.310818 56.545990 38.822931 23.135602 12.899183 189.010182 154.516188 117.521192 97.926666 63.899582 100.879662
123.250000 195.981784 138.609606 102.379152 79.372965 65.347072 56.578588 38.848083 23.154066 12.913194 189.097240 154.589165 117.579012 97.976424 63.935249 100.930637
123.300000 196.071643 138.676045 102.430721 79.415038 65.383324 56.611185 38.873234 23.172529 12.927204 189.184294 154.662139 117.636830 98.026180 63.970913 100.981609
123.350000 196.161496 138.742480 102.482287 79.457108 65.419575 56.643780 38.898384 23.190991 12.941213 189.271343 154.735109 117.694644 98.075933 64.006576 101.032579
123.400000 196.251345 138.808911 102.533850 79.499177 65.455823 56.676374 38.923532 23.209452 12.955222 189.358388 154.808075 117.752455 98.125683 64.042237 101.083546
123.450000 196.341190 138.875339 102.585411 79.541243 65.492070 56.708966 38.948680 23.227912 12.969230 189.445428 154.881038 117.810264 98.175431 64.077897 101.134511
123.500000 196.431029 138.941764 102.636970 79.583308 65.528316 56.741557 38.973826 23.246372 12.983238 189.532464 154.953996 117.868069 98.225177 64.113555 101.185473
123.550000 196.520864 139.008185 102.688525 79.625370 65.564559 56.774146 38.998971 23.264831 12.997246 189.619494 155.026951 117.925872 98.274919 64.149211 101.236433
123.600000 196.610693 139.074602 102.740078 79.667430 65.600801 56.806734 39.024115 23.283290 13.011253 189.706521 155.099902 117.983671 98.324660 64.184865 101.287389
123.650000 196.700519 139.141017 102.791629 79.709488 65.637041 56.839320 39.049258 23.301747 13.025259 189.793542 155.172849 118.041468 98.374398 64.220517 101.338344
123.700000 196.790339 139.207427 102.843177 79.751544 65.673279 56.871905 39.074400 23.320204 13.039265 189.880559 155.245793 118.099261 98.424133 64.256168 101.389296
123.750000 196.880155 139.273835 102.894722 79.793598 65.709515 56.904488 39.099541 23.338660 13.053271 189.967572 155.318732 118.157052 98.473866 64.291818 101.440245
123.800000 196.969965 139.340239 102.946265 79.835650 65.745750 56.937070 39.124680 23.357116 13.067276 190.054580 155.391668 118.214840 98.523597 64.327465 101.491191
123.850000 197.059772 139.406639 102.997805 79.877700 65.781983 56.969650 39.149819 23.375570 13.081281 190.141583 155.464600 118.272625 98.573324 64.363111 101.542135
123.900000 197.149573 139.473036 103.049342 79.919748 65.818214 57.002228 39.174956 23.394024 13.095285 190.228582 155.537528 118.330406 98.623050 64.398755 101.593077
123.950000 197.239370 139.539430 103.100877 79.961794 65.854444 57.034805 39.200093 23.412478 13.109288 190.315576 155.610453 118.388185 98.672773 64.434397 101.644016
124.000000 197.329162 139.605820 103.152410 80.003838 65.890672 57.067381 39.225228 23.430930 13.123291 190.402566 155.683373 118.445961 98.722493 64.470038 101.694952
124.050000 197.418949 139.672207 103.203940 80.045880 65.926898 57.099955 39.250362 23.449382 13.137294 190.489551 155.756290 118.503734 98.772211 64.505677 101.745886
124.100000 197.508731 139.738591 103.255467 80.087919 65.963122 57.132527 39.275495 23.467833 13.151296 190.576531 155.829203 118.561505 98.821927 64.541315 101.796818
124.150000 197.598509 139.804971 103.306991 80.129957 65.999345 57.165098 39.300627 23.486283 13.165298 190.663507 155.902113 118.619272 98.871640 64.576950 101.847747
124.200000 197.688282 139.871347 103.358514 80.171993 66.035566 57.197667 39.325758 23.504733 13.179299 190.750478 155.975018 118.677036 98.921351 64.612584 101.898673
124.250000 197.778051 139.937721 103.410033 80.214026 66.071785 57.230235 39.350888 23.523182 13.193300 190.837445 156.047920 118.734798 98.971059 64.648217 101.949597
124.300000 197.867815 140.004091 103.461550 80.256058 66.108003 57.262802 39.376016 23.541630 13.207300 190.924408 156.120818 118.792556 99.020765 64.683847 102.000518
124.350000 197.957574 140.070457 103.513064 80.298087 66.144219 57.295367 39.401144 23.560077 13.221300 191.011365 156.193712 118.850312 99.070468 64.719476 102.051437
124.400000 198.047328 140.136820 103.564576 80.340115 66.180433 57.327930 39.426270 23.578524 13.235299 191.098319 156.266603 118.908064 99.120169 64.755104 102.102353
124.450000 198.137078 140.203180 103.616086 80.382140 66.216645 57.360492 39.451395 23.596970 13.249298 191.185267 156.339490 118.965814 99.169867 64.790729 102.153266
124.500000 198.226823 140.269536 103.667592 80.424164 66.252856 57.393052 39.476520 23.615415 13.263297 191.272212 156.412373 119.023561 99.219563 64.826353 102.204178
