web/models/kne/10/Metzger_0.001000_0.305517_0.450000.dat
# %ECSV 0.9
# ---
# datatype:
# - {name: time, datatype: float64}
# - {name: sdss_u, datatype: float64}
# - {name: sdss_g, datatype: float64}
# - {name: sdss_r, datatype: float64}
# - {name: sdss_i, datatype: float64}
# - {name: sdss_z, datatype: float64}
# - {name: PS1_y, datatype: float64}
# - {name: ukirt_J, datatype: float64}
# - {name: ukirt_H, datatype: float64}
# - {name: ukirt_K, datatype: float64}
# - {name: johnson_U, datatype: float64}
# - {name: johnson_B, datatype: float64}
# - {name: johnson_V, datatype: float64}
# - {name: johnson_R, datatype: float64}
# - {name: johnson_I, datatype: float64}
# - {name: Clear, datatype: float64}
# meta: !!omap
# - comment: [vej = 0.30551724137931036, mej = 0.001, Ye = 0.45, redshift = 0.0]
# schema: astropy-2.0
time sdss_u sdss_g sdss_r sdss_i sdss_z PS1_y ukirt_J ukirt_H ukirt_K johnson_U johnson_B johnson_V johnson_R johnson_I Clear
[from data line 1954]
97.800000 nan nan 657.600009 533.765457 457.937791 410.358231 313.565422 226.858885 169.337982 nan nan 739.146329 633.943804 450.287152 649.818962
97.850000 nan nan 657.927154 534.033171 458.169077 410.566641 313.727230 226.978836 169.430065 nan nan 739.512581 634.259601 450.514761 650.142375
97.900000 nan nan 658.254292 534.300879 458.400359 410.775046 313.889035 227.098785 169.522147 nan nan 739.878824 634.575391 450.742365 650.465780
97.950000 nan nan 658.581422 534.568581 458.631634 410.983447 314.050837 227.218732 169.614226 nan nan 740.245059 634.891173 450.969964 650.789178
98.000000 nan nan 658.908545 534.836277 458.862905 411.191843 314.212635 227.338676 169.706304 nan nan inf 635.206947 451.197558 651.112568
98.050000 nan nan 659.235659 535.103966 459.094171 411.400234 314.374429 227.458618 169.798381 nan nan nan 635.522715 451.425146 651.435950
98.100000 nan nan 659.562766 535.371649 459.325431 411.608621 314.536220 227.578557 169.890455 nan nan nan 635.838475 451.652729 651.759325
98.150000 nan nan 659.889866 535.639327 459.556686 411.817003 314.698007 227.698494 169.982528 nan nan nan 636.154227 451.880307 652.082693
98.200000 nan nan 660.216958 535.906998 459.787935 412.025380 314.859791 227.818428 170.074599 nan nan nan 636.469973 452.107880 652.406053
98.250000 nan nan 660.544042 536.174663 460.019180 412.233753 315.021571 227.938360 170.166668 nan nan nan 636.785711 452.335448 652.729405
98.300000 nan nan 660.871119 536.442322 460.250419 412.442121 315.183348 228.058289 170.258735 nan nan nan 637.101441 452.563011 653.052750
98.350000 nan nan 661.198188 536.709974 460.481653 412.650484 315.345121 228.178216 170.350801 nan nan nan 637.417165 452.790569 653.376088
98.400000 nan nan 661.525249 536.977621 460.712882 412.858843 315.506891 228.298141 170.442865 nan nan nan 637.732881 453.018121 653.699417
98.450000 nan nan 661.852303 537.245261 460.944105 413.067197 315.668658 228.418063 170.534927 nan nan nan 638.048589 453.245668 654.022740
98.500000 nan nan 662.179349 537.512895 461.175324 413.275546 315.830420 228.537982 170.626987 nan nan nan 638.364290 453.473211 654.346055
98.550000 nan nan 662.506388 537.780524 461.406537 413.483891 315.992180 228.657900 170.719046 nan nan nan 638.679984 453.700748 654.669362
98.600000 nan nan 662.833419 538.048146 461.637745 413.692231 316.153936 228.777814 170.811103 nan nan nan 638.995671 453.928280 654.992662
98.650000 nan nan 663.160442 538.315762 461.868947 413.900566 316.315688 228.897726 170.903158 nan nan nan 639.311351 454.155806 655.315954
98.700000 nan nan 663.487458 538.583371 462.100145 414.108897 316.477437 229.017636 170.995211 nan nan nan 639.627023 454.383328 655.639239
98.750000 nan nan 663.814466 538.850975 462.331337 414.317223 316.639182 229.137544 171.087263 nan nan nan 639.942687 454.610845 655.962516
98.800000 nan nan 664.141467 539.118573 462.562524 414.525545 316.800924 229.257449 171.179313 nan nan nan 640.258345 454.838356 656.285786
98.850000 nan nan 664.468460 539.386164 462.793706 414.733862 316.962663 229.377351 171.271361 nan nan nan 640.573995 455.065863 656.609049
98.900000 nan nan 664.795446 539.653750 463.024883 414.942174 317.124398 229.497251 171.363407 nan nan nan 640.889638 455.293364 656.932304
98.950000 nan nan 665.122424 539.921329 463.256054 415.150482 317.286129 229.617149 171.455452 nan nan nan 641.205274 455.520860 657.255551
99.000000 nan nan 665.449394 540.188902 463.487221 415.358785 317.447858 229.737044 171.547495 nan nan nan 641.520902 455.748351 657.578791
99.050000 nan nan 665.776357 540.456470 463.718382 415.567083 317.609582 229.856936 171.639536 nan nan nan 641.836523 455.975837 657.902024
99.100000 nan nan 666.103312 540.724031 463.949538 415.775377 317.771303 229.976827 171.731575 nan nan nan 642.152137 456.203318 658.225249
99.150000 nan nan 666.430260 540.991586 464.180689 415.983666 317.933021 230.096715 171.823613 nan nan nan 642.467744 456.430794 658.548466
99.200000 nan nan 666.757201 541.259135 464.411834 416.191951 318.094735 230.216600 171.915649 nan nan nan 642.783343 456.658265 658.871677
99.250000 nan nan 667.084133 541.526678 464.642975 416.400231 318.256446 230.336483 172.007683 nan nan nan 643.098935 456.885730 659.194879
99.300000 nan nan 667.411059 541.794215 464.874110 416.608506 318.418153 230.456364 172.099715 nan nan nan 643.414520 457.113191 659.518075
99.350000 nan nan 667.737976 542.061745 465.105240 416.816777 318.579857 230.576242 172.191746 nan nan nan 643.730098 457.340647 659.841263
99.400000 nan nan 668.064887 542.329270 465.336365 417.025043 318.741557 230.696118 172.283775 nan nan nan 644.045668 457.568097 660.164443
99.450000 nan nan 668.391789 542.596789 465.567485 417.233305 318.903254 230.815991 172.375802 nan nan nan 644.361231 457.795542 660.487616
99.500000 nan nan 668.718684 542.864301 465.798600 417.441562 319.064948 230.935862 172.467828 nan nan nan 644.676787 458.022983 660.810782
99.550000 nan nan 669.045572 543.131808 466.029709 417.649814 319.226638 231.055730 172.559851 nan nan nan 644.992336 458.250418 661.133940
99.600000 nan nan 669.372452 543.399308 466.260814 417.858062 319.388325 231.175596 172.651873 nan nan nan 645.307877 458.477848 661.457091
99.650000 nan nan 669.699325 543.666803 466.491913 418.066305 319.550008 231.295460 172.743894 nan nan nan 645.623412 458.705273 661.780234
99.700000 nan nan 670.026190 543.934291 466.723007 418.274544 319.711687 231.415321 172.835912 nan nan nan 645.938939 458.932694 662.103370
99.750000 nan nan 670.353048 544.201774 466.954096 418.482778 319.873364 231.535180 172.927929 nan nan nan 646.254458 459.160109 662.426499
99.800000 nan nan 670.679898 544.469250 467.185180 418.691008 320.035037 231.655036 173.019944 nan nan nan 646.569971 459.387519 662.749620
99.850000 nan nan 671.006741 544.736721 467.416258 418.899232 320.196706 231.774890 173.111957 nan nan nan 646.885477 459.614924 663.072734
99.900000 nan nan 671.333576 545.004185 467.647332 419.107453 320.358372 231.894742 173.203969 nan nan nan 647.200975 459.842324 663.395841
99.950000 nan nan 671.660404 545.271643 467.878400 419.315669 320.520034 232.014591 173.295979 nan nan nan 647.516466 460.069718 663.718940
100.000000 nan nan 671.987225 545.539096 468.109464 419.523880 320.681694 232.134438 173.387987 nan nan nan 647.831950 460.297108 664.042032
100.050000 nan nan 672.314038 545.806542 468.340522 419.732087 320.843349 232.254282 173.479993 nan nan nan 648.147426 460.524493 664.365116
100.100000 nan nan 672.640843 546.073983 468.571575 419.940289 321.005002 232.374124 173.571998 nan nan nan 648.462896 460.751873 664.688193
100.150000 nan nan 672.967641 546.341417 468.802623 420.148486 321.166650 232.493963 173.664001 nan nan nan 648.778358 460.979248 665.011263
100.200000 nan nan 673.294432 546.608845 469.033666 420.356679 321.328296 232.613801 173.756002 nan nan nan 649.093814 461.206617 665.334325
100.250000 nan nan 673.621215 546.876268 469.264703 420.564868 321.489938 232.733635 173.848002 nan nan nan 649.409262 461.433982 665.657380
100.300000 nan nan 673.947991 547.143684 469.495736 420.773052 321.651576 232.853468 173.939999 nan nan nan 649.724702 461.661342 665.980428
100.350000 nan nan 674.274759 547.411094 469.726763 420.981231 321.813212 232.973298 174.031995 nan nan nan 650.040136 461.888697 666.303468
100.400000 nan nan 674.601520 547.678499 469.957786 421.189406 321.974843 233.093125 174.123990 nan nan nan 650.355563 462.116046 666.626501
100.450000 nan nan 674.928273 547.945897 470.188803 421.397576 322.136472 233.212950 174.215982 nan nan nan 650.670982 462.343391 666.949527
100.500000 nan nan 675.255019 548.213290 470.419816 421.605742 322.298097 233.332773 174.307973 nan nan nan 650.986395 462.570731 667.272545
100.550000 nan nan 675.581758 548.480676 470.650823 421.813903 322.459718 233.452593 174.399962 nan nan nan 651.301800 462.798066 667.595556
100.600000 nan nan 675.908489 548.748057 470.881825 422.022060 322.621336 233.572411 174.491950 nan nan nan 651.617198 463.025395 667.918560
100.650000 nan nan 676.235213 549.015431 471.112822 422.230212 322.782951 233.692227 174.583935 nan nan nan 651.932589 463.252720 668.241556
100.700000 nan nan 676.561929 549.282800 471.343814 422.438359 322.944562 233.812040 174.675920 nan nan nan 652.247972 463.480040 668.564546
100.750000 nan nan 676.888638 549.550163 471.574800 422.646502 323.106170 233.931851 174.767902 nan nan nan 652.563349 463.707354 668.887527
100.800000 nan nan 677.215340 549.817519 471.805782 422.854641 323.267775 234.051659 174.859882 nan nan nan 652.878719 463.934664 669.210502
100.850000 nan nan 677.542034 550.084870 472.036759 423.062775 323.429376 234.171465 174.951861 nan nan nan 653.194081 464.161969 669.533469
100.900000 nan nan 677.868721 550.352215 472.267731 423.270905 323.590974 234.291269 175.043838 nan nan nan 653.509437 464.389269 669.856429
100.950000 nan nan 678.195401 550.619554 472.498697 423.479030 323.752568 234.411070 175.135814 nan nan nan 653.824785 464.616564 670.179382
101.000000 nan nan 678.522073 550.886887 472.729659 423.687150 323.914159 234.530869 175.227788 nan nan nan 654.140126 464.843853 670.502327
101.050000 nan nan 678.848738 551.154214 472.960615 423.895266 324.075747 234.650665 175.319760 nan nan nan 654.455460 465.071138 670.825265
101.100000 nan nan 679.175395 551.421535 473.191566 424.103378 324.237331 234.770459 175.411730 nan nan nan 654.770787 465.298418 671.148196
101.150000 nan nan 679.502045 551.688850 473.422513 424.311485 324.398912 234.890251 175.503699 nan nan nan 655.086107 465.525693 671.471119
101.200000 nan nan 679.828688 551.956159 473.653454 424.519587 324.560489 235.010041 175.595666 nan nan nan 655.401420 465.752963 671.794036
101.250000 nan nan 680.155324 552.223462 473.884390 424.727685 324.722063 235.129828 175.687631 nan nan nan 655.716726 465.980228 672.116945
101.300000 nan nan 680.481952 552.490760 474.115322 424.935779 324.883634 235.249612 175.779594 nan nan nan 656.032024 466.207488 672.439847
101.350000 nan nan 680.808572 552.758051 474.346248 425.143868 325.045201 235.369394 175.871556 nan nan nan 656.347316 466.434743 672.762741
101.400000 nan nan 681.135186 553.025337 474.577169 425.351952 325.206765 235.489174 175.963516 nan nan nan 656.662600 466.661994 673.085628
101.450000 nan nan 681.461792 553.292616 474.808085 425.560032 325.368326 235.608952 176.055475 nan nan nan 656.977878 466.889239 673.408509
101.500000 nan nan 681.788391 553.559890 475.038996 425.768108 325.529883 235.728727 176.147431 nan nan nan 657.293148 467.116479 673.731381
101.550000 nan nan 682.114982 553.827158 475.269902 425.976179 325.691437 235.848500 176.239386 nan nan nan 657.608412 467.343715 674.054247
101.600000 nan nan 682.441566 554.094420 475.500803 426.184245 325.852987 235.968270 176.331340 nan nan nan 657.923668 467.570945 674.377105
101.650000 nan nan 682.768143 554.361676 475.731699 426.392308 326.014534 236.088038 176.423291 nan nan nan 658.238918 467.798170 674.699957
101.700000 nan nan 683.094712 554.628926 475.962590 426.600365 326.176078 236.207804 176.515241 nan nan nan 658.554160 468.025391 675.022800
101.750000 nan nan 683.421275 554.896170 476.193476 426.808418 326.337618 236.327567 176.607189 nan nan nan 658.869395 468.252607 675.345637
101.800000 nan nan 683.747829 555.163409 476.424357 427.016467 326.499155 236.447328 176.699136 nan nan nan 659.184623 468.479817 675.668467
101.850000 nan nan 684.074377 555.430641 476.655233 427.224511 326.660689 236.567087 176.791081 nan nan nan 659.499845 468.707023 675.991289
101.900000 nan nan 684.400917 555.697868 476.886104 427.432551 326.822219 236.686843 176.883024 nan nan nan 659.815059 468.934224 676.314104
101.950000 nan nan 684.727450 555.965089 477.116970 427.640586 326.983746 236.806597 176.974965 nan nan nan 660.130266 469.161420 676.636912
102.000000 nan nan 685.053976 556.232304 477.347831 427.848617 327.145270 236.926348 177.066905 nan nan nan 660.445466 469.388611 676.959713
102.050000 nan nan 685.380495 556.499513 477.578687 428.056644 327.306790 237.046097 177.158843 nan nan nan 660.760659 469.615797 677.282506
102.100000 nan nan 685.707006 556.766716 477.809538 428.264666 327.468307 237.165844 177.250779 nan nan nan 661.075845 469.842978 677.605293
102.150000 nan nan 686.033510 557.033913 478.040384 428.472683 327.629821 237.285589 177.342714 nan nan nan 661.391025 470.070155 677.928072
102.200000 nan nan 686.360007 557.301105 478.271225 428.680696 327.791331 237.405331 177.434647 nan nan nan 661.706197 470.297326 678.250844
102.250000 nan nan 686.686496 557.568291 478.502060 428.888705 327.952838 237.525071 177.526578 nan nan nan 662.021362 470.524493 678.573609
102.300000 nan nan 687.012978 557.835470 478.732891 429.096709 328.114341 237.644808 177.618508 nan nan nan 662.336520 470.751654 678.896367
102.350000 nan nan 687.339453 558.102644 478.963717 429.304709 328.275842 237.764543 177.710436 nan nan nan 662.651672 470.978811 679.219117
102.400000 nan nan 687.665921 558.369812 479.194539 429.512704 328.437338 237.884276 177.802362 nan nan nan 662.966816 471.205963 679.541861
102.450000 nan nan 687.992381 558.636975 479.425355 429.720695 328.598832 238.004006 177.894286 nan nan nan 663.281953 471.433110 679.864597
102.500000 nan nan 688.318835 558.904131 479.656166 429.928682 328.760322 238.123734 177.986209 nan nan nan 663.597083 471.660252 680.187326
102.550000 nan nan 688.645281 559.171282 479.886972 430.136664 328.921809 238.243460 178.078130 nan nan nan 663.912207 471.887389 680.510048
102.600000 nan nan 688.971719 559.438427 480.117773 430.344641 329.083293 238.363183 178.170050 nan nan nan 664.227323 472.114521 680.832763
102.650000 nan nan 689.298151 559.705566 480.348569 430.552614 329.244773 238.482904 178.261968 nan nan nan 664.542433 472.341649 681.155470
102.700000 nan nan 689.624575 559.972699 480.579360 430.760583 329.406250 238.602623 178.353884 nan nan nan 664.857535 472.568771 681.478171
102.750000 nan nan 689.950992 560.239826 480.810147 430.968547 329.567724 238.722339 178.445798 nan nan nan 665.172631 472.795889 681.800864
102.800000 nan nan 690.277402 560.506948 481.040928 431.176507 329.729194 238.842053 178.537711 nan nan nan 665.487719 473.023002 682.123551
102.850000 nan nan 690.603805 560.774064 481.271704 431.384463 329.890661 238.961765 178.629622 nan nan nan 665.802801 473.250110 682.446230
102.900000 nan nan 690.930200 561.041173 481.502476 431.592414 330.052124 239.081475 178.721532 nan nan nan 666.117876 473.477213 682.768902
102.950000 nan nan 691.256589 561.308278 481.733242 431.800361 330.213585 239.201182 178.813439 nan nan nan 666.432944 473.704311 683.091567
103.000000 nan nan 691.582970 561.575376 481.964004 432.008303 330.375042 239.320886 178.905345 nan nan nan 666.748005 473.931405 683.414225
103.050000 nan nan 691.909344 561.842469 482.194761 432.216241 330.536496 239.440589 178.997250 nan nan nan 667.063059 474.158493 683.736875
103.100000 nan nan 692.235711 562.109555 482.425512 432.424174 330.697946 239.560289 179.089152 nan nan nan 667.378106 474.385577 684.059519
103.150000 nan nan 692.562070 562.376636 482.656259 432.632103 330.859393 239.679986 179.181054 nan nan nan 667.693146 474.612656 684.382156
103.200000 nan nan 692.888423 562.643712 482.887001 432.840028 331.020837 239.799682 179.272953 nan nan nan 668.008179 474.839730 684.704785
103.250000 nan nan 693.214768 562.910781 483.117738 433.047949 331.182277 239.919375 179.364851 nan nan nan 668.323205 475.066799 685.027408
103.300000 nan nan 693.541106 563.177845 483.348470 433.255864 331.343715 240.039066 179.456747 nan nan nan 668.638225 475.293863 685.350023
103.350000 nan nan 693.867437 563.444902 483.579197 433.463776 331.505149 240.158754 179.548641 nan nan nan 668.953237 475.520923 685.672631
