web/models/kne/10/Metzger_0.003617_0.386552_0.100000.dat
# %ECSV 0.9
# ---
# datatype:
# - {name: time, datatype: float64}
# - {name: sdss_u, datatype: float64}
# - {name: sdss_g, datatype: float64}
# - {name: sdss_r, datatype: float64}
# - {name: sdss_i, datatype: float64}
# - {name: sdss_z, datatype: float64}
# - {name: PS1_y, datatype: float64}
# - {name: ukirt_J, datatype: float64}
# - {name: ukirt_H, datatype: float64}
# - {name: ukirt_K, datatype: float64}
# - {name: johnson_U, datatype: float64}
# - {name: johnson_B, datatype: float64}
# - {name: johnson_V, datatype: float64}
# - {name: johnson_R, datatype: float64}
# - {name: johnson_I, datatype: float64}
# - {name: Clear, datatype: float64}
# meta: !!omap
# - comment: [vej = 0.38655172413793104, mej = 0.0036174920645118385, Ye = 0.1, redshift = 0.0]
# schema: astropy-2.0
time sdss_u sdss_g sdss_r sdss_i sdss_z PS1_y ukirt_J ukirt_H ukirt_K johnson_U johnson_B johnson_V johnson_R johnson_I Clear
[from data line 683]
34.250000 339.978798 245.461556 185.647418 147.580164 124.322736 109.756913 80.216610 53.915217 36.611970 328.646107 271.806631 210.757669 178.368735 121.979000 183.252992
34.300000 340.472302 245.826867 185.931339 147.812107 124.522820 109.936989 80.355928 54.017928 36.690308 329.124260 272.207715 211.075792 178.642731 122.175867 183.533648
34.350000 340.965758 246.192144 186.215234 148.044029 124.722886 110.117050 80.495237 54.120633 36.768642 329.602366 272.608761 211.393885 178.916701 122.372718 183.814279
34.400000 341.459165 246.557386 186.499102 148.275931 124.922935 110.297096 80.634534 54.223330 36.846972 330.080425 273.009768 211.711949 179.190646 122.569552 184.094884
34.450000 341.952525 246.922593 186.782945 148.507813 125.122968 110.477128 80.773821 54.326022 36.925297 330.558439 273.410737 212.029983 179.464567 122.766369 184.375463
34.500000 342.445836 247.287767 187.066762 148.739674 125.322983 110.657144 80.913098 54.428706 37.003619 331.036405 273.811668 212.347988 179.738463 122.963170 184.656017
34.550000 342.939100 247.652905 187.350554 148.971515 125.522982 110.837146 81.052364 54.531384 37.081937 331.514326 274.212561 212.665963 180.012334 123.159954 184.936546
34.600000 343.432316 248.018010 187.634319 149.203336 125.722964 111.017133 81.191620 54.634056 37.160250 331.992201 274.613415 212.983909 180.286181 123.356722 185.217049
34.650000 343.925484 248.383080 187.918060 149.435137 125.922929 111.197106 81.330865 54.736721 37.238560 332.470029 275.014232 213.301826 180.560003 123.553473 185.497527
34.700000 344.418605 248.748117 188.201774 149.666918 126.122877 111.377063 81.470100 54.839379 37.316866 332.947812 275.415011 213.619714 180.833801 123.750208 185.777980
34.750000 344.911679 249.113119 188.485463 149.898678 126.322809 111.557006 81.609325 54.942031 37.395167 333.425549 275.815752 213.937573 181.107574 123.946926 186.058408
34.800000 345.404705 249.478088 188.769127 150.130419 126.522723 111.736935 81.748539 55.044676 37.473465 333.903240 276.216456 214.255402 181.381323 124.143628 186.338810
34.850000 345.897684 249.843022 189.052765 150.362139 126.722621 111.916849 81.887743 55.147315 37.551759 334.380885 276.617122 214.573203 181.655047 124.340314 186.619188
34.900000 346.390615 250.207923 189.336378 150.593840 126.922503 112.096748 82.026936 55.249947 37.630048 334.858485 277.017750 214.890975 181.928747 124.536983 186.899540
34.950000 346.883500 250.572790 189.619965 150.825521 127.122368 112.276633 82.166119 55.352572 37.708334 335.336040 277.418341 215.208718 182.202423 124.733636 187.179868
35.000000 347.376338 250.937623 189.903528 151.057181 127.322216 112.456503 82.305292 55.455191 37.786616 335.813549 277.818895 215.526432 182.476075 124.930273 187.460171
35.050000 347.869129 251.302423 190.187065 151.288822 127.522048 112.636359 82.444455 55.557804 37.864893 336.291013 278.219411 215.844118 182.749702 125.126894 187.740448
35.100000 348.361873 251.667189 190.470577 151.520444 127.721863 112.816200 82.583607 55.660410 37.943167 336.768432 278.619890 216.161774 183.023305 125.323498 188.020701
35.150000 348.854571 252.031922 190.754064 151.752045 127.921662 112.996027 82.722749 55.763010 38.021437 337.245806 279.020333 216.479403 183.296884 125.520087 188.300930
35.200000 349.347222 252.396621 191.037526 151.983627 128.121444 113.175840 82.861881 55.865603 38.099702 337.723135 279.420738 216.797002 183.570440 125.716659 188.581133
35.250000 349.839827 252.761288 191.320963 152.215189 128.321210 113.355638 83.001003 55.968190 38.177964 338.200419 279.821106 217.114574 183.843971 125.913215 188.861312
35.300000 350.332386 253.125920 191.604374 152.446731 128.520960 113.535422 83.140114 56.070770 38.256222 338.677658 280.221437 217.432116 184.117478 126.109755 189.141466
35.350000 350.824898 253.490520 191.887762 152.678254 128.720693 113.715191 83.279215 56.173344 38.334476 339.154853 280.621731 217.749631 184.390962 126.306279 189.421596
35.400000 351.317364 253.855087 192.171124 152.909758 128.920410 113.894946 83.418307 56.275911 38.412726 339.632003 281.021989 218.067117 184.664421 126.502787 189.701701
35.450000 351.809784 254.219620 192.454461 153.141241 129.120110 114.074687 83.557388 56.378472 38.490972 340.109108 281.422210 218.384575 184.937857 126.699279 189.981782
35.500000 352.302158 254.584121 192.737774 153.372706 129.319795 114.254414 83.696459 56.481027 38.569214 340.586169 281.822394 218.702005 185.211269 126.895756 190.261839
35.550000 352.794486 254.948589 193.021062 153.604151 129.519463 114.434127 83.835520 56.583575 38.647452 341.063186 282.222542 219.019406 185.484658 127.092216 190.541871
35.600000 353.286769 255.313024 193.304325 153.835576 129.719115 114.613825 83.974571 56.686117 38.725687 341.540159 282.622653 219.336780 185.758023 127.288661 190.821878
35.650000 353.779006 255.677426 193.587564 154.066982 129.918751 114.793509 84.113612 56.788653 38.803917 342.017088 283.022728 219.654125 186.031364 127.485089 191.101862
35.700000 354.271197 256.041795 193.870779 154.298369 130.118370 114.973180 84.252642 56.891182 38.882144 342.493972 283.422767 219.971443 186.304682 127.681502 191.381821
35.750000 354.763343 256.406132 194.153968 154.529737 130.317974 115.152836 84.391663 56.993705 38.960366 342.970813 283.822770 220.288732 186.577976 127.877899 191.661756
35.800000 355.255444 256.770436 194.437134 154.761085 130.517562 115.332478 84.530674 57.096221 39.038585 343.447610 284.222736 220.605994 186.851247 128.074280 191.941667
35.850000 355.747499 257.134708 194.720275 154.992414 130.717133 115.512106 84.669675 57.198732 39.116800 343.924363 284.622666 220.923228 187.124494 128.270646 192.221554
35.900000 356.239509 257.498947 195.003392 155.223724 130.916689 115.691720 84.808666 57.301235 39.195010 344.401072 285.022561 221.240434 187.397718 128.466996 192.501417
35.950000 356.731474 257.863154 195.286484 155.455015 131.116228 115.871320 84.947647 57.403733 39.273218 344.877738 285.422419 221.557613 187.670919 128.663330 192.781256
36.000000 357.223394 258.227329 195.569552 155.686287 131.315752 116.050906 85.086618 57.506224 39.351421 345.354360 285.822242 221.874764 187.944096 128.859649 193.061071
36.050000 357.715269 258.591471 195.852596 155.917540 131.515260 116.230478 85.225579 57.608709 39.429620 345.830939 286.222029 222.191887 188.217250 129.055952 193.340863
36.100000 358.207099 258.955581 196.135616 156.148773 131.714752 116.410036 85.364530 57.711188 39.507815 346.307475 286.621780 222.508983 188.490382 129.252240 193.620630
36.150000 358.698885 259.319660 196.418612 156.379988 131.914228 116.589580 85.503472 57.813661 39.586007 346.783968 287.021495 222.826051 188.763490 129.448512 193.900374
36.200000 359.190626 259.683706 196.701583 156.611184 132.113688 116.769111 85.642403 57.916127 39.664195 347.260417 287.421175 223.143092 189.036575 129.644768 194.180094
36.250000 359.682322 260.047720 196.984531 156.842361 132.313132 116.948628 85.781325 58.018587 39.742379 347.736823 287.820820 223.460106 189.309636 129.841010 194.459790
36.300000 360.173974 260.411702 197.267455 157.073519 132.512561 117.128131 85.920237 58.121041 39.820559 348.213187 288.220429 223.777092 189.582675 130.037235 194.739462
36.350000 360.665581 260.775652 197.550355 157.304658 132.711974 117.307620 86.059139 58.223488 39.898735 348.689507 288.620003 224.094051 189.855691 130.233445 195.019111
36.400000 361.157145 261.139571 197.833231 157.535778 132.911371 117.487095 86.198032 58.325930 39.976907 349.165785 289.019541 224.410983 190.128685 130.429640 195.298737
36.450000 361.648664 261.503458 198.116083 157.766880 133.110753 117.666557 86.336914 58.428365 40.055076 349.642020 289.419045 224.727888 190.401655 130.625820 195.578339
36.500000 362.140139 261.867313 198.398911 157.997963 133.310119 117.846005 86.475787 58.530794 40.133240 350.118213 289.818513 225.044766 190.674602 130.821984 195.857917
36.550000 362.631570 262.231137 198.681716 158.229027 133.509469 118.025439 86.614650 58.633217 40.211401 350.594363 290.217946 225.361616 190.947527 131.018133 196.137473
36.600000 363.122957 262.594929 198.964497 158.460073 133.708804 118.204860 86.753504 58.735634 40.289558 351.070470 290.617344 225.678440 191.220429 131.214267 196.417004
36.650000 363.614300 262.958690 199.247255 158.691100 133.908123 118.384267 86.892348 58.838044 40.367712 351.546535 291.016707 225.995237 191.493308 131.410385 196.696513
36.700000 364.105600 263.322419 199.529988 158.922108 134.107427 118.563660 87.031182 58.940448 40.445861 352.022558 291.416035 226.312007 191.766165 131.606488 196.975998
36.750000 364.596856 263.686117 199.812699 159.153098 134.306715 118.743040 87.170006 59.042847 40.524007 352.498539 291.815329 226.628750 192.038999 131.802576 197.255460
36.800000 365.088068 264.049783 200.095386 159.384069 134.505988 118.922407 87.308821 59.145239 40.602149 352.974477 292.214588 226.945466 192.311811 131.998649 197.534899
36.850000 365.579237 264.413419 200.378049 159.615022 134.705246 119.101760 87.447627 59.247625 40.680287 353.450374 292.613812 227.262156 192.584600 132.194707 197.814315
36.900000 366.070362 264.777023 200.660689 159.845957 134.904488 119.281099 87.586422 59.350005 40.758421 353.926229 293.013002 227.578819 192.857367 132.390750 198.093707
36.950000 366.561445 265.140596 200.943306 160.076873 135.103714 119.460425 87.725208 59.452379 40.836552 354.402042 293.412157 227.895455 193.130111 132.586778 198.373077
37.000000 367.052484 265.504138 201.225899 160.307770 135.302926 119.639738 87.863985 59.554746 40.914679 354.877813 293.811278 228.212065 193.402833 132.782790 198.652424
37.050000 367.543479 265.867649 201.508469 160.538650 135.502122 119.819037 88.002752 59.657108 40.992802 355.353542 294.210364 228.528648 193.675532 132.978788 198.931747
37.100000 368.034432 266.231129 201.791016 160.769511 135.701303 119.998322 88.141509 59.759464 41.070921 355.829230 294.609416 228.845205 193.948210 133.174770 199.211048
37.150000 368.525342 266.594579 202.073540 161.000354 135.900468 120.177595 88.280257 59.861813 41.149036 356.304876 295.008434 229.161736 194.220865 133.370738 199.490326
37.200000 369.016209 266.957997 202.356040 161.231178 136.099618 120.356854 88.418996 59.964157 41.227148 356.780481 295.407418 229.478240 194.493498 133.566691 199.769581
37.250000 369.507033 267.321385 202.638518 161.461984 136.298753 120.536100 88.557725 60.066494 41.305256 357.256045 295.806367 229.794718 194.766108 133.762629 200.048813
37.300000 369.997814 267.684742 202.920972 161.692773 136.497873 120.715332 88.696444 60.168825 41.383361 357.731567 296.205283 230.111169 195.038697 133.958552 200.328023
37.350000 370.488553 268.048069 203.203404 161.923543 136.696978 120.894551 88.835154 60.271151 41.461461 358.207048 296.604164 230.427594 195.311264 134.154460 200.607210
37.400000 370.979249 268.411365 203.485812 162.154295 136.896068 121.073757 88.973855 60.373470 41.539558 358.682488 297.003012 230.743994 195.583808 134.350353 200.886374
37.450000 371.469903 268.774630 203.768198 162.385029 137.095142 121.252950 89.112546 60.475784 41.617651 359.157887 297.401826 231.060367 195.856331 134.546232 201.165516
37.500000 371.960515 269.137865 204.050561 162.615745 137.294202 121.432129 89.251228 60.578091 41.695740 359.633245 297.800606 231.376714 196.128832 134.742096 201.444635
37.550000 372.451084 269.501070 204.332901 162.846443 137.493246 121.611296 89.389900 60.680392 41.773826 360.108562 298.199352 231.693035 196.401310 134.937945 201.723731
37.600000 372.941611 269.864244 204.615218 163.077123 137.692276 121.790449 89.528563 60.782688 41.851908 360.583839 298.598065 232.009330 196.673767 135.133779 202.002805
37.650000 373.432095 270.227388 204.897512 163.307785 137.891290 121.969589 89.667217 60.884977 41.929986 361.059074 298.996744 232.325599 196.946202 135.329599 202.281857
37.700000 373.922538 270.590502 205.179784 163.538429 138.090290 122.148716 89.805861 60.987261 42.008061 361.534269 299.395389 232.641843 197.218616 135.525404 202.560886
37.750000 374.412939 270.953585 205.462033 163.769055 138.289275 122.327830 89.944496 61.089539 42.086132 362.009424 299.794001 232.958060 197.491007 135.721195 202.839893
37.800000 374.903298 271.316639 205.744260 163.999664 138.488244 122.506931 90.083122 61.191810 42.164199 362.484538 300.192580 233.274252 197.763377 135.916971 203.118878
37.850000 375.393615 271.679663 206.026464 164.230254 138.687199 122.686018 90.221739 61.294076 42.242262 362.959611 300.591126 233.590418 198.035725 136.112732 203.397840
37.900000 375.883890 272.042656 206.308645 164.460827 138.886139 122.865093 90.360346 61.396336 42.320322 363.434644 300.989638 233.906559 198.308052 136.308479 203.676780
37.950000 376.374124 272.405620 206.590804 164.691383 139.085065 123.044155 90.498944 61.498590 42.398378 363.909637 301.388117 234.222674 198.580357 136.504211 203.955698
38.000000 376.864316 272.768554 206.872940 164.921920 139.283975 123.223204 90.637533 61.600838 42.476431 364.384590 301.786563 234.538763 198.852640 136.699929 204.234594
38.050000 377.354467 273.131458 207.155054 165.152440 139.482871 123.402240 90.776112 61.703080 42.554480 364.859503 302.184976 234.854827 199.124902 136.895632 204.513468
38.100000 377.844576 273.494332 207.437146 165.382942 139.681752 123.581263 90.914682 61.805316 42.632525 365.334376 302.583355 235.170865 199.397143 137.091321 204.792319
38.150000 378.334644 273.857176 207.719216 165.613427 139.880618 123.760273 91.053244 61.907547 42.710566 365.809209 302.981702 235.486878 199.669362 137.286995 205.071149
38.200000 378.824670 274.219991 208.001263 165.843894 140.079470 123.939270 91.191795 62.009771 42.788604 366.284002 303.380016 235.802866 199.941560 137.482655 205.349957
38.250000 379.314656 274.582777 208.283288 166.074344 140.278307 124.118255 91.330338 62.111990 42.866638 366.758755 303.778297 236.118828 200.213737 137.678301 205.628743
38.300000 379.804600 274.945532 208.565291 166.304776 140.477129 124.297227 91.468872 62.214203 42.944669 367.233468 304.176546 236.434765 200.485892 137.873932 205.907506
38.350000 380.294504 275.308259 208.847271 166.535190 140.675937 124.476185 91.607396 62.316410 43.022696 367.708142 304.574761 236.750677 200.758026 138.069549 206.186248
38.400000 380.784366 275.670956 209.129230 166.765588 140.874730 124.655131 91.745912 62.418611 43.100719 368.182776 304.972944 237.066563 201.030138 138.265152 206.464969
38.450000 381.274188 276.033623 209.411166 166.995967 141.073508 124.834065 91.884418 62.520806 43.178739 368.657371 305.371095 237.382425 201.302230 138.460741 206.743667
38.500000 381.763968 276.396261 209.693081 167.226330 141.272272 125.012985 92.022915 62.622996 43.256755 369.131927 305.769213 237.698261 201.574300 138.656315 207.022344
38.550000 382.253709 276.758870 209.974973 167.456675 141.471022 125.191893 92.161403 62.725180 43.334767 369.606443 306.167298 238.014072 201.846350 138.851875 207.300999
38.600000 382.743408 277.121450 210.256843 167.687003 141.669757 125.370788 92.299883 62.827358 43.412776 370.080919 306.565352 238.329859 202.118378 139.047421 207.579632
38.650000 383.233067 277.484001 210.538692 167.917313 141.868478 125.549671 92.438353 62.929530 43.490781 370.555357 306.963372 238.645620 202.390385 139.242953 207.858244
38.700000 383.722685 277.846522 210.820519 168.147606 142.067184 125.728541 92.576814 63.031697 43.568783 371.029755 307.361361 238.961357 202.662371 139.438470 208.136834
38.750000 384.212263 278.209015 211.102324 168.377882 142.265876 125.907398 92.715266 63.133857 43.646781 371.504115 307.759317 239.277068 202.934337 139.633974 208.415403
38.800000 384.701801 278.571478 211.384107 168.608141 142.464553 126.086243 92.853709 63.236012 43.724775 371.978435 308.157241 239.592755 203.206281 139.829463 208.693950
