web/models/kne/10/mosfit_kn_0.004263_0.1553_3.6500.dat
# %ECSV 1.0
# ---
# datatype:
# - {name: time, datatype: float64}
# - {name: PS1_g, datatype: float64}
# - {name: PS1_i, datatype: float64}
# - {name: PS1_r, datatype: float64}
# - {name: PS1_w, datatype: float64}
# - {name: PS1_y, datatype: float64}
# - {name: PS1_z, datatype: float64}
# - {name: swift_uvot_B, datatype: float64}
# - {name: swift_uvot_U, datatype: float64}
# - {name: swift_uvot_uvm2, datatype: float64}
# - {name: swift_uvot_uvw1, datatype: float64}
# - {name: swift_uvot_uvw2, datatype: float64}
# - {name: swift_uvot_V, datatype: float64}
# - {name: johnson_B, datatype: float64}
# - {name: johnson_I, datatype: float64}
# - {name: johnson_R, datatype: float64}
# - {name: johnson_U, datatype: float64}
# - {name: johnson_V, datatype: float64}
# - {name: sdss_g, datatype: float64}
# - {name: sdss_i, datatype: float64}
# - {name: sdss_r, datatype: float64}
# - {name: sdss_u, datatype: float64}
# - {name: sdss_z, datatype: float64}
# - {name: ATLAS_c, datatype: float64}
# - {name: ATLAS_o, datatype: float64}
# - {name: ukirt_H, datatype: float64}
# - {name: ukirt_J, datatype: float64}
# - {name: ukirt_K, datatype: float64}
# - {name: Clear, datatype: float64}
# meta: !!omap
# - comment: [kappa = 3.65, type = rprocess, mass = 0.004263435211354371, velocity = 0.15533333333333332, theta_obs = 0.0, tfloor = 1000.0]
# schema: astropy-2.0
time PS1_g PS1_i PS1_r PS1_w PS1_y PS1_z swift_uvot_B swift_uvot_U swift_uvot_uvm2 swift_uvot_uvw1 swift_uvot_uvw2 swift_uvot_V johnson_B johnson_I johnson_R johnson_U johnson_V sdss_g sdss_i sdss_r sdss_u sdss_z ATLAS_c ATLAS_o ukirt_H ukirt_J ukirt_K Clear
[from data line 469]
28.256513026052104 11.825525493033133 2.943696679833856 6.418767457871688 4.450843646367719 -0.5794933686914128 0.8381825961557254 15.36543206959762 22.024376167492534 35.91297147152171 17.98995869956709 20.50297520604674 9.785042185903919 14.16149475263143 1.3901833734119053 4.360216140136905 20.99337498824078 8.830019850735164 12.63806559434757 3.0249526319468423 6.64725611736813 22.52548169766736 0.2647549841337238 8.39784402761433 3.945431503004553 -5.528480746606909 -3.3789914511172174 -6.88876942708008 2.164949602606363
28.316633266533064 11.832214986114344 2.950386172915067 6.425456950952899 4.45753313944893 -0.5728038756102016 0.8448720892369366 15.372121562678831 22.031065660573745 35.91966096460292 17.9966481926483 20.509664699127953 9.79173167898513 14.168184245712641 1.3968728664931165 4.366905633218116 21.000064481322 8.836709343816375 12.644755087428798 3.0316421250280534 6.653945610449341 22.53217119074857 0.2714444772149349 8.404533520695558 3.952120996085764 -5.521791253525698 -3.3723019580360063 -6.8820799339988685 2.171639095687574
28.376753507014026 11.838898564531544 2.9570697513322663 6.432140529370116 4.46421671786613 -0.5661202971930024 0.8515556676541358 15.37880514109603 22.03774923899095 35.92634454302012 18.0033317710655 20.516348277545152 9.798415257402329 14.17486782412984 1.4035564449103157 4.373589211635315 21.006748059739202 8.843392922233592 12.651438665845998 3.0383257034452527 6.66062918886654 22.538854769165777 0.27812805563213416 8.411217099112758 3.958804574502963 -5.515107675108481 -3.3656183796187893 -6.875396355581669 2.1783226741047734
28.43687374749499 11.84557622901524 2.963747415815945 6.438818193853795 4.470894382349808 -0.559442632709306 0.8582333321378144 15.38548280557971 22.04442690347463 35.93302220750381 18.010009435549197 20.52302594202884 9.805092921886025 14.18154548861352 1.4102341093939943 4.380266876118994 21.013425724222888 8.85007058671727 12.658116330329676 3.045003367928949 6.667306853350237 22.545532433649456 0.2848057201158305 8.417894763596436 3.9654822389866595 -5.508430010624802 -3.3589407151351107 -6.868718691097973 2.1850003385884698
28.49699398797595 11.85224798085109 2.9704191676517944 6.445489945689644 4.477566134185658 -0.5527708808734566 0.8649050839736638 15.392154557415559 22.05109865531048 35.93969395933965 18.01668118738503 20.529697693864687 9.811764673721875 14.188217240449369 1.4169058612298437 4.3869386279548435 21.020097476058737 8.85674233855312 12.664788082165526 3.0516751197647984 6.673978605186068 22.552204185485305 0.29147747195167995 8.424566515432286 3.972153990822509 -5.501758258788953 -3.3522689632992613 -6.8620469392621235 2.191672090424319
28.557114228456914 11.858913820724428 2.977085007525133 6.452155785562983 4.484231974058996 -0.5461050410001178 0.8715709238470026 15.398820397288898 22.057764495183818 35.946359799213 18.023347027258385 20.53636353373803 9.818430513595214 14.194883080322708 1.4235717011032003 4.393604467828182 21.026763315932076 8.86340817842646 12.671453922038864 3.0583409596381372 6.680644445059425 22.558870025358644 0.29814331182501874 8.431232355305625 3.9788198306958478 -5.495092418915614 -3.3456031234259225 -6.855381099388785 2.198337930297658
28.617234468937873 11.865573747224474 2.9837449340251787 6.4588157120630285 4.490891900559042 -0.5394451145000723 0.8782308503470482 15.405480323788943 22.064424421683864 35.95301972571304 18.03000695375843 20.54302346023807 9.82509044009526 14.201543006822753 1.430231627603228 4.400264394328228 21.03342324243212 8.870068104926505 12.67811384853891 3.065000886138183 6.68730437155947 22.56552995185869 0.3048032383250643 8.43789228180567 3.9854797571958933 -5.488432492415568 -3.338943196925877 -6.848721172888739 2.2049978567977035
28.677354709418836 11.872227759427059 2.9903989462277814 6.465469724265613 4.497545912761645 -0.5327911022974874 0.8848848625496508 15.412134335991546 22.071078433886456 35.95967373791564 18.036660965961016 20.549677472440667 9.831744452297844 14.208197019025356 1.4368856398058307 4.4069184065308304 21.040077254634717 8.87672211712909 12.684767860741513 3.0716548983407677 6.693958383762055 22.57218396406128 0.31145725052764917 8.444546294008273 3.992133769398478 -5.481778480212983 -3.332289184723292 -6.842067160686154 2.2116518690002884
28.7374749498998 11.878875860123834 2.997047046924557 6.472117824962407 4.50419401345842 -0.526143001600694 0.8915329632464264 15.418782436688321 22.077726534583242 35.966321838612416 18.04330906665779 20.556325573137443 9.838392552994637 14.214845119722131 1.4435337405026063 4.413566507227606 21.04672535533149 8.883370217825883 12.691415961438288 3.0783029990375432 6.700606484458831 22.578832064758068 0.31810535122442474 8.451194394705048 3.9987818700952538 -5.47513037951619 -3.3256410840264987 -6.835419059989379 2.218299969697064
28.79759519038076 11.885518052066892 3.0036892388675973 6.478760016905447 4.510836205401461 -0.5195008096576537 0.8981751551894668 15.42542462863138 22.084368726526293 35.97296403055547 18.04995125860085 20.56296776508049 9.845034744937678 14.221487311665172 1.4501759324456645 4.420208699170646 21.05336754727454 8.890012409768923 12.698058153381329 3.0849451909806014 6.707248676401889 22.58547425670112 0.3247475431674829 8.457836586648089 4.005424062038312 -5.46848818757315 -3.3189988920834583 -6.828776868046321 2.224942161640122
28.857715430861724 11.892154334976297 3.0103255217770197 6.485396299814852 4.517472488310865 -0.512864526748249 0.9048114380988892 15.432060911540784 22.091005009435698 35.979600313464864 18.056587541510254 20.569604047989895 9.851671027847082 14.228123594574594 1.456812215355069 4.426844982080051 21.060003830183945 8.896648692678328 12.704694436290733 3.091581473890006 6.713884959311294 22.592110539610523 0.33138382607688754 8.464472869557493 4.012060344947717 -5.461851904663745 -3.3123626091740537 -6.822140585136916 2.231578444549527
28.917835671342683 11.898784706295107 3.0169558930958296 6.492026671133662 4.524102859629693 -0.5062341554294392 0.911441809417699 15.438691282859594 22.097635380754504 35.98623068478368 18.063217912829064 20.576234419308715 9.858301399165892 14.234753965893404 1.463442586673879 4.433475353398879 21.066634201502755 8.903279063997138 12.711324807609543 3.098211845208816 6.7205153306301035 22.59874091092933 0.3380141973956974 8.471103240876303 4.018690716266526 -5.455221533344935 -3.305732237855244 -6.815510213818106 2.2382088158683366
28.977955911823646 11.905409165991134 3.023580352791857 6.498651130829689 4.5307273193257025 -0.49960969573341174 0.9180662691137265 15.445315742555621 22.10425984045053 35.992855144479705 18.06984237252509 20.582858879004743 9.86492585886192 14.241378425589431 1.4700670463699064 4.440099813094906 21.073258661198782 8.909903523693165 12.71794926730557 3.1048363049048433 6.727139790326131 22.605365370625357 0.3446386570917248 8.47772770057233 4.025315175962554 -5.448597073648908 -3.2991077781592164 -6.808885754122079 2.244833275564364
29.03807615230461 11.912027713315148 3.0301989001158702 6.50526967815372 4.5373458666497335 -0.49299114840938074 0.9246848164377397 15.451934289879635 22.110878387774555 35.99947369180373 18.076460919849104 20.589477426328756 9.87154440618595 14.247996972913445 1.4766855936939196 4.446718360418919 21.079877208522802 8.916522071017196 12.724567814629602 3.1114548522288565 6.733758337650144 22.61198391794938 0.35125720441573804 8.484346247896362 4.031933723286567 -5.441978526324877 -3.2924892308351854 -6.802267206798065 2.251451822888395
29.09819639278557 11.918640350380496 3.0368115371812188 6.511882315219051 4.543958503715064 -0.48637851134404997 0.9312974535030882 15.458546926944983 22.117491024839893 36.00608632886907 18.083073556914453 20.596090063394104 9.878157043251282 14.254609609978793 1.4832982307592681 4.453330997484268 21.086489845588144 8.923134708082527 12.731180451694932 3.118067489294205 6.740370974715493 22.61859655501472 0.3578698414810866 8.490958884961692 4.038546360351916 -5.435365889259546 -3.2858765937698546 -6.795654569732717 2.258064459953726
29.158316633266534 11.92524708099656 3.043418267797282 6.518489045835132 4.550565234331145 -0.4797717807279689 0.9379041841191516 15.465153657561046 22.124097755455967 36.01269305948514 18.089680287530516 20.602696794010175 9.884763773867363 14.261216340594856 1.4899049613753315 4.459937728100331 21.093096576204218 8.929741438698608 12.737787182311013 3.1246742199102684 6.746977705331556 22.625203285630793 0.3644765720971499 8.497565615577773 4.045153090967979 -5.428759158643465 -3.2792698631537736 -6.789047839116636 2.264671190569807
29.218436873747493 11.931847900608776 3.0500190874094812 6.525089865447331 4.5571660539433445 -0.47317096111576973 0.9445050037313507 15.471754477173246 22.130698575068166 36.01929387909734 18.096281107142715 20.609297613622378 9.891364593479562 14.267817160207056 1.4965057809875306 4.46653854771253 21.099697395816424 8.936342258310807 12.744388001923213 3.1312750395224853 6.753578524943755 22.631804105242992 0.3710773917093668 8.504166435189973 4.051753910580196 -5.422158339031266 -3.2726690435415744 -6.782447019504437 2.271272010182006
29.278557114228455 11.938442808902181 3.0566139957029037 6.531684773740736 4.563760962236767 -0.46657605282236503 0.9510999120247732 15.478349385466668 22.13729348336158 36.02588878739076 18.102876015436138 20.61589252191579 9.897959501772966 14.274412068500478 1.503100689280953 4.473133456005953 21.106292304109836 8.942937166604212 12.750982910216635 3.13786994781589 6.760173433237178 22.638399013536407 0.3776723000027715 8.510761343483395 4.0583488188736005 -5.415563430737861 -3.2660741352481697 -6.775852111211032 2.277866918475411
29.338677354709418 11.945031811662652 3.0632029984633746 6.538273776501224 4.570349964997238 -0.4599870500618941 0.9576889147852441 15.484938388227139 22.14388248612206 36.03247779015123 18.10946501819661 20.62248152467626 9.904548504533437 14.281001071260949 1.509689692041424 4.479722458766424 21.112881306870307 8.9495261693647 12.757571912977106 3.144458950576361 6.766762435997649 22.644988016296885 0.38426130276324244 8.517350346243866 4.0649378216340715 -5.408974427977372 -3.259485132487681 -6.769263108450561 2.2844559212358817
29.39879759519038 11.951614905975187 3.06978609277591 6.544856870813742 4.5769330593097735 -0.45340395574935854 0.9642720090977797 15.491521482539675 22.150465580434584 36.03906088446376 18.116048112509144 20.629064618988796 9.911131598845973 14.287584165573485 1.5162727863539596 4.486305553078959 21.119464401182846 8.956109263677218 12.764155007289641 3.1510420448888965 6.773345530310184 22.65157111060941 0.390844397075778 8.523933440556402 4.071520915946607 -5.402391333664855 -3.252902038175163 -6.762680014138025 2.2910390155484173
29.458917835671343 11.958192091058297 3.07636327785902 6.55143405589687 4.583510244392883 -0.446826770666231 0.9708491941808894 15.498098667622784 22.157042765517705 36.045638069546875 18.122625297592254 20.635641804071906 9.9177087839291 14.294161350656594 1.5228499714370693 4.492882738162069 21.126041586265956 8.962686448760346 12.770732192372751 3.1576192299720063 6.779922715393294 22.65814829569253 0.3974215821588878 8.530510625639511 4.078098101029717 -5.395814148581727 -3.2463248530920357 -6.756102829054916 2.297616200631545
29.519038076152302 11.964763367959943 3.082934554760648 6.558005332798498 4.590081521294511 -0.44025549376460305 0.9774204710825174 15.504669944524412 22.163614042419333 36.052209346448514 18.1291965744939 20.642213080973544 9.924280060830728 14.300732627558222 1.5294212483386973 4.499454015063697 21.13261286316759 8.969257725661974 12.77730346927438 3.164190506873652 6.78649399229494 22.66471957259416 0.4039928590605335 8.53708190254114 4.0846693779313625 -5.389242871680099 -3.2397535761904077 -6.74953155215327 2.3041874775331728
29.579158316633265 11.971328739226994 3.0894999260277167 6.5645707040655665 4.59664689256158 -0.43369012249753425 0.9839858423495862 15.511235315791481 22.1701794136864 36.05877471771557 18.13576194576095 20.64877845224061 9.930845432097797 14.307297998825291 1.535986619605766 4.506019386330766 21.139178234434652 8.975823096929043 12.783868840541448 3.170755878140721 6.793059363561991 22.671284943861227 0.4105582303276023 8.543647273808208 4.091234749198414 -5.38267750041303 -3.233188204923339 -6.742966180886201 2.3107528488002416
29.639278557114228 11.977888203225504 3.0960593900262268 6.571130168064077 4.60320635656009 -0.42713065849904197 0.9905453063480962 15.517794779789991 22.17673887768491 36.065334181714086 18.14232140975946 20.655337916239112 9.93740489609629 14.313857462823801 1.5425460836042761 4.512578850329276 21.14573769843316 8.982382560927553 12.790428304539958 3.177315342139213 6.799618827560501 22.67784440785973 0.4171176943260946 8.550206737806718 4.097794213196924 -5.37611803641452 -3.226628740924829 -6.736406716887709 2.317312312798734
29.69939879759519 11.984441759088806 3.102612945889529 6.577683723927361 4.609759912423375 -0.42057710263573966 0.9970988622113985 15.524348335653293 22.183292433548203 36.07188773757738 18.148874965622763 20.661891472102408 9.943958451959592 14.320411018687086 1.5490996394675784 4.51913240619256 21.152291254296454 8.988936116790837 12.796981860403243 3.1838688980025154 6.806172383423803 22.68439796372303 0.4236712501893969 8.556760293670003 4.104347769060226 -5.369564480551236 -3.2200751850615443 -6.729853161024407 2.323865868662036
29.75951903807615 11.990989407750305 3.109160594551028 6.58423137258886 4.616307561084874 -0.4140294539742406 1.0036465108728976 15.530895984314792 22.189840082209706 36.07843538623887 18.155422614284262 20.668439120763914 9.95050610062109 14.326958667348602 1.5556472881290775 4.525680054854077 21.158838902957953 8.995483765452336 12.803529509064742 3.1904165466640144 6.812720032085302 22.69094561238453 0.4302188988508959 8.563307942331502 4.110895417721725 -5.363016831889737 -3.2135275364000453 -6.7233055123629075 2.330413517323535
29.819639278557112 11.997531150141576 3.1157023369422987 6.5907731149801485 4.622849303476162 -0.40748771158295227 1.0101882532641682 15.537437726706063 22.196381824600984 36.08497712863016 18.161964356675533 20.674980863155195 9.95704784301238 14.333500409739873 1.562189030520348 4.532221797245348 21.16538064534923 9.002025507843625 12.81007125145603 3.1969582890553028 6.819261774476573 22.69748735477581 0.4367606412421843 8.56984968472279 4.1174371601129955 -5.356475089498448 -3.206985794008757 -6.716763769971619 2.3369552597148235
29.879759519038075 12.004066987947475 3.1222381747481975 6.597308952786047 4.629385141282061 -0.40095187377705344 1.016724091070067 15.543973564511962 22.202917662406882 36.091512966436056 18.16850019448143 20.681516700961094 9.963583680818278 14.340036247545772 1.568724868326247 4.538757635051247 21.17191648315513 9.008561345649523 12.816607089261929 3.2034941268612016 6.8257976122824715 22.704023192581708 0.4432964790480831 8.576385522528689 4.123972997918894 -5.3499392516925495 -3.200449956202858 -6.71022793216572 2.3434910975207224
