web/models/kne/10/mosfit_kn_0.406447_0.0770_10.0000.dat
# %ECSV 1.0
# ---
# datatype:
# - {name: time, datatype: float64}
# - {name: PS1_g, datatype: float64}
# - {name: PS1_i, datatype: float64}
# - {name: PS1_r, datatype: float64}
# - {name: PS1_w, datatype: float64}
# - {name: PS1_y, datatype: float64}
# - {name: PS1_z, datatype: float64}
# - {name: swift_uvot_B, datatype: float64}
# - {name: swift_uvot_U, datatype: float64}
# - {name: swift_uvot_uvm2, datatype: float64}
# - {name: swift_uvot_uvw1, datatype: float64}
# - {name: swift_uvot_uvw2, datatype: float64}
# - {name: swift_uvot_V, datatype: float64}
# - {name: johnson_B, datatype: float64}
# - {name: johnson_I, datatype: float64}
# - {name: johnson_R, datatype: float64}
# - {name: johnson_U, datatype: float64}
# - {name: johnson_V, datatype: float64}
# - {name: sdss_g, datatype: float64}
# - {name: sdss_i, datatype: float64}
# - {name: sdss_r, datatype: float64}
# - {name: sdss_u, datatype: float64}
# - {name: sdss_z, datatype: float64}
# - {name: ATLAS_c, datatype: float64}
# - {name: ATLAS_o, datatype: float64}
# - {name: ukirt_H, datatype: float64}
# - {name: ukirt_J, datatype: float64}
# - {name: ukirt_K, datatype: float64}
# - {name: Clear, datatype: float64}
# meta: !!omap
# - comment: [kappa = 10.0, type = rprocess, mass = 0.4064473885499596, velocity = 0.07700000000000001, theta_obs = 0.0, tfloor = 1000.0]
# schema: astropy-2.0
time PS1_g PS1_i PS1_r PS1_w PS1_y PS1_z swift_uvot_B swift_uvot_U swift_uvot_uvm2 swift_uvot_uvw1 swift_uvot_uvw2 swift_uvot_V johnson_B johnson_I johnson_R johnson_U johnson_V sdss_g sdss_i sdss_r sdss_u sdss_z ATLAS_c ATLAS_o ukirt_H ukirt_J ukirt_K Clear
[from data line 200]
12.084168336673347 -4.081882814627491 -9.206705805200954 -7.227635366313692 -7.925398322435502 -11.093240772174795 -10.360894551517461 -2.04562210434987 1.3454331862126703 10.97523246456786 1.5262331307495463 3.454718059091612 -5.435852353607509 -2.4914386586464983 -10.222915620406685 -8.213373117977902 0.8436448071590942 -5.777175524716573 -3.607808841533444 -9.16253359220935 -7.1437277912292 1.9769423119086937 -10.606012753648226 -5.842887529517338 -8.42592516827871 -13.421061682069356 -12.462712519144732 -13.924824500471702 -8.99131799559127
12.144288577154308 -4.044456113017709 -9.184901692688108 -7.199539542696254 -7.902074413773246 -11.078232022822156 -10.343097849546883 -2.0020327062427965 1.4022484581099806 11.053070983636776 1.5680896753743494 3.4975345710446395 -5.401518012697946 -2.4502761996253004 -10.203247415317637 -8.188860738505152 0.8984574028316384 -5.7446813052980135 -3.568958549111496 -9.140558737471096 -7.1151378767163465 2.033225639351386 -10.589334788817517 -5.812032901045541 -8.40267022667474 -13.416655601839905 -12.453459423447304 -13.923843668763423 -8.972605284070951
12.20440881763527 -4.007968833179909 -9.163712837227003 -7.1721899703258 -7.879404358016497 -11.063698131222832 -10.325833128192077 -1.9595090923060277 1.4577270272843992 11.129099325288681 1.6088898717768534 3.5392900735670243 -5.368055926983993 -2.4101359122638972 -10.184151130157375 -8.165027878160924 0.9519737465888124 -5.713026859997805 -3.531077208534459 -9.119202764657768 -7.087303328305605 2.088184033634075 -10.573167507127188 -5.78198575510779 -8.380066220215614 -13.412508252751605 -12.444564001456156 -13.92305236706507 -8.954455348430397
12.264529058116231 -3.9676718259283383 -9.13992899907619 -7.141756729987634 -7.854029501694022 -11.047098341697765 -10.306284869813087 -1.912694782708072 1.5185288550834033 11.212041376274971 1.6538146527899227 3.585262927548826 -5.331021010055033 -2.3659016548914242 -10.162627107076638 -8.13839905141646 1.0106563049258521 -5.677949450533377 -3.489275439702677 -9.0952386314245 -7.05634534386828 2.1484251798979415 -10.554805957737567 -5.74864513965629 -8.354761035138587 -13.407124006644063 -12.434052873570279 -13.921292713932923 -8.933964621819914
12.324649298597194 -3.9308508651884644 -9.11847557563192 -7.114115684969331 -7.831102666468457 -11.032331165146534 -10.288773035678105 -1.8698071321750043 1.5744372429389133 11.288515569747958 1.694916738556405 3.6273561180421123 -5.297232752224208 -2.325422029631494 -10.143277731574145 -8.114306372376198 1.0645912880416897 -5.645988805620498 -3.451054107701932 -9.073617507734824 -7.028214788729308 2.2038125132361053 -10.53840048929473 -5.718302492475491 -8.331897550335512 -13.402798235467566 -12.424954246559208 -13.92034198514274 -8.915587810406489
12.384769539078157 -3.8949718823413093 -9.097639915713973 -7.08722338438541 -7.808831388365682 -11.018041246093837 -10.271795672838184 -1.8279880281528016 1.629005764753764 11.36318024318436 1.7349627745224976 3.668387022259122 -5.264319635788433 -2.2859666470406776 -10.124502671846606 -8.090894942293556 1.1172269431264925 -5.614870267026572 -3.4138042946471003 -9.052617767135427 -7.000842215035412 2.2578716403758925 -10.522508007134999 -5.688769357452266 -8.309686921286712 -13.398733110109402 -12.416215422290032 -13.919582471182997 -8.897774975185353
12.444889779559118 -3.8549008473867197 -9.073950784873723 -7.056939179531909 -7.783586400673723 -11.001480923495244 -10.252307999340324 -1.7814467235609854 1.6894347541990486 11.445453420657895 1.7795450841150289 3.7140583154843267 -5.227475180693404 -2.2420066960422464 -10.103058554186568 -8.064409627695579 1.1755498329075453 -5.57998629255392 -3.3722404492696967 -9.02875004799764 -6.970033778143883 2.317746643830869 -10.504203839140693 -5.6556135445783084 -8.284506469960462 -13.393311508717288 -12.405702532525831 -13.917762602381528 -8.87739010107273
12.50501002004008 -3.818103124106358 -9.052456087038578 -7.029284217447653 -7.760645339251138 -10.986646116062744 -10.234737905555686 -1.7386033691706537 1.7452547538174914 11.521641268703618 1.8205320997003587 3.756078088110414 -5.193688549071134 -2.2015815631157527 -10.08366201050076 -8.040311170091094 1.2294012559607626 -5.548036888024812 -3.334048229722839 -9.007088611283205 -6.94188796000045 2.373049820525086 -10.487741277507485 -5.625280031173254 -8.261624297728822 -13.388885692306774 -12.396519127611379 -13.916703169968548 -8.858993725081579
12.565130260521041 -3.7799759600402894 -9.030043710348696 -7.000546298572008 -7.73675470456288 -10.971073393487814 -10.2163555729922 -1.6942664287247056 1.8029210929032227 11.60018567032061 1.8629364152805121 3.7995584915100946 -5.158650505540188 -2.1597348094424835 -10.063405238829077 -8.015233291076253 1.2850448533637748 -5.51489140008172 -3.294489050110112 -8.984505098441407 -6.912644826014436 2.4301860984103563 -10.470498259220165 -5.593795418372967 -8.237792757300753 -13.38400587547376 -12.386752112385205 -13.915282168197097 -8.839774720194882
12.625250501002004 -3.747199309552922 -9.011231532433612 -6.976113527013048 -7.7166348554395725 -10.95833954076026 -10.201124431952486 -1.655970405202033 1.8530649310658023 11.668850085780647 1.8994928049886721 3.8370843036390636 -5.128616379171931 -2.123657472854554 -10.046509418458324 -7.994059567217591 1.3333902182340718 -5.486544050077382 -3.2604398860913264 -8.965540922020807 -6.8877621339945705 2.4798594701621113 -10.456281221291182 -5.566925197662318 -8.217724267406403 -13.380777193769012 -12.379179222889592 -13.915128621819475 -8.823810124769018
12.685370741482965 -3.7075845283174225 -8.987776298215042 -6.946154682036703 -7.691673332191442 -10.941918629306606 -10.181812967392805 -1.6099672152871236 1.912781864541966 11.749961258185074 1.9434569098272552 3.882185674530515 -5.092172264047659 -2.080228595869404 -10.02527276254747 -7.967879882936313 1.3910247636774353 -5.452057747406724 -3.219352571611953 -8.941909887247732 -6.857281502296768 2.5390326246338724 -10.438145247802684 -5.534149629611349 -8.192820845639144 -13.375359354058974 -12.36873274201553 -13.913271121714173 -8.803661645845597
12.745490981963927 -3.666215675259963 -8.963116189740834 -6.914770480748924 -7.665463520360731 -10.924532517596628 -10.161437260671597 -1.5619912215129184 1.9749416994076798 11.834200145197823 1.9892953612895785 3.929217448614019 -5.054078519819918 -2.03492214649533 -10.002907745138494 -7.940412103539665 1.4510300597426773 -5.415995004132374 -3.176461149552896 -8.917068106534334 -6.825356494906369 2.6006309060123023 -10.418987218776152 -5.499857308327076 -8.16666963514706 -13.369354504245033 -12.357526594611413 -13.910949656596594 -8.782433658429287
12.80561122244489 -3.6295031555860113 -8.941587676019314 -6.8871319618634 -7.642533537622889 -10.909614744873668 -10.143802000429147 -1.5192730775280439 2.03055289441048 11.909838406505703 2.0300454678254813 3.971067296748935 -5.020339335776492 -1.994636756766383 -9.983465864349885 -7.916340394112667 1.5046821008151734 -5.38410735131906 -3.1383650118472595 -8.895374590542549 -6.797225390189734 2.6557324002482474 -10.402460491589025 -5.469579837675269 -8.143791629621333 -13.3647831221087 -12.348227021524243 -13.909727324985715 -8.764035464073352
12.86573146292585 -3.5935670887658056 -8.920566732582724 -6.860109666076841 -7.620142226495403 -10.895087956093725 -10.12660519624708 -1.4774364397370754 2.0850575467891552 11.983981103932152 2.0699253676714062 4.012041630297439 -4.987321272448207 -1.9551961036884828 -9.964495507244859 -7.892828951846512 1.5572611481483345 -5.352913473511298 -3.1010698401019177 -8.87419165242342 -6.7697181866546075 2.7097369294651408 -10.386354420621995 -5.439968809600018 -8.121450213203545 -13.360422927043965 -12.339220955544635 -13.908658521667705 -8.746099919947135
12.925851703406813 -3.5514424502553155 -8.895341217040063 -6.828085051009776 -7.59337153927925 -10.877221006416473 -10.105712293390603 -1.4286248030594983 2.1482262067918434 12.069358997532508 2.116491943508994 4.0598651491866775 -4.948499597481136 -1.9091067106139585 -9.941594425291004 -7.864790827781321 1.618246679855957 -5.316165155994452 -3.0574053255538836 -8.848782697233784 -6.737142914384897 2.7723395857995214 -10.366699532887367 -5.405015257013339 -8.094734691311238 -13.35407899279726 -12.327611488270554 -13.906045756660975 -8.724382752183235
12.985971943887774 -3.5124062982858995 -8.872187548285666 -6.798541846700221 -7.568772857597761 -10.86098375295677 -10.086630380419432 -1.3833024638613367 2.2070456481414524 12.14901194315036 2.1596772905927613 4.104248179380804 -4.912564632748844 -1.8663501445730228 -9.92062639635635 -7.8390026397764005 1.6750129815783121 -5.282185134040362 -3.0169219531851077 -8.825456725458558 -6.707080975850435 2.8306276842150524 -10.34878328221044 -5.372723302809632 -8.070186557654164 -13.348675451211596 -12.317257580233727 -13.9041508031646 -8.70453844890692
13.046092184368737 -3.4799194762913643 -8.85344822750131 -6.774272316287426 -7.548788370118711 -10.848231529243844 -10.071415306572877 -1.3453733245818456 2.2566605173912535 12.216628880756875 2.1957357036768603 4.141356047012167 -4.882759734856433 -1.8306475793176917 -9.903779727020734 -7.8179898921589634 1.7228496406030192 -5.254077332809197 -2.9831824670162987 -8.806568342929335 -6.682361502161545 2.8797831018663267 -10.334578841767907 -5.346077613956339 -8.050244825941224 -13.345303673196812 -12.309599638076472 -13.903817439176452 -8.688673041823325
13.1062124248497 -3.4415429321115454 -8.830706490717848 -6.745241640486377 -7.524636808361613 -10.83229927615486 -10.052681443443898 -1.3008060456901582 2.3145211154674072 12.294928166631781 2.23815188900991 4.184980128002827 -4.847430618204272 -1.7886189677514468 -9.883191386501704 -7.792670462579861 1.7786867044329635 -5.220683875059035 -2.943381307734345 -8.78365717121154 -6.652818057201806 2.9371216867428274 -10.316996232803461 -5.3143480366619755 -8.026140784884781 -13.340043054924616 -12.299463044417019 -13.90201399836977 -8.669210319449192
13.16633266533066 -3.4054070363861833 -8.80946408197973 -6.718008956555828 -7.502057605231087 -10.817543925326039 -10.03525667910564 -1.2587716953028327 2.369221776316781 12.369064107243176 2.2781139601451277 4.226107012498726 -4.814195018072376 -1.7490092611603496 -9.864001174354328 -7.768980338846643 1.831458575965914 -5.189297678862503 -2.9058883654995427 -8.762253451534043 -6.625095874785334 2.9913255819808526 -10.300669995358742 -5.284547823589172 -8.00360577513656 -13.335456697850708 -12.290230539539378 -13.900722509050654 -8.651101856867296
13.226452905811623 -3.3665498020597795 -8.786363104592656 -6.688571199136781 -7.477548924543527 -10.801306260150163 -10.016194285695228 -1.2136729954999226 2.4277240265145217 12.448091176949184 2.320995854469015 4.270236233733794 -4.778403304458341 -1.706482394655126 -9.84307223248176 -7.743298090286477 1.8879190196748463 -5.155468373519072 -2.865595495894606 -8.73898191520265 -6.595139159070733 3.0493028035131253 -10.282771741601469 -5.25239739108418 -7.979142728181365 -13.329980646243536 -12.279837754073666 -13.89873389441881 -8.631327374453459
13.286573146292584 -3.329807629426078 -8.764676920911487 -6.660830356682972 -7.454523839314913 -10.786178794040264 -9.998366985722651 -1.1709654984715556 2.4832427146957237 12.523187688364917 2.361561683513927 4.312008364923901 -4.744587746731786 -1.6662388860742043 -9.82346246713431 -7.719153269990778 1.9414854057467212 -5.123533647980023 -2.827481517994741 -8.717132846394282 -6.566901366021263 3.1043202789754787 -10.266058741580224 -5.222067857824495 -7.956160192713924 -13.325139882000075 -12.270297405104456 -13.897227193684872 -8.6128303641064
13.346693386773547 -3.293550681682067 -8.743302718659507 -6.633471638168 -7.431832099341609 -10.7712882528884 -9.980807058176602 -1.1288106745923898 2.538064523795267 12.597328730817875 2.401577145744849 4.353230057974461 -4.711221195622078 -1.6265258915355967 -9.80414166837826 -7.69535632098694 1.9943761771583435 -5.092031707095221 -2.7898685754989927 -8.69559772377583 -6.539050403248563 3.158647093477054 -10.249602117221208 -5.192153498780154 -7.933509517608268 -13.32042089845208 -12.260931609415946 -13.895805456497355 -8.594618697619456
13.40681362725451 -3.2566337019107117 -8.721465424558481 -6.605571119112774 -7.408665840406705 -10.756020827165607 -9.962834298690098 -1.0859165755269118 2.59379647429979 12.672601884480944 2.4422810459864057 4.395170121084636 -4.677230296214668 -1.5861122050506042 -9.784385837646916 -7.671071925300812 2.048150312455348 -5.059935590199324 -2.7515776851691953 -8.673597472328662 -6.510650103217088 3.213877944710184 -10.232749112397421 -5.1616668059473625 -7.910383876255089 -13.315462873512105 -12.251263971331914 -13.894189867305078 -8.575995943376764
13.46693386773547 -3.223380796562836 -8.70209250278478 -6.580617779433595 -7.388074998520491 -10.742695450038475 -9.947018265063008 -1.0471610196882175 2.644371417553124 12.741133513347279 2.479000714121345 4.433040005941638 -4.646668410644026 -1.549645297525814 -9.766929570811477 -7.64945344073021 2.096922103383061 -5.031122636332108 -2.7170602003729094 -8.654074640510174 -6.485235836539314 3.263992041128372 -10.21796539678661 -5.134335943777 -7.889829555070005 -13.311629575994155 -12.2430945893565 -13.893434466194721 -8.559590815920739
13.527054108216433 -3.184130374996972 -8.678643292922743 -6.550816232670353 -7.363245455319003 -10.726131279532538 -9.927618047246458 -1.0016450658979636 2.703346123146364 12.820515679945853 2.522175842623185 4.477538994482867 -4.610478859487615 -1.5067412712667265 -9.745663230332806 -7.623455838811897 2.1538427827614615 -4.996929810706978 -2.6763701922265426 -8.630454867802744 -6.454908507124273 3.322442549459854 -10.199742311720694 -5.101831145789557 -7.865040596604906 -13.305874678085575 -12.232402080706118 -13.891185093532632 -8.53953064332508
13.587174348697394 -3.1432939749736377 -8.654104116295152 -6.519725882709295 -7.337289456129739 -10.708693717977091 -9.907254701338513 -0.9543451059467956 2.7645310536937373 12.902710059138546 2.567035833357601 4.523780461459324 -4.57279649306732 -1.4621424583720748 -9.72337646438324 -7.5962971903105485 2.2129077656770124 -4.961313221637639 -2.634049054106651 -8.605739883578334 -6.4232746962943565 3.3830873034914077 -10.180595197058349 -5.067956408694911 -7.839125371930606 -13.299589385793007 -12.221022703446367 -13.88851713418086 -8.518498490655038
13.647294589178356 -3.1067548124251054 -8.632458622822323 -6.492093925148357 -7.314355199461247 -10.693538623193035 -9.889425169065689 -0.9118978549019296 2.819670783431132 12.977015680007234 2.6072305879912787 4.565251941256744 -4.5391371537510965 -1.4221701353715448 -9.703790301535637 -7.572265736113597 2.2661088321592504 -4.929547411943564 -2.596153058268378 -8.583933821276215 -6.395145043212818 3.43773378808077 -10.163879059501628 -5.0377831411434215 -7.8162274343846505 -13.294629352272407 -12.211405997671816 -13.886864458161197 -8.500068243975125
