web/models/kne/10/mosfit_kn_0.002290_0.4530_3.6500.dat
# %ECSV 1.0
# ---
# datatype:
# - {name: time, datatype: float64}
# - {name: PS1_g, datatype: float64}
# - {name: PS1_i, datatype: float64}
# - {name: PS1_r, datatype: float64}
# - {name: PS1_w, datatype: float64}
# - {name: PS1_y, datatype: float64}
# - {name: PS1_z, datatype: float64}
# - {name: swift_uvot_B, datatype: float64}
# - {name: swift_uvot_U, datatype: float64}
# - {name: swift_uvot_uvm2, datatype: float64}
# - {name: swift_uvot_uvw1, datatype: float64}
# - {name: swift_uvot_uvw2, datatype: float64}
# - {name: swift_uvot_V, datatype: float64}
# - {name: johnson_B, datatype: float64}
# - {name: johnson_I, datatype: float64}
# - {name: johnson_R, datatype: float64}
# - {name: johnson_U, datatype: float64}
# - {name: johnson_V, datatype: float64}
# - {name: sdss_g, datatype: float64}
# - {name: sdss_i, datatype: float64}
# - {name: sdss_r, datatype: float64}
# - {name: sdss_u, datatype: float64}
# - {name: sdss_z, datatype: float64}
# - {name: ATLAS_c, datatype: float64}
# - {name: ATLAS_o, datatype: float64}
# - {name: ukirt_H, datatype: float64}
# - {name: ukirt_J, datatype: float64}
# - {name: ukirt_K, datatype: float64}
# - {name: Clear, datatype: float64}
# meta: !!omap
# - comment: [kappa = 3.65, type = rprocess, mass = 0.0022901433483143324, velocity = 0.45299999999999996, theta_obs = 0.0, tfloor = 1000.0]
# schema: astropy-2.0
time PS1_g PS1_i PS1_r PS1_w PS1_y PS1_z swift_uvot_B swift_uvot_U swift_uvot_uvm2 swift_uvot_uvw1 swift_uvot_uvw2 swift_uvot_V johnson_B johnson_I johnson_R johnson_U johnson_V sdss_g sdss_i sdss_r sdss_u sdss_z ATLAS_c ATLAS_o ukirt_H ukirt_J ukirt_K Clear
[from data line 177]
10.701402805611222 13.622424936139357 4.7405961229400795 8.215666900977912 6.247743089473925 1.2174060744148107 2.635082039261949 17.162331512703844 23.821275610598754 37.70987091462793 19.786858142673314 22.299874649152965 11.581941629010142 15.958394195737654 3.187082816518129 6.157115583243129 22.790274431347004 10.626919293841388 14.434965037453793 4.821852075053066 8.444155560474353 24.32238114077358 2.0616544272399473 10.194743470720553 5.742330946110776 -3.7315813035006853 -1.5820920080109944 -5.091869983973856 3.9618490457125866
10.761523046092185 13.647213319228193 4.765384506028916 8.240455284066766 6.272531472562779 1.242194457503647 2.659870422350785 17.18711989579268 23.8460639936876 37.734659297716775 19.81164652576215 22.3246630322418 11.606730012098978 15.98318257882649 3.211871199606965 6.181903966331965 22.815062814435848 10.651707676930242 14.459753420542647 4.846640458141902 8.46894394356319 24.347169523862426 2.0864428103287835 10.219531853809407 5.767119329199613 -3.7067929204118313 -1.5573036249221404 -5.06708160088502 3.986637428801423
10.821643286573146 13.671901482061628 4.790072668862351 8.265143446900183 6.297219635396196 1.266882620337082 2.68455858518422 17.211808058626115 23.87075215652103 37.759347460550195 19.836334688595574 22.349351195075226 11.631418174932413 16.007870741659907 3.2365593624404 6.206592129165382 22.839750977269276 10.676395839763659 14.484441583376064 4.871328620975337 8.493632106396625 24.371857686695854 2.1111309731622185 10.244220016642824 5.791807492033048 -3.682104757578414 -1.5326154620887231 -5.042393438051585 4.011325591634858
10.881763527054108 13.696489776173859 4.814660962974564 8.289731741012414 6.321807929508427 1.291470914449313 2.7091468792964335 17.236396352738346 23.89534045063325 37.78393575466243 19.86092298270781 22.37393948918746 11.656006469044645 16.03245903577214 3.261147656552631 6.231180423277613 22.864339271381507 10.70098413387589 14.509029877488295 4.895916915087568 8.518220400508856 24.396445980808075 2.1357192672744496 10.268808310755055 5.816395786145279 -3.657516463466183 -1.508027167976492 -5.017805143939354 4.035913885747089
10.941883767535069 13.720978765295442 4.8391499520961645 8.314220730133997 6.346296918630028 1.3159599035708958 2.733635868418034 17.26088534185993 23.919829439754842 37.80842474378401 19.8854119718294 22.39842847830905 11.680495458166227 16.05694802489374 3.285636645674214 6.255669412399214 22.888828260503097 10.725473122997473 14.533518866609896 4.920405904209151 8.542709389630438 24.420934969929668 2.1602082563960323 10.293297299876656 5.840884775266861 -3.6330274743446003 -1.4835381788549094 -4.993316154817771 4.060402874868672
11.002004008016032 13.745369054456624 4.863540241257347 8.338611019295197 6.37068720779121 1.340350192732096 2.7580261575792164 17.28527563102111 23.944219728916032 37.832815032945206 19.909802260990592 22.422818767470243 11.704885747327427 16.08133831405492 3.3100269348353963 6.280059701560396 22.91321854966428 10.749863412158673 14.557909155771078 4.944796193370333 8.567099678791621 24.445325259090858 2.1845985455572325 10.317687589037838 5.865275064428044 -3.6086371851834 -1.4591478896937091 -4.968925865656571 4.084793164029872
11.062124248496994 13.769661272215874 4.887832459016597 8.362903237054446 6.39497942555046 1.3646424104913457 2.782318375338466 17.30956784878036 23.96851194667528 37.85710725070445 19.934094478749838 22.44711098522949 11.729177965086677 16.10563053181417 3.334319152594646 6.304351919319646 22.937510767423532 10.774155629917923 14.582201373530328 4.969088411129583 8.59139189655087 24.469617476850107 2.2088907633164823 10.341979806797088 5.8895672821872935 -3.5843449674241503 -1.4348556719344594 -4.944633647897339 4.1090853817891215
11.122244488977955 13.793856036342085 4.9120272231428075 8.38709800118064 6.419174189676653 1.3888371746175387 2.806513139464677 17.333762612906572 23.992706710801485 37.88130201483066 19.95828924287603 22.471305749355682 11.75337272921287 16.129825295940364 3.358513916720857 6.328546683445839 22.961705531549732 10.798350394044116 14.606396137656521 4.993283175255794 8.615586660677081 24.49381224097631 2.2330855274426753 10.366174570923281 5.913762046313504 -3.5601502032979573 -1.4106609078082664 -4.920438883771128 4.133280145915315
11.182364729458918 13.817953949625021 4.936125136425744 8.411195914463576 6.443272102959607 1.4129350879004754 2.8306110527476136 17.35786052618951 24.016804624084422 37.90539992811359 19.98238715615898 22.49540366263863 11.777470642495807 16.15392320922332 3.3826118300037935 6.352644596728793 22.985803444832676 10.822448307327052 14.630494050939475 5.01738108853873 8.639684573960018 24.517910154259248 2.257183440725612 10.390272484206236 5.937859959596441 -3.5360522900150206 -1.3865629945253297 -4.8963409704881915 4.157378059198251
11.242484969939879 13.84195562395588 4.960126810756602 8.435197588794452 6.467273777290465 1.4369367622313511 2.8546127270784716 17.381862200520366 24.040806298415287 37.92940160244446 20.006388830489843 22.519405336969495 11.801472316826683 16.177924883554176 3.4066135043346515 6.376646271059651 23.009805119163538 10.846449981657928 14.654495725270333 5.041382762869588 8.663686248290876 24.541911828590113 2.28118511505647 10.414274158537093 5.961861633927299 -3.512050615684145 -1.362561320194454 -4.8723392961573335 4.181379733529127
11.302605210420841 13.865861675669553 4.984032862470276 8.459103640508125 6.491179829004139 1.460842813945007 2.878518778792145 17.40576825223404 24.06471235012896 37.95330765415813 20.03029488220351 22.54331138868316 11.825378368540338 16.20183093526785 3.430519556048325 6.400552322773325 23.03371117087721 10.870356033371602 14.678401776984007 5.065288814583262 8.68759230000455 24.565817880303786 2.3050911667701435 10.438180210250767 5.9857676856409725 -3.4881445639704713 -1.3386552684807804 -4.84843324444366 4.205285785242783
11.362725450901802 13.88967270912909 5.007843895929813 8.482914673967645 6.5149908624636765 1.4846538474045445 2.9023298122516827 17.429579285693578 24.088523383588488 37.97711868761766 20.054105915663047 22.5671224221427 11.849189401999876 16.225641968727388 3.4543305895078626 6.424363356232862 23.05752220433674 10.894167066831121 14.702212810443527 5.0890998480428 8.711403333464087 24.589628913763313 2.328902200229681 10.461991243710287 6.00957871910051 -3.4643335305109515 -1.3148442350212606 -4.824622210984122 4.22909681870232
11.422845691382765 13.913389314246256 5.031560501046979 8.50663127908481 6.538707467580842 1.50837045252171 2.9260464173688483 17.453295890810743 24.112239988705653 38.00083529273483 20.077822520780213 22.590839027259864 11.872906007117042 16.249358573844553 3.478047194625028 6.448079961350028 23.081238809453914 10.917883671948287 14.72592941556071 5.112816453159965 8.735119938581253 24.61334551888048 2.3526188053468466 10.48570784882747 6.033295324217676 -3.440616925393786 -1.291127629904095 -4.800905605866957 4.252813423819486
11.482965931863728 13.937012095384613 5.055183282185336 8.530254060223186 6.562330248719199 1.5319932336600672 2.9496691985072054 17.4769186719491 24.13586276984402 38.02445807387319 20.10144530191857 22.61446180839822 11.896528788255399 16.27298135498291 3.5016699757633853 6.471702742488385 23.10486159059227 10.941506453086662 14.749552196699067 5.136439234298322 8.75874271971961 24.636968300018836 2.376241586485204 10.509330629965827 6.056918105356033 -3.416994144255411 -1.2675048487657201 -4.7772828247286 4.276436204957843
11.543086172344688 13.960541651026777 5.078712837827499 8.553783615865349 6.5858598043613625 1.5555227893022483 2.9731987541493687 17.500448227591264 24.159392325486184 38.047987629515355 20.12497485756074 22.637991364040392 11.92005834389758 16.296510910625074 3.5251995314055486 6.495232298130548 23.128391146234435 10.965036008728825 14.77308175234123 5.159968789940486 8.782272275361773 24.66049785566101 2.399771142127367 10.53286018560799 6.080447660998196 -3.3934645886132477 -1.2439752931235568 -4.753753269086436 4.299965760600024
11.603206412825651 13.983978573276516 5.102149760077239 8.577220538115089 6.6092967266111025 1.5789597115519705 2.9966356763991087 17.523885149841004 24.182829247735917 38.0714245517651 20.148411779810473 22.661428286290125 11.943495266147302 16.319947832874814 3.5486364536552886 6.518669220380288 23.15182806848417 10.988472930978565 14.79651867459097 5.1834057121902255 8.805709197611513 24.683934777910743 2.423208064377107 10.55629710785773 6.103884583247936 -3.370027666363508 -1.2205383708738347 -4.730316346836696 4.323402682849746
11.663326653306612 14.007323441806765 5.12549462860747 8.60056540664532 6.632641595141333 1.6023045800822189 3.0199805449293393 17.547230018371252 24.206174116266155 38.094769420295336 20.171756648340715 22.684773154820366 11.96684013467755 16.343292701405044 3.571981322185537 6.542014088910519 23.175172937014413 11.011817799508796 14.819863543121201 5.206750580720474 8.829054066141762 24.70727964644098 2.4465529329073554 10.579641976387961 6.1272294517781845 -3.346682797833277 -1.1971935023435862 -4.706971478306448 4.346747551379995
11.723446893787575 14.030576844430716 5.148748031231438 8.62381880926927 6.655894997765284 1.6255579827061695 3.0432339475533077 17.570483420995203 24.229427518890112 38.118022822919286 20.195010050964665 22.708026557444317 11.990093537301501 16.366546104028995 3.5952347248094876 6.5652674915344695 23.198426339638363 11.035071202132746 14.843116945745152 5.2300039833444245 8.852307468765712 24.730533049064938 2.469806335531306 10.602895379011912 6.150482854402135 -3.3234293952093266 -1.1739400997196356 -4.683718075682497 4.370000954003945
11.783567134268537 14.053739367821034 5.171910554621739 8.646981332659589 6.6790575211556025 1.6487205060964882 3.0663964709436087 17.593645944385504 24.252590042280424 38.141185346309605 20.218172574354984 22.731189080834636 12.01325606069182 16.389708627419314 3.6183972481997886 6.588430014924788 23.221588863028682 11.058233725523065 14.86627946913547 5.253166506734743 8.875469992156031 24.75369557245525 2.492968858921625 10.62605790240223 6.173645377792454 -3.300266871819008 -1.1507775763293169 -4.660555552292179 4.393163477394264
11.843687374749498 14.076811589833085 5.19498277663379 8.67005355467164 6.702129743167653 1.6717927281085387 3.089468692955659 17.616718166397554 24.275662264292475 38.16425756832165 20.24124479636703 22.754261302846682 12.03632828270387 16.412780849431364 3.641469470211857 6.611502236936839 23.244661085040732 11.081305947535116 14.889351691147521 5.276238728746794 8.898542214168081 24.7767677944673 2.5160410809336753 10.649130124414281 6.196717599804504 -3.2771946498069573 -1.1277053543172664 -4.637483330280128 4.4162356994063146
11.90380761523046 14.099794080177102 5.217965266977824 8.693036045015656 6.7251122335116875 1.6947752184525555 3.1124511832996937 17.63970065674159 24.2986447546365 38.18724005866568 20.26422728671106 22.77724379319071 12.059310773047887 16.4357633397754 3.6644519605558736 6.634484727280873 23.26764357538476 11.104288437879132 14.912334181491556 5.299221219090811 8.921524704512098 24.799750284811324 2.539023571277692 10.672112614758316 6.219700090148521 -3.2542121594629405 -1.1047228639732496 -4.614500839936111 4.439218189750331
11.963927855711422 14.122687408796342 5.240858595597047 8.715929373634896 6.74800556213091 1.7176685470717956 3.135344511918916 17.66259398536081 24.32153808325573 38.210133387284905 20.28712061533029 22.800137121809943 12.082204101667127 16.45865666839462 3.687345289175096 6.657378055900096 23.29053690400398 11.127181766498373 14.935227510110778 5.322114547710051 8.94441803313132 24.822643613430557 2.561916899896932 10.695005943377538 6.242593418767743 -3.2313188308437004 -1.0818295353540095 -4.591607511316871 4.462111518369571
12.024048096192384 14.145492151588392 5.263663338389115 8.738734116426947 6.770810304922961 1.7404732898638464 3.1581492547109846 17.68539872815288 24.344342826047793 38.23293813007697 20.30992535812234 22.82294186460199 12.105008844459178 16.48146141118667 3.7101500319671645 6.6801827986921465 23.31334164679604 11.149986509290423 14.958032252902829 5.3449192905021015 8.96722277592339 24.84544835622262 2.584721642688983 10.717810686169589 6.265398161559812 -3.2085140880516496 -1.0590247925619587 -4.5688027685248205 4.484916261161622
12.084168336673347 14.168208871390924 5.286380058191629 8.761450836229479 6.793527024725492 1.7631900096663777 3.180865974513498 17.708115447955393 24.367059545850314 38.2556548498795 20.33264207792487 22.84565858440452 12.12772556426171 16.504178130989203 3.732866751769696 6.702899518494678 23.33605836659857 11.172703229092955 14.98074897270536 5.367636010304633 8.98993949572592 24.86816507602514 2.6074383624915143 10.74052740597212 6.288114881362343 -3.1857973682491183 -1.0363080727594274 -4.546086048722289 4.5076329809641535
12.144288577154308 14.190838124093244 5.309009310893966 8.784080088931798 6.8161562774278295 1.7858192623686975 3.2034952272158357 17.73074470065773 24.38968879855264 38.278284102581814 20.3552713306272 22.868287837106852 12.150354816964029 16.52680738369154 3.7554960044720156 6.725528771197015 23.35868761930089 11.195332481795274 15.00337822540768 5.3902652630069525 9.01256874842824 24.890794328727466 2.630067615193834 10.76315665867444 6.310744134064663 -3.1631681155467986 -1.0136788200571076 -4.523456796019969 4.530262233666473
12.20440881763527 14.213380464493675 5.331551651294397 8.806622429332247 6.8386986178282605 1.8083616027691285 3.2260375676162667 17.75328704105816 24.412231138953075 38.300826442982256 20.37781367102763 22.890830177507283 12.17289715736446 16.54934972409197 3.7780383448724466 6.748071111597446 23.38122995970133 11.217874822195723 15.025920565808129 5.4128076034073835 9.035111088828671 24.9133366691279 2.652609955594265 10.785698999074889 6.333286474465094 -3.1406257751463498 -0.991136479656659 -4.500914455619538 4.552804574066904
12.264529058116231 14.235836453021005 5.35400763982171 8.82907841785956 6.861154606355573 1.8308175912964586 3.248493556143579 17.77574302958549 24.4346871274804 38.323282431509575 20.400269659554954 22.913286166034606 12.19535314589179 16.571805712619284 3.8004943333997767 6.770527100124759 23.403685948228652 11.240330810723036 15.04837655433544 5.435263591934714 9.057567077356001 24.935792657655227 2.675065944121595 10.808154987602201 6.355742462992424 -3.1181697866190374 -0.9686804911293466 -4.478458467092208 4.575260562594234
12.324649298597194 14.258206640965891 5.376377827766614 8.851448605804446 6.883524794300477 1.8531877792413454 3.2708637440884836 17.79811321753038 24.45705731542529 38.34565261945447 20.42263984749985 22.9356563539795 12.217723333836677 16.59417590056419 3.8228645213446635 6.792897288069663 23.42605613617355 11.262700998667922 15.070746742280345 5.4576337798796 9.079937265300888 24.958162845600114 2.697436132066482 10.830525175547105 6.378112650937311 -3.0957995986741507 -0.9463103031844599 -4.4560882791473215 4.597630750539121
12.384769539078157 14.280491572549252 5.398662759349957 8.873733537387807 6.90580972588382 1.875472710824706 3.2931486756718265 17.82039814911372 24.479342247008642 38.36793755103782 20.4449247790832 22.95794128556285 12.240008265420038 16.61646083214753 3.845149452928024 6.815182219653006 23.4483410677569 11.284985930251283 15.093031673863688 5.479918711462961 9.102222196884249 24.980447777183468 2.7197210636498426 10.852810107130448 6.400397582520672 -3.07351466709079 -0.9240253716010992 -4.433803347563961 4.619915682122482
