web/models/kne/10/mosfit_kn_0.009764_0.0300_10.0000.dat
# %ECSV 1.0
# ---
# datatype:
# - {name: time, datatype: float64}
# - {name: PS1_g, datatype: float64}
# - {name: PS1_i, datatype: float64}
# - {name: PS1_r, datatype: float64}
# - {name: PS1_w, datatype: float64}
# - {name: PS1_y, datatype: float64}
# - {name: PS1_z, datatype: float64}
# - {name: swift_uvot_B, datatype: float64}
# - {name: swift_uvot_U, datatype: float64}
# - {name: swift_uvot_uvm2, datatype: float64}
# - {name: swift_uvot_uvw1, datatype: float64}
# - {name: swift_uvot_uvw2, datatype: float64}
# - {name: swift_uvot_V, datatype: float64}
# - {name: johnson_B, datatype: float64}
# - {name: johnson_I, datatype: float64}
# - {name: johnson_R, datatype: float64}
# - {name: johnson_U, datatype: float64}
# - {name: johnson_V, datatype: float64}
# - {name: sdss_g, datatype: float64}
# - {name: sdss_i, datatype: float64}
# - {name: sdss_r, datatype: float64}
# - {name: sdss_u, datatype: float64}
# - {name: sdss_z, datatype: float64}
# - {name: ATLAS_c, datatype: float64}
# - {name: ATLAS_o, datatype: float64}
# - {name: ukirt_H, datatype: float64}
# - {name: ukirt_J, datatype: float64}
# - {name: ukirt_K, datatype: float64}
# - {name: Clear, datatype: float64}
# meta: !!omap
# - comment: [kappa = 10.0, type = rprocess, mass = 0.009763877790252312, velocity = 0.030000000000000023, theta_obs = 0.0, tfloor = 1000.0]
# schema: astropy-2.0
time PS1_g PS1_i PS1_r PS1_w PS1_y PS1_z swift_uvot_B swift_uvot_U swift_uvot_uvm2 swift_uvot_uvw1 swift_uvot_uvw2 swift_uvot_V johnson_B johnson_I johnson_R johnson_U johnson_V sdss_g sdss_i sdss_r sdss_u sdss_z ATLAS_c ATLAS_o ukirt_H ukirt_J ukirt_K Clear
[from data line 171]
10.34068136272545 -7.126583258200991 -10.471484826071542 -9.210986105041119 -9.424082848702096 -11.590790771608077 -11.1699395574969 -5.778167601797267 -3.8694080323759117 3.106510387326737 -2.257699305074396 -0.3339164850646834 -8.103431220262333 -5.994510579513989 -11.25176011551136 -9.839791819859755 -4.147541128622933 -8.272429522287384 -6.81411743549921 -10.447111792445796 -9.174910955587166 -3.1682135741771944 -11.300241314581907 -8.176267468374494 -9.897406494235668 -12.744823659762739 -12.323316924154566 -12.874643357516094 -9.999974086719448
10.400801603206412 -7.091346987987226 -10.452133431250257 -9.185220323740797 -9.401976812462163 -11.578195068700534 -11.154630734949684 -5.7369565955690325 -3.8151845038092347 3.186624239921316 -2.2128884429912072 -0.28990717807978994 -8.07181863618083 -5.954929904137124 -11.234441966593113 -9.816769419204007 -4.095302893595651 -8.242040745383859 -6.7774485532601325 -10.427582531108044 -9.148798269099583 -3.114730559215797 -11.285848765903825 -8.146979930098954 -9.875820179356918 -12.742321950176388 -12.316203159273458 -12.875302092182446 -9.981888231725353
10.460921843687375 -7.055887205786284 -10.432604383837774 -9.15925809752931 -9.379700056919376 -11.565443515830989 -11.139156741314284 -5.695501132270905 -3.7606751613603606 3.2670616118162217 -2.1679055199452786 -0.245717110009259 -8.039987593403197 -5.9151169802670935 -11.216953488250045 -9.793566230441037 -4.042784204378524 -8.211442442173718 -6.740551770511196 -10.407875090474565 -9.122486605432947 -3.06096098553601 -11.271295613234429 -8.117494621371826 -9.854057182287406 -12.739702113953511 -12.308953822837834 -12.875855648754724 -9.963650568462086
10.521042084168336 -7.020253365430982 -10.412930971214678 -9.13313925017956 -9.3572886739123 -11.552562517672591 -11.123546742720478 -5.653856744368993 -3.7059487495948673 3.3477270736966753 -2.1228092181247322 -0.20140381673760954 -8.007983845411168 -5.875125732584635 -11.199325902971886 -9.770219342681791 -3.9900517994545592 -8.180679162572753 -6.703477999518341 -10.388022939842294 -9.096016133803264 -3.0069728474249757 -11.256610102794973 -8.087854956214926 -9.832153104237253 -12.736980282685176 -12.301589742228563 -12.87631694841348 -9.945293111638414
10.581162324649299 -6.98444359039625 -10.393112196625243 -9.10686243811293 -9.334741510032547 -11.539551443578695 -11.107799958989037 -5.612021223798936 -3.651002309951803 3.4286246928379756 -2.0775965918377355 -0.1569640762557465 -7.975805705819117 -5.834954092394721 -11.181558330540852 -9.74672761930772 -3.9371028448957834 -8.149749328338219 -6.666225284950151 -10.368025073515419 -9.06938548431489 -2.9527632318081665 -11.241791517198543 -8.058059398884367 -9.810106861468562 -12.734156381618236 -12.294110590728929 -12.876686096115238 -9.926814942475719
10.64128256513026 -6.9484166579108475 -10.373120764819035 -9.080394749546397 -9.312028908109351 -11.526388922308968 -11.091892635049856 -5.569948094493276 -3.595777912623195 3.5098346266750697 -2.032217790358945 -0.11234838127386437 -7.943415097579643 -5.794557091580796 -11.163625267998924 -9.723060639398355 -3.883881165048948 -8.118615997149535 -6.628751147543657 -10.347854041169366 -9.042561427958091 -2.8982748516601653 -11.226816924373164 -8.028071986629488 -9.787889264894805 -12.731217919569955 -12.28649982105196 -12.876953391056796 -9.908189968989625
10.701402805611222 -6.912224300950598 -10.352991487516494 -9.053777838470651 -9.289188561124782 -11.513102553521026 -11.075855266283199 -5.527695465749086 -3.540347511099231 3.591257135054808 -1.9867339563111837 -0.06761674851454158 -7.910859900905696 -5.753991127387884 -11.145559360354966 -9.699257164632684 -3.830456614761879 -8.087325768614553 -6.591108847773679 -10.327544844967633 -9.015585986184842 -2.843578885864062 -11.211715849525774 -7.997938098395068 -9.76553751931526 -12.728181712103977 -12.278779178949184 -12.877132274065113 -9.889451589894325
10.761523046092185 -6.875842126297904 -10.332708305422926 -9.02699228817701 -9.26620300066654 -11.499679820353883 -11.05967390905839 -5.485235799462816 -3.4846766999877943 3.6729397720243435 -1.9411153570942825 -0.022739530403036223 -7.878117598589037 -5.713229587330385 -11.127345623012552 -9.675299294876265 -3.7767958444606653 -8.055856823663772 -6.5532732407447725 -10.307081333209993 -8.988439548949465 -2.7886413146503486 -11.196474847356566 -7.96763649608577 -9.74303445011854 -12.72504055793904 -12.270939036031832 -12.877217216763446 -9.870584478204787
10.821643286573146 -6.839266927595897 -10.312269310093729 -9.000035674369808 -9.243070110680396 -11.486119361556444 -11.043346978940374 -5.442565395570141 -3.4287606803606963 3.754889061095967 -1.8953575931244155 0.022287923682974498 -7.845185262007129 -5.672268965683148 -11.108982319837494 -9.651184897958426 -3.7228942323110847 -8.02420638331112 -6.515241003322512 -10.28646158385774 -8.961119654170417 -2.7334574004581924 -11.181092423614825 -7.937164482708923 -9.720378014258575 -12.721793929590158 -12.262978485812821 -12.87720795982892 -9.851586869632651
10.881763527054108 -6.802511471826911 -10.291683267653706 -8.972918387657352 -9.219799331309098 -11.472428231221024 -11.026882215563916 -5.399698529736386 -3.372616979318561 3.837080656174316 -1.8494752424285283 0.06745151902769608 -7.8120747407648965 -5.6311231696848765 -11.090477707389994 -9.626923722063598 -3.6687688212549685 -7.9923860250539365 -6.477025264247267 -10.265694408810173 -8.933636774256293 -2.6780444920636626 -11.1655760976784 -7.9065333286090045 -9.697577569962021 -12.718446326298201 -12.254903197388403 -12.877108206733892 -9.83246719684157
10.941883767535069 -6.765540760953019 -10.270927004383061 -8.945612486568528 -9.1963655417808 -11.458588292678513 -11.010259452549072 -5.356595729801202 -3.316196380113645 3.9195824281629372 -1.8034262223553905 0.11279311934726666 -7.7787536843952525 -5.589754046918735 -11.071810140188749 -9.602489982610784 -3.6143718857825147 -7.9603643918822415 -6.438589957962808 -10.244756502855026 -8.90596269100385 -2.6223539085268577 -11.149906412162842 -7.875712536711372 -9.674608371832925 -12.714987183547473 -12.246699147351412 -12.876909777517296 -9.813203397736743
11.002004008016032 -6.728385994752699 -10.250021602253359 -8.91814314847494 -9.172791512876657 -11.44461630732522 -10.993497186157182 -5.313292016643248 -3.259542177798309 4.002334405552738 -1.7572470003292646 0.15827700251664156 -7.74525099675864 -5.5481955988752 -11.05299940321369 -9.577907134468912 -3.5597454736538414 -7.928169627882757 -6.399967198504939 -10.223669062286351 -8.878122801925645 -2.5664284905704093 -11.134101284407976 -7.844729492594205 -9.651492931427903 -12.71142679426674 -12.238379587395832 -12.87662094029679 -9.793815665179881
11.062124248496994 -6.6910539084664755 -10.228971786719185 -8.890515919392978 -9.149082301235989 -11.43051613571366 -10.976599622107397 -5.269794885041207 -3.2026634868127424 4.085323887076144 -1.710944950267947 0.2038961643661854 -7.711572949148231 -5.506455158117859 -11.03404996753427 -9.553180427400065 -3.5048984644328063 -7.8958078874321 -6.361163903340739 -10.202436836069282 -8.850122691056281 -2.5102772670769014 -11.118164815355254 -7.813590181514574 -9.628236287521723 -12.707767730598006 -12.229947680995126 -12.876243867970397 -9.774308553914395
11.122244488977955 -6.653497026112412 -10.207746016576671 -8.862692829614218 -9.125203782391313 -11.416263033319023 -10.959539276396022 -5.226050820123432 -3.14549365960918 4.168642662327266 -1.6644634353175465 0.24970687024152527 -7.677675622632425 -5.464480992762674 -11.014932354065234 -9.528274801733485 -3.4497662147499963 -7.863236592200981 -6.322131157062003 -10.181028105485783 -8.821924013950682 -2.4538343036889643 -11.102070477835984 -7.782253212023118 -9.604804788848966 -12.703995476078836 -12.22138423845754 -12.875767266101741 -9.754652077099433
11.182364729458918 -6.615761915267786 -10.18637564996288 -8.834711390061702 -9.101189804853966 -11.401881859907252 -10.942343621370618 -5.1821121462849815 -3.0880974872940747 4.252201171601048 -1.6178569589643383 0.29565553460073746 -7.64360215742973 -5.422323843209917 -10.995675964228983 -9.50322512344431 -3.3944116341334696 -7.830497700412413 -6.282916902148141 -10.159474400083912 -8.793564621430932 -2.3971637158894588 -11.085844860985397 -7.750759383064825 -9.581231897801867 -12.700125139464705 -12.21270882836979 -12.875203184270896 -9.734876176808385
11.242484969939879 -6.577846630291813 -10.164859595787004 -8.806570173296002 -9.077039139588514 -11.38737188179583 -10.925011776477405 -5.137976593567358 -3.030471965676931 4.336003421511678 -1.5711226444506283 0.34174526963015284 -7.609350787335967 -5.379981586386084 -10.976279822009715 -9.4780301795704 -3.3388318414979 -7.797589561043858 -6.2435191164776604 -10.137774620231124 -8.765043058553204 -2.3402625425981682 -11.069487148724875 -7.719107087314434 -9.557516447936898 -12.696156534500814 -12.203921016793407 -12.87455161376412 -9.714979861203314
11.302605210420841 -6.539702687375524 -10.143165614146845 -8.778230385696393 -9.052716959405682 -11.37270779450457 -10.907515639953793 -5.093589511005724 -2.9725490437209956 4.4201429630899876 -1.5242029178779855 0.3880332990238746 -7.574876637683404 -5.337401414046607 -10.956713794322354 -9.452654169434915 -3.2829608286046974 -7.764468684752292 -6.203887848203635 -10.115896345084394 -8.736320144716636 -2.2830634514173376 -11.052970221285427 -7.687254069997422 -9.533624072430591 -12.692074809553445 -12.195001175728882 -12.87380099920666 -9.694932544445702
11.362725450901802 -6.501380139590438 -10.121327396743851 -8.749732337746376 -9.028259591722314 -11.357916293267287 -10.889884721739342 -5.049007155681916 -2.9143984036655013 4.5045236088907865 -1.4771562074600726 0.43446210681988306 -7.540226091725047 -5.294637852444811 -10.937009463325442 -9.427134530368797 -3.2268662534991077 -7.73118016375683 -6.164074630175023 -10.093873450705022 -8.707436561276491 -2.2256354060982275 -11.03632263180085 -7.655244151986551 -9.509590700932886 -12.687896145333164 -12.185970295425042 -12.87296421852229 -9.674766329249245
11.422845691382765 -6.4628761980074145 -10.099343276961577 -8.721073918431852 -9.00366519258613 -11.342996183733476 -10.872117634119896 -5.0042263122481065 -2.8560158744277686 4.589150942192696 -1.4299786823011114 0.481035740694026 -7.505396598539378 -5.251687865181495 -10.917165312557497 -9.401469417259129 -3.1705441021403336 -7.697721586790284 -6.124076572801478 -10.071704258973497 -8.678390163039733 -2.167974290269754 -11.019543073821012 -7.623074986694576 -9.485414557729914 -12.683620068932731 -12.176827575863046 -12.872041031212136 -9.654479680677
11.482965931863728 -6.424142154217289 -10.077180841244147 -8.692216139678699 -8.978898797114176 -11.327922015906058 -10.8541861165895 -4.95919207517928 -2.7973330954974784 4.674118770131341 -1.3826127426982278 0.5278114837580508 -7.470343053723767 -5.208498420669198 -10.897151046497832 -9.375622871275635 -3.1139280634287236 -7.664049258232894 -6.083843494398877 -10.049356174871065 -8.649141568785499 -2.110012456458481 -11.002604278595154 -7.59070413988244 -9.461061119698488 -12.679231641151796 -12.16755327465746 -12.871019815995533 -9.634041911351918
11.543086172344688 -6.385228608834375 -10.054874150829054 -8.663199754011313 -8.953997087971324 -11.312720772123424 -10.83612000104651 -4.913961327677479 -2.738420533680337 4.759329950828659 -1.335117269257697 0.5747313193574901 -7.43511236450176 -5.165124628762893 -10.876998589550048 -9.349632716258231 -3.0570865587667417 -7.630208763386645 -6.043427492238784 -10.026863446025924 -8.619731910707689 -2.051819653706204 -10.98553510492474 -7.558175886382212 -9.436566687074617 -12.674747190520355 -12.158168594222117 -12.8699135511237 -9.61348541190537
11.603206412825651 -6.346131733486793 -10.032420832336104 -8.634021809374417 -8.928957466687688 -11.297390694146667 -10.817917278020577 -4.868529687718627 -2.679272575675906 4.844792017105292 -1.2874872561275015 0.621800452447975 -7.399701012807108 -5.121562326774022 -10.856705762177434 -9.323496330437361 -3.0000141739494635 -7.596196754556954 -6.002824607208801 -10.00422368386955 -8.590158194155588 -1.993390337523735 -10.968333645572113 -7.525486970208135 -9.411928736084825 -12.670165897174018 -12.148672288514229 -12.868721717680687 -9.592807982610534
11.663326653306612 -6.3068038634511225 -10.009789148417738 -8.604644142256461 -8.903745745275415 -11.28190685711811 -10.799550271168421 -4.822843422843049 -2.619822323736205 4.930596596009164 -1.2396665558981463 0.6690747646281605 -7.36406484014853 -5.077759640760359 -10.836242901985404 -9.297178539826174 -2.942646015255115 -7.561970470667327 -5.961985733950819 -9.981404973768697 -8.56038186621463 -1.9346582996581851 -10.950973200643865 -7.492595884775444 -9.387113492299708 -12.665473134589307 -12.13904502468713 -12.867432943469977 -9.571979639485644
11.723446893787575 -6.267292842297483 -9.987011317354373 -8.5751052934042 -8.878396580767376 -11.266294785634372 -10.781047200876923 -4.7769563217968445 -2.560136408504796 5.016651938079055 -1.1917106477418211 0.7164995559369349 -7.328248214575528 -5.033768666569824 -10.81564020499026 -9.270715100822954 -2.8850467827763038 -7.527573018975457 -5.920960130726982 -9.958439710185 -8.530441830047586 -1.875689500588269 -10.933481066925843 -7.459544475433084 -9.362155271087484 -12.660684340340412 -12.129306855649185 -12.866059491003535 -9.551030966972185
11.783567134268537 -6.227599326390578 -9.96408795918832 -8.545405906896395 -8.85291060219565 -11.250555076857403 -10.762408670187629 -4.730869054701144 -2.500215496910947 5.1029569240732515 -1.143619802953157 0.7640747974486364 -7.292251771762957 -4.989590128325418 -10.794898291833423 -9.244106717976159 -2.827217157167834 -7.493005082293409 -5.879748458157206 -9.935328514722066 -8.500338722269234 -1.8164846117187317 -10.915857860722475 -7.426333397774947 -9.337054739370334 -12.655800087996363 -12.119458368811385 -12.864601931458813 -9.529962603715507
11.843687374749498 -6.187673749177911 -9.940986041199356 -8.515506278796057 -8.827252274435882 -11.234661776078347 -10.743605863941585 -4.684525746242239 -2.439990035437063 5.189606659393495 -1.0953358732103697 0.8118583915630464 -7.256029569611713 -4.945170103080464 -10.77398628802155 -9.217316815089262 -2.769089665197779 -7.458222186461538 -5.838299653596746 -9.912038170652924 -8.470032430178396 -1.7569747878206243 -10.898075786595971 -7.392919501773285 -9.311776771743432 -12.650805137053938 -12.109479426936803 -12.863048413148695 -9.508743399956519
11.90380761523046 -6.147564326206929 -9.917738034553398 -8.485445251286095 -8.801456485613173 -11.21864060390763 -10.724667223062614 -4.637980612893148 -2.379527192369899 5.27650878214853 -1.0469146007513248 0.8597953246411518 -7.219626337215204 -4.900561078556599 -10.752934622903833 -9.190381405218766 -2.7107295304793877 -7.423267773822901 -5.796663358797609 -9.88860132668174 -8.439562165718026 -1.6972265299053468 -10.880162349150773 -7.359344934626222 -9.286355930010615 -12.645715020843936 -12.09939022512806 -12.861411259197604 -9.487404119914178
11.963927855711422 -6.107267853936715 -9.894341963953508 -8.45522036232671 -8.77552108028448 -11.202490104331702 -10.705591078367469 -4.591229982105843 -2.3188222473174847 5.363669530472223 -0.9983517997994258 0.9078899822124389 -7.183039127691544 -4.85575958340187 -10.731741486808232 -9.163298323766693 -2.6521322046868545 -7.388139055347833 -5.754836260024927 -9.865015994957052 -8.408925428401623 -1.6372351758007397 -10.862115970067983 -7.32560698290591 -9.260790124128988 -12.640529080490433 -12.08918974316475 -12.859690067560921 -9.465942953538207
