web/models/kne/10/mosfit_kn_0.001000_0.4373_10.0000.dat
# %ECSV 1.0
# ---
# datatype:
# - {name: time, datatype: float64}
# - {name: PS1_g, datatype: float64}
# - {name: PS1_i, datatype: float64}
# - {name: PS1_r, datatype: float64}
# - {name: PS1_w, datatype: float64}
# - {name: PS1_y, datatype: float64}
# - {name: PS1_z, datatype: float64}
# - {name: swift_uvot_B, datatype: float64}
# - {name: swift_uvot_U, datatype: float64}
# - {name: swift_uvot_uvm2, datatype: float64}
# - {name: swift_uvot_uvw1, datatype: float64}
# - {name: swift_uvot_uvw2, datatype: float64}
# - {name: swift_uvot_V, datatype: float64}
# - {name: johnson_B, datatype: float64}
# - {name: johnson_I, datatype: float64}
# - {name: johnson_R, datatype: float64}
# - {name: johnson_U, datatype: float64}
# - {name: johnson_V, datatype: float64}
# - {name: sdss_g, datatype: float64}
# - {name: sdss_i, datatype: float64}
# - {name: sdss_r, datatype: float64}
# - {name: sdss_u, datatype: float64}
# - {name: sdss_z, datatype: float64}
# - {name: ATLAS_c, datatype: float64}
# - {name: ATLAS_o, datatype: float64}
# - {name: ukirt_H, datatype: float64}
# - {name: ukirt_J, datatype: float64}
# - {name: ukirt_K, datatype: float64}
# - {name: Clear, datatype: float64}
# meta: !!omap
# - comment: [kappa = 10.0, type = rprocess, mass = 0.001, velocity = 0.4373333333333333, theta_obs = 0.0, tfloor = 1000.0]
# schema: astropy-2.0
time PS1_g PS1_i PS1_r PS1_w PS1_y PS1_z swift_uvot_B swift_uvot_U swift_uvot_uvm2 swift_uvot_uvw1 swift_uvot_uvw2 swift_uvot_V johnson_B johnson_I johnson_R johnson_U johnson_V sdss_g sdss_i sdss_r sdss_u sdss_z ATLAS_c ATLAS_o ukirt_H ukirt_J ukirt_K Clear
[from data line 267]
16.112224448897795 17.428013631904307 8.54618481870503 12.021255596742861 10.053331785238875 5.022994770179761 6.440670735026899 20.967920208468783 27.626864306363707 41.515459610392874 23.592446838438253 26.105463344917904 15.387530324775092 19.763982891502586 6.992671512283079 9.962704279008062 26.595863127111954 14.432507989606338 18.240553733218743 8.627440770818016 12.249744256239303 28.127969836538533 5.867243123004897 14.000332166485503 9.547919641875726 0.07400739226426523 2.2234966877539555 -1.2862812882089059 7.767437741477536
16.172344689378757 17.446647554254806 8.564818741055529 12.03988951909336 10.071965707589374 5.04162869253026 6.459304657377398 20.986554130819286 27.645498228714203 41.53409353274338 23.611080760788756 26.124097267268407 15.406164247125592 19.782616813853085 7.011305434633578 9.981338201358561 26.614497049462454 14.451141911956837 18.259187655569242 8.646074693168515 12.268378178589803 28.14660375888903 5.885877045355397 14.018966088836002 9.566553564226226 0.09264131461476466 2.242130610104455 -1.2676473658584064 7.786071663828036
16.23246492985972 17.46521707948789 8.583388266288612 12.058459044326444 10.090535232822457 5.060198217763343 6.477874182610481 21.00512365605237 27.664067753947286 41.55266305797646 23.629650286021846 26.14266679250149 15.424733772358675 19.801186339086186 7.029874959866661 9.999907726591644 26.633066574695537 14.46971143718992 18.277757180802325 8.664644218401598 12.286947703822886 28.165173284122112 5.90444657058848 14.037535614069085 9.585123089459309 0.11121083984784774 2.260700135337538 -1.2490778406253233 7.804641189061119
16.29258517034068 17.483722639232813 8.601893826033535 12.076964604071385 10.109040792567399 5.078703777508267 6.496379742355405 21.0236292157973 27.68257331369222 41.57116861772139 23.64815584576677 26.16117235224642 15.443239332103598 19.81969189883111 7.048380519611585 10.018413286336585 26.65157213444047 14.488216996934861 18.296262740547267 8.683149778146522 12.30545326356781 28.183678843867046 5.922952130333403 14.056041173814027 9.603628649204232 0.12971639959278902 2.2792056950824793 -1.2305722808803998 7.823146748806042
16.352705410821642 17.502164660148445 8.62033584694915 12.095406624987 10.127482813483013 5.097145798423899 6.514821763271019 21.04207123671292 27.701015334607835 41.589610638637005 23.66659786668239 26.179614373162043 15.46168135301923 19.838133919746724 7.066822540527199 10.0368553072522 26.670014155356085 14.506659017850476 18.31470476146288 8.701591799062154 12.323895284483424 28.20212086478266 5.941394151249035 14.074483194729641 9.622070670119847 0.14815842050840344 2.2976477159980937 -1.2121302599647676 7.841588769721675
16.412825651302605 17.52054356226454 8.638714749065262 12.113785527103094 10.145861715599107 5.115524700539993 6.533200665387131 21.06045013882902 27.719394236723936 41.60798954075311 23.684976768798496 26.197993275278147 15.480060255135324 19.856512821862836 7.085201442643311 10.055234209368312 26.688393057472187 14.52503791996657 18.333083663578975 8.719970701178248 12.342274186599536 28.22049976689876 5.959773053365129 14.092862096845735 9.640449572235958 0.1665373226244975 2.3160266181141878 -1.1937513578486736 7.859967671837769
16.472945891783567 17.538859762951784 8.657030949752489 12.132101727790339 10.164177916286352 5.133840901227238 6.551516866074358 21.078766339516264 27.737710437411174 41.626305741440355 23.703292969485734 26.216309475965385 15.49837645582257 19.874829022550063 7.103517643330556 10.073550410055539 26.70670925815943 14.543354120653815 18.35139986426622 8.738286901865493 12.36059038728678 28.238815967586 5.9780892540523745 14.11117829753298 9.658765772923203 0.18485352331174254 2.334342818801433 -1.1754351571614285 7.878283872525014
16.53306613226453 17.5571136803128 8.675284867113504 12.150355645151354 10.182431833647367 5.152094818588253 6.569770783435374 21.09702025687728 27.75596435477219 41.64455965880136 23.72154688684675 26.2345633933264 15.516630373183585 19.89308293991108 7.1217715606915535 10.091804327416554 26.724963175520447 14.56160803801483 18.369653781627235 8.756540819226508 12.378844304647778 28.257069884947015 5.99634317141339 14.129432214893995 9.677019690284219 0.20310744067275777 2.352596736162448 -1.1571812398004133 7.896537789886029
16.59318637274549 17.57530572630314 8.693476913103861 12.168547691141711 10.200623879637725 5.17028686457861 6.587962829425731 21.115212302867626 27.774156400762546 41.66275170479172 23.739738932837103 26.252755439316747 15.534822419173942 19.911274985901436 7.139963606681911 10.109996373406911 26.743155221510797 14.579800084005187 18.387845827617593 8.774732865216848 12.397036350638135 28.275261930937372 6.014535217403729 14.147624260884353 9.695211736274558 0.22129948666311505 2.3707887821528053 -1.1389891938100738 7.914729835876386
16.65330661322645 17.593436307604904 8.711607494405627 12.186678272443459 10.21875446093949 5.188417445880358 6.606093410727496 21.13334288416939 27.792286982064304 41.680882286093485 23.75786951413886 26.270886020618512 15.55295300047569 19.9294055672032 7.158094187983676 10.128126954708677 26.76128580281256 14.597930665306952 18.405976408919358 8.792863446518613 12.4151669319399 28.29339251223913 6.032665798705494 14.165754842186118 9.713342317576323 0.23943006796486244 2.3889193634545527 -1.1208586125083086 7.932860417178134
16.713426853707414 17.611505821595657 8.729677008396362 12.204747786434211 10.236823974930225 5.2064869598711105 6.624162924718231 21.151412398160133 27.810356496055046 41.698951800084224 23.775939028129603 26.288955534609254 15.571022514466442 19.947475081193936 7.176163701974429 10.146196468699411 26.779355316803304 14.616000179297687 18.424045922910093 8.810932960509366 12.433236445930653 28.311462026229872 6.050735312696247 14.183824356176853 9.731411831567076 0.2574995819556152 2.4069888774453054 -1.102789098517556 7.950929931168886
16.773547094188377 17.6295146705308 8.747685857331504 12.222756635369354 10.254832823865367 5.224495808806253 6.642171773653374 21.16942124709528 27.828365344990196 41.71696064901937 23.79394787706475 26.3069643835444 15.589031363401585 19.96548393012908 7.194172550909571 10.164205317634554 26.797364165738447 14.63400902823283 18.442054771845235 8.828941809444508 12.451245294865796 28.329470875165022 6.06874416163139 14.201833205111996 9.749420680502219 0.2755084308907578 2.424997726380448 -1.0847802495824133 7.968938780104029
16.83366733466934 17.64746324844813 8.765634435248852 12.240705213286684 10.272781401782698 5.242444386723584 6.660120351570722 21.18736982501261 27.846313922907527 41.7349092269367 23.81189645498208 26.32491296146173 15.606979941318915 19.98343250804641 7.212121128826902 10.182153895551885 26.815312743655777 14.65195760615016 18.460003349762566 8.846890387361839 12.469193872783126 28.347419453082352 6.08669273954872 14.219781783029326 9.76736925841955 0.29345700880808834 2.4429463042977786 -1.0668316716650827 7.9868873580213595
16.8937875751503 17.66535194934729 8.783523136148013 12.258593914185845 10.290670102681858 5.260333087622744 6.678009052469882 21.205258525911766 27.86420262380669 41.752797927835864 23.829785155881247 26.342801662360888 15.624868642218075 20.001321208945587 7.230009829726062 10.200042596451045 26.833201444554938 14.66984630704932 18.477892050661726 8.864779088260999 12.487082573682287 28.365308153981516 6.10458144044788 14.237670483928486 9.78525795931871 0.3113457097072485 2.4608350051969388 -1.0489429707659226 8.00477605892052
16.95390781563126 17.68318116160218 8.801352348402904 12.276423126440754 10.308499314936768 5.278162299877653 6.695838264724774 21.22308773816667 27.88203183606159 41.77062714009076 23.847614368136146 26.36063087461579 15.642697854472985 20.01915042120048 7.247839041980954 10.217871808705954 26.85103065680984 14.68767551930423 18.495721262916636 8.88260830051589 12.504911785937178 28.383137366236415 6.122410652702772 14.255499696183396 9.803087171573601 0.32917492196215803 2.4786642174518483 -1.0311137585110308 8.02260527117543
17.014028056112224 17.700951265674032 8.819122452474755 12.294193230512587 10.326269419008618 5.295932403949486 6.713608368796624 21.24085784223852 27.89980194013343 41.78839724416261 23.86538447220799 26.37840097868764 15.660467958544817 20.03692052527233 7.265609146052804 10.235641912777805 26.86880076088169 14.705445623376063 18.513491366988486 8.900378404587741 12.522681890009029 28.400907470308255 6.1401807567746225 14.273269800255246 9.820857275645452 0.3469450260339906 2.496434321523681 -1.0133436544391805 8.040375375247262
17.074148296593187 17.718662641967118 8.836833828767823 12.311904606805673 10.343980795301686 5.313643780242572 6.731319745089692 21.258569218531598 27.917513316426508 41.80610862045568 23.883095848501068 26.39611235498072 15.678179334837903 20.054631901565397 7.283320522345872 10.253353289070873 26.886512137174766 14.723156999669149 18.531202743281554 8.918089780880827 12.540393266302097 28.418618846601333 6.157892133067708 14.290981176548314 9.838568651938537 0.3646564023270764 2.5141456978167667 -0.9956322781460947 8.058086751540348
17.13426853707415 17.736315672297245 8.854486859097968 12.3295576371358 10.361633825631813 5.331296810572699 6.748972775419837 21.27622224886172 27.935166346756645 41.82376165078582 23.9007488788312 26.413765385310853 15.69583236516803 20.072284931895542 7.300973552676017 10.271006319401017 26.904165167504893 14.740810029999276 18.54885577361168 8.935742811210954 12.558046296632241 28.43627187693147 6.175545163397835 14.308634206878441 9.856221682268664 0.3823094326572034 2.5317987281468937 -0.9779792478159677 8.075739781870475
17.19438877755511 17.753910727903843 8.872081914704548 12.347152692742398 10.379228881238411 5.348891866179297 6.766567831026418 21.29381730446832 27.952761402363233 41.8413567063924 23.91834393443779 26.43136044091744 15.713427420774629 20.089879987502123 7.318568608282598 10.288601375007598 26.92176022311149 14.758405085605874 18.56645082921828 8.953337866817552 12.575641352238822 28.45386693253806 6.193140219004434 14.32622926248504 9.873816737875263 0.39990448826380187 2.549393783753492 -0.9603841922093692 8.093334837477073
17.25450901803607 17.771448175422364 8.889619362223069 12.364690140260919 10.396766328756932 5.366429313697818 6.7841052785449385 21.31135475198684 27.970298849881754 41.858894153910924 23.93588138195631 26.448897888435962 15.73096486829315 20.107417435020643 7.336106055801118 10.306138822526119 26.939297670630005 14.775942533124395 18.5839882767368 8.970875314336073 12.593178799757343 28.47140438005658 6.210677666522955 14.34376671000356 9.891354185393784 0.4174419357823227 2.566931231272013 -0.9428467446908484 8.110872284995594
17.314629258517034 17.78892838640413 8.907099573204853 12.382170351242685 10.414246539738699 5.383909524679584 6.8015854895267225 21.328834962968607 27.98777906086353 41.876374364892705 23.953361592938087 26.466378099417728 15.748445079274916 20.124897646002427 7.353586266782902 10.323619033507885 26.956777881611778 14.793422744106161 18.601468487718567 8.98835552531784 12.610659010739127 28.488884591038357 6.228157877504721 14.361246920985327 9.90883439637555 0.4349221467640889 2.584411442253779 -0.9253665337090822 8.12835249597736
17.374749498997996 17.806351722262512 8.924522909063235 12.399593687101067 10.43166987559708 5.401332860537966 6.8190088253851044 21.34625829882699 28.005202396721913 41.89379770075109 23.97078492879647 26.48380143527611 15.765868415133298 20.14232098186081 7.371009602641284 10.341042369366267 26.97420121747016 14.810846079964543 18.61889182357695 9.005778861176221 12.628082346597509 28.50630792689674 6.245581213363103 14.378670256843709 9.926257732233932 0.4523454826224709 2.601834778112161 -0.9079431978507002 8.145775831835742
17.43486973947896 17.823718542279536 8.941889729080259 12.416960507118109 10.449036695614122 5.418699680555008 6.8363756454021285 21.363625118844023 28.022569216738944 41.91116452076812 23.988151748813504 26.501168255293155 15.78323523515034 20.159687801877833 7.388376422658308 10.358409189383309 26.99156803748719 14.828212899981585 18.63625864359399 9.023145681193245 12.645449166614533 28.52367474691377 6.262948033380127 14.39603707686075 9.943624552250956 0.4697123026395127 2.619201598129203 -0.8905763778336762 8.163142651852784
17.494989979959918 17.84102920396302 8.959200390763744 12.434271168801576 10.466347357297607 5.436010342238475 6.8536863070856135 21.38093578052751 28.03987987842242 41.92847518245159 24.00546241049698 26.51847891697663 15.800545896833807 20.17699846356132 7.4056870843417935 10.375719851066794 27.00887869917067 14.845523561665052 18.653569305277458 9.04045634287673 12.662759828298018 28.540985408597244 6.280258695063612 14.413347738544218 9.960935213934441 0.48702296432298 2.6365122598126702 -0.8732657161501911 8.180453313536251
17.55511022044088 17.85828405964004 8.976455246440764 12.451526024478614 10.483602212974628 5.453265197915513 6.870941162762634 21.39819063620453 28.05713473409945 41.94573003812862 24.02271726617401 26.53573377265366 15.817800752510845 20.19425331923834 7.422941940018814 10.392974706743814 27.026133554847696 14.86277841734209 18.670824160954496 9.05771119855375 12.680014683975038 28.558240264274275 6.297513550740632 14.430602594221256 9.978190069611461 0.504277820000018 2.6537671154897082 -0.8560108604731709 8.19770816921329
17.615230460921843 17.875483461561714 8.993654648362437 12.468725426400269 10.5008016148963 5.470464599837168 6.888140564684306 21.4153900381262 28.074334136021115 41.962929440050296 24.03991666809567 26.552933174575323 15.8350001544325 20.21145272116001 7.440141341940486 10.410174108665487 27.04333295676937 14.879977819263763 18.688023562876168 9.074910600475423 12.69721408589671 28.57543966619594 6.314712952662305 14.447801996142928 9.995389471533134 0.5214772219216728 2.670966517411363 -0.8388114585514983 8.214907571134944
17.675350701402806 17.89262775733892 9.010798944139644 12.485869722177476 10.517945910673507 5.487608895614375 6.905284860461514 21.43253433390341 28.091478431798322 41.980073735827496 24.05706096387288 26.57007747035253 15.852144450209707 20.22859701693722 7.4572856377176935 10.427318404442694 27.060477252546576 14.897122115040952 18.705167858653375 9.09205489625263 12.714358381673918 28.592583961973148 6.331857248439512 14.464946291920135 10.012533767310341 0.53862151769888 2.6881108131885703 -0.8216671627742911 8.232051866912151
17.73547094188377 17.909717286025142 9.027888472825865 12.502959250863697 10.53503543935971 5.504698424300596 6.922374389147734 21.44962386258962 28.108567960484542 41.99716326451371 24.074150492559088 26.58716699903874 15.869233978895927 20.24568654562342 7.474375166403914 10.444407933128897 27.07756678123279 14.914211643727173 18.722257387339578 9.109144424938851 12.731447910360139 28.609673490659368 6.348946777125732 14.482035820606338 10.029623295996561 0.5557110463851005 2.7052003418747907 -0.8045776340880706 8.249141395598372
17.795591182364728 17.926752390179068 9.044923576979773 12.519994355017623 10.552070543513636 5.521733528454522 6.939409493301643 21.466658966743545 28.125603064638458 42.01419836866764 24.091185596713014 26.604202103192666 15.886269083049854 20.262721649777347 7.49141027055784 10.461443037282823 27.094601885386716 14.931246747881099 18.739292491493504 9.126179529092777 12.748483014514065 28.626708594813284 6.365981881279659 14.499070924760264 10.046658400150488 0.5727461505390268 2.722235446028717 -0.7875425299341443 8.266176499752298
