web/models/kne/10/mosfit_kn_0.009764_0.3903_0.5000.dat
# %ECSV 1.0
# ---
# datatype:
# - {name: time, datatype: float64}
# - {name: PS1_g, datatype: float64}
# - {name: PS1_i, datatype: float64}
# - {name: PS1_r, datatype: float64}
# - {name: PS1_w, datatype: float64}
# - {name: PS1_y, datatype: float64}
# - {name: PS1_z, datatype: float64}
# - {name: swift_uvot_B, datatype: float64}
# - {name: swift_uvot_U, datatype: float64}
# - {name: swift_uvot_uvm2, datatype: float64}
# - {name: swift_uvot_uvw1, datatype: float64}
# - {name: swift_uvot_uvw2, datatype: float64}
# - {name: swift_uvot_V, datatype: float64}
# - {name: johnson_B, datatype: float64}
# - {name: johnson_I, datatype: float64}
# - {name: johnson_R, datatype: float64}
# - {name: johnson_U, datatype: float64}
# - {name: johnson_V, datatype: float64}
# - {name: sdss_g, datatype: float64}
# - {name: sdss_i, datatype: float64}
# - {name: sdss_r, datatype: float64}
# - {name: sdss_u, datatype: float64}
# - {name: sdss_z, datatype: float64}
# - {name: ATLAS_c, datatype: float64}
# - {name: ATLAS_o, datatype: float64}
# - {name: ukirt_H, datatype: float64}
# - {name: ukirt_J, datatype: float64}
# - {name: ukirt_K, datatype: float64}
# - {name: Clear, datatype: float64}
# meta: !!omap
# - comment: [kappa = 0.5, type = rprocess, mass = 0.009763877790252312, velocity = 0.3903333333333333, theta_obs = 0.0, tfloor = 1000.0]
# schema: astropy-2.0
time PS1_g PS1_i PS1_r PS1_w PS1_y PS1_z swift_uvot_B swift_uvot_U swift_uvot_uvm2 swift_uvot_uvw1 swift_uvot_uvw2 swift_uvot_V johnson_B johnson_I johnson_R johnson_U johnson_V sdss_g sdss_i sdss_r sdss_u sdss_z ATLAS_c ATLAS_o ukirt_H ukirt_J ukirt_K Clear
[from data line 116]
7.034068136272545 8.357357608382046 -0.5244712048172318 2.950599573220618 0.9826757617166315 -4.047661253342483 -2.6299852884953623 11.897264184946533 18.556208282841453 32.44480358687063 14.521790814916002 17.034807321395654 6.316874301252848 10.693326867980343 -2.0779845112391824 0.8920482554858176 17.52520710358971 5.361851966084095 9.1698977096965 -0.44321525270424544 3.179088232717042 19.05731381301628 -3.203412900517364 4.92967614296326 0.4772636183534651 -8.996648631257978 -6.847159335768287 -10.356937311731167 -1.3032182820447247
7.0941883767535066 8.378039471905847 -0.503789341293448 2.971281436744402 1.0033576252404153 -4.026979389818699 -2.6093034249715785 11.917946048470334 18.576890146365237 32.46548545039442 14.542472678439804 17.055489184919455 6.337556164776632 10.714008731504126 -2.057302647715381 0.9127301190096013 17.545888967113495 5.382533829607879 9.190579573220283 -0.4225333891804439 3.1997700962408437 19.077995676540063 -3.1827310369935624 4.950358006487043 0.4979454818772666 -8.975966767734194 -6.826477472244504 -10.336255448207366 -1.2825364185209231
7.154308617234468 8.398560584196986 -0.48326822900230937 2.9918025490355404 1.023878737531554 -4.00645827752756 -2.58878231268044 11.938467160761455 18.597411258656376 32.486006562685546 14.562993790730925 17.076010297210576 6.35807727706777 10.734529843795265 -2.03678153542426 0.93325123130074 17.566410079404633 5.4030549418990175 9.211100685511422 -0.4020122768893053 3.2202912085319646 19.0985167888312 -3.162209924702424 4.970879118778182 0.5184665941683875 -8.955445655443055 -6.805956359953365 -10.315734335916227 -1.2620153062297845
7.214428857715431 8.418923821174626 -0.4629049920246686 3.012165786013181 1.0442419745091946 -3.9860950405499196 -2.568419075702799 11.958830397739096 18.617774495634016 32.50636979966319 14.583357027708566 17.096373534188217 6.378440514045411 10.754893080772906 -2.0164182984466192 0.9536144682783807 17.586773316382274 5.423418178876658 9.231463922489063 -0.38164903991166454 3.2406544455096054 19.118880025808842 -3.141846687724783 4.991242355755823 0.538829831146046 -8.935082418465415 -6.785593122975724 -10.295371098938586 -1.2416520692521438
7.274549098196393 8.43913203651196 -0.4426967766873169 3.032374001350533 1.0644501898465464 -3.965886825212568 -2.5482108603654474 11.979038613076447 18.637982710971368 32.52657801500054 14.603565243045917 17.11658174952557 6.398648729382763 10.775101296110257 -1.9962100831092675 0.9738226836157324 17.606981531719626 5.44362639421401 9.251672137826414 -0.3614408245743306 3.260862660846957 19.139088241146194 -3.121638472387449 5.0114505710931745 0.55903804648338 -8.914874203128063 -6.7653849076383725 -10.275162883601253 -1.221443853914792
7.3346693386773545 8.459188040500614 -0.4226407726986636 3.052430005339186 1.0845061938351996 -3.9458308212239146 -2.528154856376794 11.9990946170651 18.65803871496002 32.546634018989195 14.62362124703457 17.136637753514222 6.418704733371416 10.79515730009891 -1.9761540791206142 0.9938786876043857 17.62703753570828 5.463682398202663 9.271728141815068 -0.3413848205856773 3.2809186648356103 19.159144245134847 -3.101582468398796 5.031506575081828 0.5790940504720332 -8.89481819913941 -6.745328903649719 -10.2551068796126 -1.2013878499261388
7.394789579158316 8.479094578675728 -0.4027342345235496 3.0723365435142824 1.1044127320102959 -3.9259242830488184 -2.50824831820168 12.019001155240215 18.677945253135118 32.566540557164295 14.643527785209685 17.156544291689336 6.438611271546512 10.815063838274025 -1.9562475409455002 1.0137852257794997 17.646944073883375 5.4835889363777595 9.291634679990164 -0.3214782824105633 3.3008252030107244 19.179050783309943 -3.081675930223682 5.051413113256924 0.5990005886471472 -8.874911660964313 -6.725422365474623 -10.235200341437485 -1.1814813117510425
7.454909819639278 8.498854377465115 -0.38297443573416245 3.0920963423036874 1.1241725307997008 -3.9061644842594134 -2.488488519412293 12.038760954029602 18.697705051924522 32.586300355953696 14.663287583999072 17.176304090478723 6.458371070335917 10.834823637063412 -1.936487742156113 1.0335450245688869 17.66670387267278 5.503348735167164 9.311394478779569 -0.30171848362117615 3.3205850018001115 19.198810582099348 -3.0619161314342946 5.071172912046329 0.6187603874365344 -8.855151862174909 -6.705662566685218 -10.215440542648098 -1.1617215129616376
7.51503006012024 8.518479072754772 -0.3633497404445052 3.1117210375933446 1.143797226089358 -3.886539788969756 -2.4688638241226357 12.05838564931926 18.71732974721418 32.605925051243354 14.682912279288729 17.19592878576838 6.477995765625574 10.85444833235307 -1.9168630468664558 1.0531697198585441 17.686328567962438 5.522973430456822 9.331019174069226 -0.2820937883315189 3.340209697089769 19.218435277389005 -3.0422914361446196 5.090797607335986 0.6383850827261917 -8.835527166885251 -6.686037871395561 -10.195815847358423 -1.1420968176719803
7.575150300601202 8.537946082093502 -0.3438827311057935 3.1311880469320563 1.1632642354280698 -3.8670727796310445 -2.449396814783924 12.077852658657989 18.73679675655289 32.62539206058207 14.702379288627458 17.21539579510711 6.497462774964286 10.87391534169178 -1.8973960375277263 1.0726367291972558 17.70579557730115 5.542440439795533 9.350486183407938 -0.2626267789927894 3.3596767064284982 19.237902286727717 -3.022824426805908 5.110264616674698 0.6578520920649211 -8.81606015754654 -6.666570862056849 -10.176348838019711 -1.1226298083332686
7.635270541082164 8.557280129778402 -0.3245486834208755 3.1505220946169743 1.1825982831129878 -3.8477387319461265 -2.430062767099006 12.097186706342889 18.75613080423781 32.64472610826698 14.721713336312359 17.23472984279201 6.516796822649204 10.893249389376699 -1.8780619898428261 1.0919707768821738 17.725129624986067 5.561774487480451 9.369820231092856 -0.2432927313078892 3.3790107541133985 19.257236334412635 -3.0034903791210077 5.129598664359616 0.6771861397498213 -8.796726109861622 -6.647236814371931 -10.157014790334793 -1.1032957606483507
7.695390781563126 8.576479018667662 -0.30534979453161526 3.1697209835062345 1.201797172002248 -3.8285398430568662 -2.410863878209746 12.116385595232149 18.77532969312707 32.66392499715624 14.740912225201619 17.25392873168127 6.535995711538464 10.912448278265959 -1.8588631009535659 1.111169665771434 17.744328513875328 5.580973376369712 9.389019119982116 -0.2240938424186112 3.3982096430026587 19.276435223301895 -2.9842914902317297 5.148797553248876 0.6963850286390816 -8.777527220972361 -6.628037925482671 -10.137815901445533 -1.0840968717590904
7.755511022044088 8.59554435843286 -0.28628445476641673 3.1887863232714153 1.2208625117674288 -3.8094745032916855 -2.3917985384445473 12.135450934997348 18.79439503289225 32.68299033692143 14.759977564966817 17.27299407144647 6.555061051303645 10.931513618031158 -1.8397977611883674 1.1302350055366326 17.76339385364051 5.600038716134892 9.408084459747297 -0.20502850265343042 3.4172749827678572 19.295500563067076 -2.965226150466549 5.167862893014057 0.7154503684042801 -8.75846188120718 -6.60897258571749 -10.118750561680352 -1.0650315319939097
7.8156312625250495 8.61447846948833 -0.2673503437109481 3.207720434326884 1.2397966228229151 -3.790540392236217 -2.3728644273890787 12.154385046052816 18.813329143947737 32.70192444797691 14.778911676022286 17.291928182501938 6.573995162359114 10.950447729086626 -1.8208636501328987 1.1491691165921012 17.782327964695977 5.618972827190379 9.427018570802783 -0.18609439159796182 3.436209093823326 19.314434674122563 -2.9462920394110803 5.186797004069543 0.7343844794597487 -8.739527770151694 -6.5900384746620215 -10.099816450624884 -1.046097420938441
7.875751503006012 8.633283768448266 -0.2485450447510118 3.2265257332868202 1.2586019217828337 -3.7717350932762805 -2.3540591284291423 12.173190345012753 18.832134442907655 32.72072974693683 14.797716974982222 17.310733481461874 6.59280046131905 10.969253028046563 -1.8020583511729624 1.1679744155520375 17.801133263655913 5.637778126150297 9.445823869762702 -0.1672890926380255 3.455014392783262 19.33323997308248 -2.927486740451144 5.205602303029462 0.753189778419685 -8.720722471191776 -6.571233175702085 -10.081011151664947 -1.0272921219785047
7.935871743486974 8.651962679194671 -0.22986613400460598 3.245204644033226 1.2772808325292395 -3.7530561825298747 -2.3353802176827365 12.191869255759158 18.85081335365406 32.73940865768324 14.816395885728628 17.32941239220828 6.611479372065456 10.987931938792968 -1.7833794404265566 1.1866533262984256 17.81981217440232 5.656457036896703 9.464502780509108 -0.14861018189161967 3.473693303529668 19.351918883828887 -2.908807829704738 5.224281213775868 0.7718686891660909 -8.70204356044537 -6.552554264955679 -10.062332240918542 -1.008613211232099
7.995991983967936 8.670517586500157 -0.21131122669912017 3.2637595513387296 1.295835739834743 -3.734501275224371 -2.3168253103772507 12.210424163064644 18.869368260959565 32.757963564988735 14.834950793034114 17.347967299513765 6.630034279370942 11.006486846098454 -1.7648245331210708 1.2052082336039291 17.838367081707823 5.675011944202207 9.483057687814611 -0.13005527458613386 3.492248210835154 19.37047379113439 -2.8902529223992524 5.242836121081371 0.7904235964715767 -8.683488653139866 -6.533999357650176 -10.043777333613056 -0.9900583039266131
8.056112224448897 8.688950844794228 -0.19287796840504967 3.2821928096328 1.3142689981288136 -3.7160680169303006 -2.29839205208318 12.228857421358715 18.887801519253635 32.77639682328281 14.853384051328185 17.366400557807836 6.64846753766503 11.024920104392525 -1.7463912748270003 1.2236414918979996 17.856800340001893 5.693445202496277 9.501490946108682 -0.11162201629206336 3.5106814691292243 19.38890704942846 -2.871819664105164 5.261269379375442 0.8088568547656472 -8.665055394845796 -6.515566099356105 -10.025344075318968 -0.9716250456325248
8.11623246492986 8.707264790491305 -0.17456402270799032 3.3005067553298595 1.332582943825873 -3.6977540712332413 -2.280078106386121 12.247171367055774 18.906115464950695 32.794710768979876 14.871697997025262 17.384714503504895 6.666781483362089 11.043234050089584 -1.728077329129941 1.241955437595059 17.875114285698952 5.7117591481933365 9.519804891805741 -0.09330807059498625 3.5289954148263014 19.40722099512552 -2.8535057184081047 5.279583325072501 0.8271708004627243 -8.646741449148736 -6.497252153659046 -10.007030129621908 -0.9533110999354655
8.176352705410821 8.72546171160188 -0.1563671015974144 3.3187036764404354 1.3507798649364489 -3.6795571501226654 -2.261881185275545 12.26536828816635 18.92431238606127 32.81290769009045 14.889894918135838 17.40291142461547 6.684978404472665 11.06143097120016 -1.709880408019365 1.260152358705635 17.89331120680953 5.729956069303912 9.538001812916317 -0.07511114948441033 3.5471923359368773 19.425417916236096 -2.835308797297529 5.297780246183077 0.8453677215733002 -8.62854452803816 -6.47905523254847 -9.988833208511332 -0.9351141788248896
8.236472945891784 8.74354387336842 -0.13828493983087498 3.336785838206975 1.3688620267029883 -3.661474988356126 -2.2437990235090055 12.28345044993289 18.94239454782781 32.830989851856984 14.90797707990236 17.42099358638201 6.703060566239205 11.0795131329667 -1.6917982462528256 1.2782345204721743 17.911393368576068 5.748038231070452 9.556083974682856 -0.057028987717870905 3.565274497703399 19.443500078002636 -2.8172266355309894 5.315862407949616 0.8634498833398219 -8.610462366271621 -6.460973070781931 -9.970751046744793 -0.9170320170583501
8.296593186372744 8.7615135197621 -0.12031529343717651 3.3547554846006733 1.3868316730966868 -3.6435053419624452 -2.225829377115307 12.301420096326588 18.96036419422151 32.84895949825068 14.925946726296058 17.43896323277571 6.721030212632885 11.097482779360398 -1.6738285998591271 1.2962041668658728 17.92936301496975 5.76600787746415 9.574053621076555 -0.0390593413241902 3.5832441440970975 19.461469724396334 -2.7992569891373087 5.333832054343315 0.8814195297335203 -8.592492719877923 -6.443003424388232 -9.952781400351112 -0.8990623706646694
8.356713426853707 8.779372845362108 -0.10245596783716948 3.3726148102006803 1.4046909986966938 -3.6256460163624205 -2.2079700515153 12.319279421926595 18.978223519821515 32.866818823850686 14.943806051896065 17.456822558375716 6.73888953823291 11.115342104960405 -1.65596927425912 1.3140634924658798 17.947222340569773 5.783867203064157 9.591912946676562 -0.021200015724183174 3.6011034696971045 19.47932904999634 -2.7813976635373017 5.351691379943322 0.8992788553335274 -8.574633394277916 -6.425144098788225 -9.934922074751105 -0.8812030450646446
8.41683366733467 8.797124023507408 -0.08470478969186956 3.3903659883459802 1.4224421768419937 -3.6078948382171383 -2.19021887337 12.337030600071895 18.995974697966815 32.88457000199599 14.961557230041365 17.474573736521016 6.756640716378192 11.133093283105705 -1.6382180961138202 1.3318146706111798 17.964973518715055 5.801618381209457 9.609664124821862 -0.003448837578883257 3.6188546478424044 19.49708022814164 -2.7636464853920018 5.369442558088622 0.9170300334788273 -8.556882216132616 -6.407392920642925 -9.917170896605805 -0.8634518669193625
8.47695390781563 8.814769208817506 -0.06705960438177172 3.408011173656078 1.4400873621520915 -3.5902496529070227 -2.1725736880599023 12.354675785381993 19.013619883276913 32.90221518730608 14.979202415351462 17.492218921831114 6.774285901688308 11.150738468415803 -1.6205729108037223 1.3494598559212776 17.98261870402517 5.819263566519555 9.62730931013196 0.014196347731214587 3.6364998331525022 19.51472541345174 -2.746001300081904 5.38708774339872 0.9346752187889251 -8.539237030822518 -6.389747735332827 -9.899525711295707 -0.8458066816092469
8.537074148296593 8.832310507419212 -0.04951830578008298 3.425552472257767 1.4576286607537803 -3.572708354305334 -2.1550323894582135 12.372217083983681 19.031161181878602 32.91975648590778 14.996743713953169 17.50976022043282 6.791827200289997 11.168279767017491 -1.6030316122020336 1.3670011545229663 18.00016000262686 5.836804865121244 9.644850608733648 0.03173764633292109 3.6540411317542087 19.532266712053428 -2.7284600014801974 5.404629042000408 0.9522165173906316 -8.521695732220829 -6.372206436731139 -9.881984412694 -0.8282653830075581
8.597194388777554 8.849749999584375 -0.032078813614901946 3.442991964422948 1.4750681529189613 -3.555268862140153 -2.1375928972930325 12.389656576148862 19.048600674043783 32.93719597807296 15.014183206118332 17.527199712597984 6.809266692455178 11.185719259182672 -1.5855921200368526 1.3844406466881474 18.01759949479204 5.854244357286425 9.66229010089883 0.049177138498102124 3.671480623919372 19.54970620421861 -2.7110205093150164 5.422068534165589 0.9696560095557949 -8.504256240055648 -6.354766944565958 -9.86454492052882 -0.8108258908423771
8.657314629258517 8.867089749040868 -0.014739064158408866 3.460331713879423 1.4924079023754544 -3.5379291126836776 -2.1202531478365394 12.406996325605355 19.065940423500276 32.954535727529446 15.031522955574825 17.544539462054477 6.826606441911653 11.203059008639165 -1.5682523705803595 1.4017803961446405 18.034939244248516 5.871584106742918 9.679629850355322 0.06651688795457744 3.688820373375865 19.567045953675102 -2.693680759858541 5.4394082836220825 0.986995759012288 -8.486916490599173 -6.337427195109482 -9.847205171072344 -0.7934861413859018
