web/models/kne/10/mosfit_kn_0.095333_0.1397_3.6500.dat
# %ECSV 1.0
# ---
# datatype:
# - {name: time, datatype: float64}
# - {name: PS1_g, datatype: float64}
# - {name: PS1_i, datatype: float64}
# - {name: PS1_r, datatype: float64}
# - {name: PS1_w, datatype: float64}
# - {name: PS1_y, datatype: float64}
# - {name: PS1_z, datatype: float64}
# - {name: swift_uvot_B, datatype: float64}
# - {name: swift_uvot_U, datatype: float64}
# - {name: swift_uvot_uvm2, datatype: float64}
# - {name: swift_uvot_uvw1, datatype: float64}
# - {name: swift_uvot_uvw2, datatype: float64}
# - {name: swift_uvot_V, datatype: float64}
# - {name: johnson_B, datatype: float64}
# - {name: johnson_I, datatype: float64}
# - {name: johnson_R, datatype: float64}
# - {name: johnson_U, datatype: float64}
# - {name: johnson_V, datatype: float64}
# - {name: sdss_g, datatype: float64}
# - {name: sdss_i, datatype: float64}
# - {name: sdss_r, datatype: float64}
# - {name: sdss_u, datatype: float64}
# - {name: sdss_z, datatype: float64}
# - {name: ATLAS_c, datatype: float64}
# - {name: ATLAS_o, datatype: float64}
# - {name: ukirt_H, datatype: float64}
# - {name: ukirt_J, datatype: float64}
# - {name: ukirt_K, datatype: float64}
# - {name: Clear, datatype: float64}
# meta: !!omap
# - comment: [kappa = 3.65, type = rprocess, mass = 0.09533330950298248, velocity = 0.13966666666666672, theta_obs = 0.0, tfloor = 1000.0]
# schema: astropy-2.0
time PS1_g PS1_i PS1_r PS1_w PS1_y PS1_z swift_uvot_B swift_uvot_U swift_uvot_uvm2 swift_uvot_uvw1 swift_uvot_uvw2 swift_uvot_V johnson_B johnson_I johnson_R johnson_U johnson_V sdss_g sdss_i sdss_r sdss_u sdss_z ATLAS_c ATLAS_o ukirt_H ukirt_J ukirt_K Clear
[from data line 141]
8.537074148296593 -8.328667735701583 -12.24280388743951 -10.752340826008826 -11.105341923468046 -13.605489185247901 -13.08654936427919 -6.7639937310413165 -4.386531260521878 3.4934224875520643 -3.1595983914698063 -1.256310439534921 -9.432152550453516 -7.04345175198036 -13.096813789163761 -11.484327998878065 -4.735690368842047 -9.648421425750316 -7.964721525310399 -12.212055523942045 -10.702896398079016 -3.7102267997785177 -13.250886726261104 -9.596585459540421 -11.593198537607137 -15.126221097937723 -14.53705902817667 -15.37155086107738 -11.829637481281825
8.597194388777554 -8.27591313563305 -12.212426771605998 -10.712921828242639 -11.071762445825648 -13.584727966969226 -13.061898389073203 -6.702653597604185 -4.306663395339463 3.607801135371493 -3.0966002628984053 -1.1937273055093942 -9.384247411330808 -6.984790889396834 -13.069370706894762 -11.449172607051416 -4.658614759276773 -9.60252069662191 -7.909937816144357 -12.181428021002567 -10.662913075718254 -3.6312746860143363 -13.22762453681646 -9.552610844057767 -11.560041299959938 -15.120069489731836 -14.524224539212634 -15.37002946216951 -11.802066076045836
8.657314629258517 -8.222865195183218 -12.181810363575938 -10.67324178530395 -11.037959641810708 -13.563753901209719 -13.037022803031029 -6.6409935191968215 -4.226422989259806 3.7225554365845044 -3.033385096749441 -1.1308960280840838 -9.33605138154131 -6.925831631631198 -13.041698007666842 -11.41378239725504 -4.581173759010888 -9.556345211139961 -7.854855515655483 -12.150560663028358 -10.622664461364124 -3.5519480003208592 -13.204144974928713 -9.508378400630164 -11.52665214399569 -15.113753881916963 -14.511203543895464 -15.368361587691675 -11.774298437376114
8.71743486973948 -8.16953571617061 -12.150963052625592 -10.633310487354475 -11.003942348032147 -13.542573887180342 -13.011930102031908 -6.57902662264621 -4.145825936360801 3.8376634847178055 -2.9699653607911887 -1.067828627784809 -9.28757551654898 -6.866586800029037 -13.01380364051979 -11.378166635755111 -4.503382881557762 -9.509905817057865 -7.799486738885086 -12.119461880369347 -10.582160418516331 -3.4722625241821348 -13.180455354538179 -9.463898587725836 -11.493039947344013 -15.107278915986658 -14.498001725162036 -15.366551168268161 -11.74634250687479
8.77755511022044 -8.115910958778798 -12.11987607796475 -10.593117183926068 -10.969701065963164 -13.5211812820841 -12.986612779665823 -6.516737269999463 -4.06485241288264 3.953151978898874 -2.906324228101624 -1.0045079716353942 -9.2388071428453 -6.80704146611895 -12.985679506455085 -11.342315658275652 -4.425222970401148 -9.463190393033576 -7.743817298172235 -12.08812285947717 -10.541390056531785 -3.3921986622598155 -13.156548510949957 -9.419159623762638 -11.45919540417486 -15.10064117894531 -14.484614201319912 -15.36459582030538 -11.71819015275151
8.837675350701403 -8.061968236784143 -12.088534656737675 -10.5526439211493 -10.935219890235643 -13.499564682152059 -12.96105805681865 -6.454099746938705 -3.9834700861670846 4.069064520319434 -2.8424347490517827 -0.9409068179170386 -9.189725261306815 -6.747170997199209 -12.957311871587997 -11.306213178036987 -4.346662726181549 -9.416178771156323 -7.687823793875701 -12.056528732121432 -10.500335203499134 -3.3117244244547095 -13.13241219415799 -9.37414194809076 -11.425102843331096 -15.093834425173874 -14.471032375887718 -15.362490941419276 -11.689827639863477
8.897795591182364 -8.007746847193129 -12.056965607995824 -10.51192258204848 -10.900527348959415 -13.477745515860029 -12.9352895378684 -6.391158163444049 -3.901733351450538 4.185326842701486 -2.778340948022517 -0.877068644769071 -9.140366472852765 -6.687018089983713 -12.928725922315849 -11.269888804526975 -4.267755033023423 -9.368906517518807 -7.631546659015207 -12.024706459902141 -10.45902804886456 -3.2308937300869545 -13.108069258893131 -9.328879934575696 -11.390790676400595 -15.086871886102738 -14.45727323917321 -15.36024716600364 -11.66128014933145
8.957915831663327 -7.9531847045048565 -12.025127670570761 -10.470903514328445 -10.865579297061316 -13.45569146500658 -12.909271274443235 -6.327842427612512 -3.819554770747775 4.302057273252157 -2.7139709683554787 -0.8129214319834008 -9.090673145291188 -6.626515338793894 -12.899883150357933 -11.233297076269839 -4.1884151014339395 -9.321318033022814 -7.574921921958193 -11.992614551963197 -10.417418385650556 -3.14961999791608 -13.083485103122676 -9.283319745166807 -11.356215201245394 -15.079734887218109 -14.443311884001664 -15.357850159244089 -11.632509223081886
9.018036072144287 -7.898360402792015 -11.993074042976222 -10.429650199551048 -10.83043238843075 -13.433444772834342 -12.883049941240987 -6.264240928518713 -3.737043748518243 4.419106972160091 -2.64941365693625 -0.7485533960034227 -9.040718418050748 -6.565748106623563 -12.870833416644054 -11.19649667083942 -4.108749211533961 -9.273484216572639 -7.5180304857573965 -11.960306493765778 -10.375570340319076 -3.068011646836908 -13.058704833590902 -9.237529919604306 -11.321432751459817 -15.07244898245817 -14.429181508657914 -15.35532017720129 -11.6035646456438
9.07815631262525 -7.843210347153491 -11.960762424647058 -10.388111756604825 -10.79504140219095 -13.410972287598177 -12.856588671488272 -6.200281877645387 -3.654110750363415 4.5365969775246 -2.584595598591139 -0.6838909329088803 -8.990443239768624 -6.504647368516338 -12.841537238660116 -11.159441010778838 -4.028670537899394 -9.225348109151595 -7.460806826508026 -11.927739749954913 -10.33343246139653 -2.985980013982523 -13.033692964969106 -9.191455312728198 -11.286398545679717 -15.064994987935357 -14.414856548416546 -15.352642480654255 -11.574407026700229
9.138276553106213 -7.78775711164494 -11.92820837811805 -10.346306603711746 -10.759422839487662 -13.388286531506157 -12.829901211769137 -6.135990563206671 -3.5707868199454396 4.654484765496034 -2.5195417212289324 -0.6189585314038157 -8.93986866960174 -6.443237662516047 -12.812009264487447 -11.122147293194217 -3.948209297344427 -9.176930233622185 -7.403274158784772 -11.894929964632013 -10.291023334331122 -2.903555890547924 -13.008462836634145 -9.14511572564205 -11.251129066093934 -15.057380803879777 -14.400347027477645 -15.349823505890983 -11.545050995734805
9.198396793587174 -7.73200187367399 -11.895413088463673 -10.30423594585038 -10.723577866017617 -13.365388671663858 -12.802988728773723 -6.071368172599004 -3.487073072733047 4.772768404080449 -2.4542525566995006 -0.5537563538647592 -8.888995873207161 -6.38152029679809 -12.782250690254912 -11.084616872141357 -3.867366655884823 -9.128231871695201 -7.345433663461964 -11.861878326039168 -10.24834414859022 -2.820740419036021 -12.983015651829675 -9.098512344576548 -11.215625573293604 -15.049607584473371 -14.385654115526235 -15.346864407700858 -11.515497756604063
9.258517034068136 -7.675913647703645 -11.862356115641166 -10.26187510612477 -10.687484637466476 -13.3422627944263 -12.775833464350264 -6.006379657288728 -3.402925620642616 4.891506776259981 -2.3886921760428232 -0.48824812363977044 -8.837796088547869 -6.319461687456499 -12.75224248246004 -11.046827315347418 -3.786100094795597 -9.079225384073284 -7.287253401304881 -11.828564279735527 -10.205369930584354 -2.737490148642987 -12.957334364480069 -9.051618401832151 -11.179866468953374 -15.041666353121311 -14.370765671865316 -15.34375842331716 -11.485728399337898
9.318637274549097 -7.619542913423718 -11.82907176313094 -10.219264945991675 -10.651179576923884 -13.318936207275431 -12.748465556373656 -5.94108176049578 -3.318414595836625 5.0106046077907225 -2.322917128293937 -0.42248998411098837 -8.78631634692254 -6.2571166440480255 -12.72201681400902 -11.008816426769982 -3.7044777736547485 -9.02995638154893 -7.228785325643212 -11.795022313118118 -10.162141956618758 -2.653874608169744 -12.931448114921587 -9.004477927646626 -11.143888033914351 -15.033573737056308 -14.355703219942233 -15.34051878378074 -11.455774945154094
9.37875751503006 -7.5628469495888595 -11.795531685157936 -10.176371336066516 -10.614632441044183 -13.29538674355744 -12.720860322389047 -5.875426215783889 -3.233479702029811 5.13014289969792 -2.2568782562194296 -0.35643242925314267 -8.734516959450389 -6.194438860781041 -12.69154725409279 -10.970553092196209 -3.6224412461523348 -8.980386670778733 -7.169985413679711 -11.761223923393374 -10.118625697143209 -2.569834086835563 -12.905333180711835 -8.95705395384569 -11.107660321834203 -15.025317038114775 -14.340449739551884 -15.337135811391088 -11.425611143824224
9.438877755511022 -7.505848234800361 -11.76175135450718 -10.133212602723702 -10.577859605677116 -13.271626833128618 -12.693031418958167 -5.809438224004967 -3.1481519032240968 5.250079350386174 -2.1906003422429694 -0.2900998762897298 -8.68241890643586 -6.131452766807794 -12.660848358077523 -10.932054396663144 -3.5400206515642307 -8.930536682674271 -7.110876784958453 -11.727184664971091 -10.074839650182597 -2.485399304780689 -12.879002807099216 -8.909366164996477 -11.071199701773367 -15.016904047388802 -14.325015154206413 -15.333615823682239 -11.395251483847133
9.498997995991983 -7.44853003785197 -11.727719875690301 -10.089775517075985 -10.540849413696698 -13.24764807828343 -12.664969425553974 -5.743098807147638 -3.062407291704705 5.370445709827238 -2.1240638066534774 -0.2234723688640936 -8.630006672991268 -6.068140266253405 -12.629910016261434 -10.893308440895304 -3.457192865490406 -8.880391592060464 -7.051442182494956 -11.692893580795403 -10.030770412829977 -2.400546606444003 -12.852447989639817 -8.861400179198267 -11.034494685782867 -15.008330210809465 -14.309393161498088 -15.329955496345312 -11.364685962752947
9.559118236472946 -7.390876620910873 -11.693427007684214 -10.046047642108551 -10.50359092684344 -13.223442591947965 -12.636665489563566 -5.676390107118464 -2.976223354138785 5.491271748270489 -2.057250296535393 -0.15653114830890358 -8.577265658005821 -6.0044843546167606 -12.598722730901343 -10.854304066382287 -3.373936117042533 -8.82993746720947 -6.991665373320046 -11.658340372183407 -9.986405380475372 -2.3152537147112184 -12.825660274213977 -8.81314248434311 -10.99753449281426 -14.999591272540634 -14.293577854542486 -15.326151737194225 -11.333905215300994
9.619238476953907 -7.332939032040446 -11.658907427601104 -10.002070290959217 -10.466120889615134 -13.199037960841853 -12.60815006984421 -5.609369531493452 -2.8896710778981216 5.61246135429229 -1.990216792111425 -0.08933293049390256 -8.52424345273307 -5.9405404274415154 -12.56731901396683 -10.815079435106203 -3.2903193959030763 -8.779220422618968 -6.9315988983069765 -11.62355990229706 -9.941786296652637 -2.229591021463424 -12.798669097054418 -8.764637551433356 -10.96035574919414 -14.990703965670168 -14.277590942742451 -15.322217819762665 -11.30294148915052
9.67935871743487 -7.274663569581641 -11.624125344626535 -9.95780046339501 -10.428401244822094 -13.174406109168668 -12.57939194636064 -5.541976445355977 -2.8026748207728502 5.7341158123351805 -1.9229021688799715 -0.021816112348925554 -8.470890100587269 -5.876250331490297 -12.535665469175107 -10.775595342737311 -3.206269359375995 -8.728192392323171 -6.871187432393953 -11.588516184445279 -9.896869654058023 -2.143483594156095 -12.771444444462716 -8.715838900914559 -10.922920710856054 -14.981652068287904 -14.261410791320158 -15.318141309662748 -11.271761747097457
9.739478957915832 -7.216071961652002 -11.589095701633152 -9.913255867131845 -10.390447788835555 -13.149559028698565 -12.550404300916327 -5.474235220605702 -2.715264541795115 5.8561942464377 -1.8553303733321331 0.04599567529751569 -8.41722588802278 -5.811637682306387 -12.503776149055572 -10.735868288336771 -3.121815171268907 -8.676873128227472 -6.810453325374439 -11.5532242408392 -9.851673328986283 -2.056961162515165 -12.743999099161734 -8.666765540314518 -10.88524517707965 -14.972443066446314 -14.245046958563117 -15.31392825871851 -11.240379949211263
9.799599198396793 -7.157175215376395 -11.553826228454014 -9.868445579911782 -10.352268647849456 -13.124503011359927 -12.521194001189446 -5.4061581515544885 -2.627455202453284 5.97867603137441 -1.7875132267287515 0.11409092338067994 -8.363261123304817 -5.746714467882658 -12.471658358097041 -10.695906841766416 -3.0369714373096923 -8.625272741694586 -6.749407887430845 -11.51769184155592 -9.806206473705359 -1.9700385949354704 -12.71633975552616 -8.617427159400215 -10.847337325554545 -14.963081062071165 -14.22850455924788 -15.309582072238575 -11.20880335179475
9.859719438877756 -7.097924935769839 -11.518284665502048 -9.823330851591141 -10.31382958191914 -13.099212752761158 -12.491732903859827 -5.337690584665956 -2.539178598402305 6.101652140501625 -1.7193958879290245 0.1825250345659204 -8.308950759452316 -5.681428330485939 -12.43928200258009 -10.65567574117524 -2.9516720354428405 -8.573347940691177 -6.688001261173806 -11.481886551345362 -9.760429871263412 -1.8826483208962586 -12.688439374405256 -8.567781907399965 -10.80916318597298 -14.953551463044455 -14.21176411115187 -15.30509158607259 -11.177002278147938
9.919839679358716 -7.038390333295865 -11.482517908958343 -9.777967613377694 -10.275180211261414 -13.073725479668354 -12.462062160271117 -5.268910419087628 -2.4505312012004588 6.224992578253585 -1.6510555375549347 0.2512208824404074 -8.25435934175091 -5.615854309985004 -12.406691012062876 -10.615226491329032 -2.86601069215233 -8.521161160875026 -6.626304691772358 -11.445855518505414 -9.714400058747223 -1.7948860080551654 -12.660337681694678 -8.517889964924095 -10.770772216610727 -14.943876651392213 -14.194854799230948 -15.300474439177234 -11.145020149995162
9.97995991983968 -6.978512676003046 -11.446486723861682 -9.732308783162171 -10.236278928148348 -13.048010367655696 -12.432147513793463 -5.199751353736214 -2.361430342890589 6.348807630885884 -1.5824258410806986 0.3202454343297281 -8.199432179792627 -5.549928866941837 -12.373848768561643 -10.574516207903716 -2.779907246284037 -8.46865981813801 -6.564257679145502 -11.409559295218816 -9.668069390903735 -1.706669746135674 -12.632001750762676 -8.467700516707168 -10.732123110625675 -14.934038759730385 -14.17775283926442 -15.295716911019175 -11.112820875382958
10.040080160320642 -6.918302693375704 -11.410198627012527 -9.68636320047331 -10.197133649398094 -13.02207352421993 -12.401995635047545 -5.130225378850098 -2.271890622092414 6.473077094783599 -1.513518423872799 0.3895873876016478 -8.144179314242265 -5.483663704404357 -12.340762373771785 -10.533553249350646 -2.69337595200436 -8.415853774091245 -6.5018712502755704 -11.373005438091255 -9.621446778473022 -1.6180140434331491 -12.603438087222383 -8.41722300662795 -10.69322383272521 -14.924041754422689 -14.16046318866014 -15.29082228703725 -11.080411527557104
10.100200400801603 -6.857782001771913 -11.3736684675683 -9.640148471860375 -10.157760030824008 -12.99592684886214 -12.371619614749356 -5.060356760417984 -2.181941894140458 6.597760429484489 -1.4443570382945299 0.4592232145938593 -8.088620943752566 -5.417082303322246 -12.307445783892074 -10.492353986864089 -2.6064458725754425 -8.362762675123319 -6.439167642717756 -11.336208875539437 -9.574550002328266 -1.528948536912118 -12.574659377585835 -8.366476307830535 -10.654090055620458 -14.913893015103113 -14.14299530646902 -15.285796502646958 -11.047805907937374
10.160320641282565 -6.796914714219557 -11.336872359430483 -9.593635892422725 -10.118132768318162 -12.969551628730436 -12.340998622594004 -4.990104948517483 -2.0915334895588167 6.722924797476961 -1.3749011875042423 0.5291940055139368 -8.032723646143165 -5.350145900676754 -12.273876733913955 -10.450892404752079 -2.5190679086045376 -8.30935447805462 -6.376109883095662 -11.299145592372728 -9.527349998365953 -1.43942303027087 -12.545645637363041 -8.315429435935737 -10.614696679661009 -14.903581824160362 -14.125334828898877 -15.280631403420147 -11.014982153012056
