web/models/kne/10/villar_0.0275_0.4217_1.0000.dat
# %ECSV 1.0
# ---
# datatype:
# - {name: time, datatype: float64}
# - {name: swift_uvot_uvw2, datatype: float64}
# - {name: swift_uvot_uvm2, datatype: float64}
# - {name: swift_uvot_uvw1, datatype: float64}
# - {name: swift_uvot_U, datatype: float64}
# - {name: swift_uvot_B, datatype: float64}
# - {name: swift_uvot_V, datatype: float64}
# - {name: swift_uvot_W, datatype: float64}
# - {name: johnson_U, datatype: float64}
# - {name: johnson_B, datatype: float64}
# - {name: johnson_V, datatype: float64}
# - {name: johnson_R, datatype: float64}
# - {name: johnson_I, datatype: float64}
# - {name: sdss_u, datatype: float64}
# - {name: sdss_g, datatype: float64}
# - {name: sdss_r, datatype: float64}
# - {name: sdss_i, datatype: float64}
# - {name: sdss_z, datatype: float64}
# - {name: PS1_g, datatype: float64}
# - {name: PS1_r, datatype: float64}
# - {name: PS1_i, datatype: float64}
# - {name: PS1_z, datatype: float64}
# - {name: PS1_Y, datatype: float64}
# - {name: PS1_w, datatype: float64}
# - {name: ATLAS_c, datatype: float64}
# - {name: ATLAS_o, datatype: float64}
# - {name: ukirt_J, datatype: float64}
# - {name: ukirt_H, datatype: float64}
# - {name: ukirt_K, datatype: float64}
# - {name: Clear, datatype: float64}
# meta: !!omap
# - comment: [kappa = 1.0, type = villar, mass = 0.027507471329904786, velocity = 0.4216666666666667, theta_obs = 0.0]
# schema: astropy-2.0
time swift_uvot_uvw2 swift_uvot_uvm2 swift_uvot_uvw1 swift_uvot_U swift_uvot_B swift_uvot_V swift_uvot_W johnson_U johnson_B johnson_V johnson_R johnson_I sdss_u sdss_g sdss_r sdss_i sdss_z PS1_g PS1_r PS1_i PS1_z PS1_Y PS1_w ATLAS_c ATLAS_o ukirt_J ukirt_H ukirt_K Clear
0.001 nan nan nan nan nan nan nan nan nan nan nan nan nan nan nan nan nan nan nan nan nan nan nan nan nan nan nan nan nan
0.00103 -5.31 -5.379 -5.406 -5.379 -5.211 -4.97 -5.303 -5.358 -5.207 -4.961 -4.668 -4.303 -5.364 -5.136 -4.805 -4.527 -4.249 -5.121 -4.822 -4.546 -4.344 -4.272 -4.831 -5.008 -4.69 -3.661 -3.161 -2.57 -4.877
0.001061 -6.026 -6.027 -6.001 -5.858 -5.633 -5.349 -5.871 -5.828 -5.629 -5.339 -5.017 -4.625 -5.835 -5.544 -5.165 -4.863 -4.568 -5.527 -5.187 -4.889 -4.68 -4.623 -5.202 -5.397 -5.04 -3.955 -3.442 -2.838 -5.258
0.001094 -6.417 -6.383 -6.333 -6.134 -5.881 -5.577 -6.193 -6.098 -5.877 -5.567 -5.23 -4.827 -6.106 -5.785 -5.385 -5.071 -4.767 -5.768 -5.41 -5.102 -4.89 -4.846 -5.427 -5.629 -5.255 -4.142 -3.623 -3.014 -5.488
0.001127 -6.689 -6.631 -6.567 -6.333 -6.064 -5.747 -6.422 -6.295 -6.06 -5.737 -5.392 -4.981 -6.303 -5.964 -5.55 -5.229 -4.92 -5.947 -5.578 -5.264 -5.051 -5.017 -5.595 -5.802 -5.418 -4.288 -3.764 -3.152 -5.659
0.001161 -6.899 -6.824 -6.75 -6.493 -6.213 -5.887 -6.603 -6.453 -6.209 -5.877 -5.526 -5.11 -6.461 -6.11 -5.686 -5.361 -5.048 -6.094 -5.716 -5.398 -5.186 -5.16 -5.734 -5.945 -5.552 -4.411 -3.885 -3.27 -5.8
0.001196 -7.073 -6.984 -6.903 -6.629 -6.34 -6.009 -6.754 -6.587 -6.336 -5.999 -5.644 -5.223 -6.596 -6.235 -5.805 -5.476 -5.161 -6.22 -5.837 -5.516 -5.304 -5.284 -5.855 -6.067 -5.67 -4.52 -3.992 -3.376 -5.922
0.001232 -7.221 -7.123 -7.037 -6.749 -6.454 -6.118 -6.886 -6.706 -6.45 -6.108 -5.749 -5.326 -6.715 -6.347 -5.912 -5.58 -5.263 -6.332 -5.945 -5.623 -5.411 -5.396 -5.963 -6.177 -5.775 -4.62 -4.09 -3.472 -6.031
0.001269 -7.352 -7.246 -7.155 -6.857 -6.557 -6.218 -7.004 -6.814 -6.554 -6.208 -5.847 -5.421 -6.823 -6.45 -6.01 -5.677 -5.358 -6.435 -6.045 -5.721 -5.509 -5.499 -6.062 -6.278 -5.873 -4.712 -4.181 -3.563 -6.131
0.001308 -7.471 -7.357 -7.264 -6.957 -6.654 -6.311 -7.112 -6.913 -6.65 -6.301 -5.938 -5.51 -6.922 -6.545 -6.102 -5.767 -5.447 -6.531 -6.138 -5.812 -5.601 -5.595 -6.155 -6.372 -5.964 -4.799 -4.267 -3.648 -6.225
0.001347 -7.579 -7.46 -7.364 -7.05 -6.744 -6.399 -7.211 -7.006 -6.74 -6.389 -6.024 -5.595 -7.015 -6.634 -6.189 -5.852 -5.532 -6.621 -6.226 -5.899 -5.688 -5.685 -6.242 -6.461 -6.051 -4.883 -4.35 -3.73 -6.313
0.001388 -7.679 -7.556 -7.457 -7.138 -6.829 -6.482 -7.305 -7.094 -6.826 -6.472 -6.106 -5.676 -7.103 -6.719 -6.271 -5.934 -5.613 -6.706 -6.309 -5.982 -5.771 -5.771 -6.326 -6.545 -6.133 -4.962 -4.429 -3.809 -6.397
0.00143 -7.772 -7.646 -7.545 -7.222 -6.911 -6.563 -7.393 -7.177 -6.907 -6.552 -6.185 -5.754 -7.186 -6.8 -6.351 -6.013 -5.691 -6.787 -6.389 -6.062 -5.851 -5.853 -6.406 -6.625 -6.212 -5.04 -4.505 -3.885 -6.477
0.001473 -7.86 -7.731 -7.629 -7.303 -6.99 -6.64 -7.476 -7.257 -6.986 -6.63 -6.262 -5.83 -7.266 -6.879 -6.428 -6.089 -5.766 -6.866 -6.467 -6.138 -5.928 -5.932 -6.483 -6.703 -6.289 -5.114 -4.58 -3.959 -6.555
0.001518 -7.944 -7.812 -7.709 -7.38 -7.066 -6.715 -7.556 -7.334 -7.062 -6.705 -6.336 -5.904 -7.343 -6.954 -6.502 -6.163 -5.84 -6.942 -6.542 -6.213 -6.003 -6.008 -6.558 -6.778 -6.363 -5.187 -4.652 -4.031 -6.63
0.001564 -8.023 -7.89 -7.786 -7.454 -7.139 -6.788 -7.633 -7.408 -7.136 -6.777 -6.408 -5.975 -7.418 -7.028 -6.575 -6.235 -5.911 -7.015 -6.614 -6.285 -6.075 -6.082 -6.63 -6.851 -6.435 -5.259 -4.723 -4.102 -6.703
0.001611 -8.1 -7.965 -7.86 -7.527 -7.211 -6.859 -7.707 -7.481 -7.207 -6.849 -6.479 -6.046 -7.49 -7.099 -6.646 -6.305 -5.982 -7.087 -6.685 -6.356 -6.146 -6.154 -6.701 -6.922 -6.506 -5.328 -4.793 -4.171 -6.774
0.00166 -8.173 -8.037 -7.932 -7.597 -7.281 -6.928 -7.779 -7.551 -7.277 -6.918 -6.548 -6.114 -7.561 -7.169 -6.715 -6.374 -6.05 -7.157 -6.755 -6.426 -6.216 -6.224 -6.771 -6.992 -6.575 -5.397 -4.861 -4.239 -6.843
0.00171 -8.244 -8.107 -8.002 -7.666 -7.349 -6.996 -7.848 -7.62 -7.346 -6.986 -6.616 -6.182 -7.629 -7.237 -6.783 -6.442 -6.118 -7.225 -6.823 -6.494 -6.284 -6.293 -6.839 -7.06 -6.643 -5.464 -4.929 -4.307 -6.911
0.001761 -8.313 -8.175 -8.07 -7.734 -7.416 -7.063 -7.916 -7.687 -7.413 -7.053 -6.683 -6.249 -7.697 -7.304 -6.85 -6.509 -6.185 -7.292 -6.89 -6.56 -6.351 -6.36 -6.906 -7.127 -6.71 -5.531 -4.995 -4.373 -6.978
0.001815 -8.38 -8.242 -8.136 -7.8 -7.482 -7.129 -7.983 -7.753 -7.478 -7.119 -6.748 -6.314 -7.763 -7.37 -6.915 -6.574 -6.25 -7.358 -6.956 -6.626 -6.416 -6.426 -6.971 -7.193 -6.775 -5.596 -5.061 -4.438 -7.044
0.00187 -8.444 -8.307 -8.201 -7.864 -7.547 -7.194 -8.047 -7.818 -7.543 -7.183 -6.813 -6.379 -7.827 -7.435 -6.98 -6.639 -6.315 -7.423 -7.02 -6.691 -6.481 -6.491 -7.036 -7.257 -6.84 -5.661 -5.125 -4.503 -7.109
0.001926 -8.508 -8.37 -8.264 -7.928 -7.611 -7.258 -8.111 -7.882 -7.607 -7.247 -6.877 -6.443 -7.891 -7.498 -7.044 -6.703 -6.379 -7.486 -7.084 -6.755 -6.545 -6.554 -7.1 -7.321 -6.904 -5.725 -5.189 -4.567 -7.173
0.001984 -8.569 -8.432 -8.327 -7.991 -7.674 -7.321 -8.173 -7.944 -7.67 -7.31 -6.94 -6.506 -7.954 -7.561 -7.107 -6.766 -6.442 -7.549 -7.147 -6.818 -6.608 -6.617 -7.163 -7.384 -6.967 -5.788 -5.253 -4.631 -7.236
0.002044 -8.629 -8.493 -8.388 -8.052 -7.736 -7.383 -8.234 -8.006 -7.732 -7.373 -7.003 -6.569 -8.015 -7.624 -7.169 -6.829 -6.505 -7.611 -7.21 -6.88 -6.67 -6.679 -7.225 -7.446 -7.03 -5.851 -5.316 -4.694 -7.298
0.002106 -8.688 -8.552 -8.448 -8.113 -7.797 -7.445 -8.294 -8.067 -7.793 -7.434 -7.064 -6.631 -8.076 -7.685 -7.231 -6.891 -6.567 -7.673 -7.271 -6.942 -6.732 -6.74 -7.287 -7.508 -7.091 -5.913 -5.378 -4.756 -7.359
0.00217 -8.746 -8.611 -8.507 -8.173 -7.858 -7.505 -8.353 -8.127 -7.854 -7.495 -7.126 -6.692 -8.137 -7.746 -7.292 -6.952 -6.628 -7.733 -7.332 -7.003 -6.793 -6.801 -7.348 -7.569 -7.153 -5.975 -5.44 -4.818 -7.42
0.002236 -8.803 -8.669 -8.565 -8.233 -7.918 -7.566 -8.412 -8.187 -7.914 -7.556 -7.186 -6.753 -8.196 -7.806 -7.353 -7.013 -6.689 -7.793 -7.392 -7.063 -6.853 -6.861 -7.408 -7.629 -7.213 -6.036 -5.501 -4.879 -7.481
0.002303 -8.859 -8.726 -8.622 -8.292 -7.977 -7.626 -8.469 -8.246 -7.973 -7.615 -7.247 -6.814 -8.255 -7.865 -7.413 -7.073 -6.75 -7.853 -7.452 -7.123 -6.913 -6.92 -7.468 -7.689 -7.273 -6.097 -5.562 -4.941 -7.54
0.002373 -8.913 -8.782 -8.679 -8.35 -8.036 -7.685 -8.526 -8.304 -8.032 -7.675 -7.306 -6.874 -8.313 -7.924 -7.472 -7.133 -6.81 -7.912 -7.512 -7.183 -6.973 -6.978 -7.528 -7.748 -7.333 -6.157 -5.623 -5.001 -7.6
0.002445 -8.967 -8.837 -8.735 -8.407 -8.094 -7.744 -8.582 -8.362 -8.09 -7.734 -7.365 -6.933 -8.371 -7.983 -7.531 -7.192 -6.87 -7.97 -7.57 -7.242 -7.032 -7.036 -7.587 -7.807 -7.392 -6.217 -5.683 -5.062 -7.659
0.002519 -9.02 -8.892 -8.79 -8.464 -8.152 -7.802 -8.637 -8.419 -8.148 -7.792 -7.424 -6.993 -8.428 -8.041 -7.59 -7.251 -6.929 -8.028 -7.629 -7.301 -7.09 -7.094 -7.645 -7.865 -7.451 -6.277 -5.743 -5.122 -7.717
0.002595 -9.073 -8.945 -8.845 -8.521 -8.209 -7.86 -8.692 -8.475 -8.205 -7.85 -7.483 -7.051 -8.484 -8.098 -7.648 -7.31 -6.988 -8.085 -7.687 -7.359 -7.149 -7.151 -7.703 -7.923 -7.51 -6.336 -5.802 -5.181 -7.775
0.002673 -9.124 -8.999 -8.899 -8.577 -8.266 -7.918 -8.746 -8.531 -8.262 -7.908 -7.541 -7.11 -8.541 -8.155 -7.706 -7.368 -7.046 -8.142 -7.745 -7.417 -7.206 -7.208 -7.761 -7.98 -7.568 -6.395 -5.861 -5.241 -7.832
0.002754 -9.175 -9.051 -8.952 -8.632 -8.322 -7.975 -8.799 -8.587 -8.319 -7.965 -7.599 -7.168 -8.596 -8.212 -7.764 -7.426 -7.105 -8.199 -7.802 -7.474 -7.264 -7.264 -7.818 -8.037 -7.625 -6.454 -5.92 -5.3 -7.889
0.002837 -9.225 -9.103 -9.005 -8.687 -8.379 -8.032 -8.852 -8.642 -8.375 -8.022 -7.656 -7.226 -8.651 -8.268 -7.821 -7.484 -7.163 -8.255 -7.859 -7.532 -7.321 -7.32 -7.875 -8.094 -7.683 -6.513 -5.979 -5.359 -7.946
0.002923 -9.275 -9.154 -9.057 -8.742 -8.434 -8.088 -8.905 -8.697 -8.43 -8.078 -7.713 -7.284 -8.706 -8.324 -7.878 -7.541 -7.22 -8.311 -7.915 -7.589 -7.378 -7.376 -7.932 -8.15 -7.74 -6.571 -6.038 -5.418 -8.003
0.003012 -9.323 -9.205 -9.109 -8.796 -8.49 -8.145 -8.957 -8.752 -8.486 -8.134 -7.77 -7.341 -8.761 -8.38 -7.935 -7.598 -7.278 -8.366 -7.971 -7.645 -7.434 -7.431 -7.988 -8.206 -7.797 -6.629 -6.096 -5.476 -8.059
0.003103 -9.372 -9.256 -9.16 -8.85 -8.545 -8.201 -9.008 -8.806 -8.541 -8.19 -7.826 -7.398 -8.815 -8.435 -7.991 -7.655 -7.335 -8.422 -8.027 -7.701 -7.49 -7.486 -8.044 -8.262 -7.853 -6.686 -6.154 -5.534 -8.115
0.003196 -9.42 -9.306 -9.211 -8.903 -8.599 -8.256 -9.059 -8.859 -8.596 -8.246 -7.883 -7.455 -8.868 -8.49 -8.047 -7.712 -7.392 -8.476 -8.083 -7.757 -7.546 -7.541 -8.1 -8.318 -7.909 -6.744 -6.212 -5.592 -8.17
0.003293 -9.467 -9.355 -9.262 -8.956 -8.654 -8.312 -9.11 -8.913 -8.65 -8.301 -7.939 -7.512 -8.922 -8.545 -8.103 -7.768 -7.448 -8.531 -8.139 -7.813 -7.602 -7.595 -8.156 -8.373 -7.965 -6.801 -6.269 -5.65 -8.225
0.003393 -9.513 -9.404 -9.312 -9.009 -8.708 -8.367 -9.16 -8.966 -8.704 -8.356 -7.995 -7.568 -8.975 -8.6 -8.158 -7.824 -7.505 -8.585 -8.194 -7.869 -7.657 -7.649 -8.211 -8.428 -8.021 -6.858 -6.327 -5.708 -8.28
0.003495 -9.56 -9.452 -9.361 -9.062 -8.762 -8.421 -9.21 -9.018 -8.758 -8.411 -8.05 -7.624 -9.027 -8.654 -8.213 -7.88 -7.561 -8.639 -8.249 -7.924 -7.713 -7.703 -8.266 -8.482 -8.076 -6.915 -6.384 -5.765 -8.335
0.003601 -9.605 -9.5 -9.41 -9.114 -8.815 -8.476 -9.26 -9.071 -8.811 -8.466 -8.105 -7.68 -9.08 -8.708 -8.269 -7.936 -7.617 -8.693 -8.303 -7.979 -7.768 -7.757 -8.321 -8.536 -8.132 -6.972 -6.441 -5.823 -8.39
0.00371 -9.651 -9.548 -9.459 -9.166 -8.868 -8.53 -9.309 -9.123 -8.865 -8.52 -8.16 -7.736 -9.132 -8.761 -8.323 -7.991 -7.673 -8.747 -8.358 -8.034 -7.822 -7.81 -8.375 -8.591 -8.187 -7.028 -6.498 -5.88 -8.444
0.003822 -9.695 -9.595 -9.508 -9.217 -8.921 -8.585 -9.357 -9.175 -8.918 -8.574 -8.215 -7.791 -9.184 -8.815 -8.378 -8.046 -7.729 -8.8 -8.412 -8.089 -7.877 -7.864 -8.429 -8.644 -8.242 -7.085 -6.554 -5.937 -8.498
0.003938 -9.74 -9.642 -9.556 -9.269 -8.974 -8.638 -9.406 -9.226 -8.97 -8.628 -8.27 -7.847 -9.235 -8.868 -8.432 -8.101 -7.784 -8.853 -8.466 -8.143 -7.931 -7.917 -8.483 -8.698 -8.296 -7.141 -6.611 -5.994 -8.552
0.004057 -9.783 -9.688 -9.603 -9.32 -9.027 -8.692 -9.454 -9.277 -9.023 -8.682 -8.325 -7.902 -9.286 -8.921 -8.487 -8.156 -7.84 -8.906 -8.52 -8.198 -7.986 -7.97 -8.537 -8.751 -8.351 -7.197 -6.667 -6.051 -8.605
0.00418 -9.827 -9.734 -9.651 -9.37 -9.079 -8.746 -9.501 -9.328 -9.075 -8.736 -8.379 -7.957 -9.337 -8.973 -8.541 -8.211 -7.895 -8.958 -8.573 -8.252 -8.04 -8.022 -8.591 -8.805 -8.405 -7.253 -6.724 -6.107 -8.659
0.004306 -9.87 -9.78 -9.698 -9.421 -9.131 -8.799 -9.549 -9.379 -9.127 -8.789 -8.433 -8.012 -9.388 -9.026 -8.594 -8.265 -7.95 -9.011 -8.627 -8.306 -8.094 -8.075 -8.644 -8.858 -8.459 -7.309 -6.78 -6.164 -8.712
0.004436 -9.913 -9.825 -9.745 -9.471 -9.183 -8.852 -9.596 -9.43 -9.179 -8.842 -8.487 -8.067 -9.438 -9.078 -8.648 -8.32 -8.005 -9.063 -8.68 -8.36 -8.147 -8.127 -8.698 -8.911 -8.513 -7.364 -6.836 -6.22 -8.765
0.00457 -9.955 -9.87 -9.791 -9.521 -9.235 -8.905 -9.642 -9.48 -9.231 -8.895 -8.541 -8.121 -9.489 -9.13 -8.702 -8.374 -8.059 -9.115 -8.733 -8.413 -8.201 -8.179 -8.751 -8.963 -8.567 -7.42 -6.892 -6.276 -8.818
0.004709 -9.997 -9.915 -9.837 -9.571 -9.286 -8.958 -9.689 -9.53 -9.282 -8.948 -8.594 -8.176 -9.539 -9.182 -8.755 -8.428 -8.114 -9.166 -8.786 -8.467 -8.255 -8.231 -8.804 -9.016 -8.62 -7.475 -6.947 -6.332 -8.87
0.004851 -10.038 -9.959 -9.883 -9.62 -9.337 -9.01 -9.735 -9.58 -9.334 -9.0 -8.648 -8.23 -9.588 -9.234 -8.808 -8.482 -8.168 -9.218 -8.839 -8.52 -8.308 -8.283 -8.857 -9.068 -8.674 -7.53 -7.003 -6.388 -8.923
0.004998 -10.079 -10.003 -9.928 -9.669 -9.388 -9.063 -9.781 -9.629 -9.385 -9.053 -8.701 -8.284 -9.638 -9.285 -8.861 -8.536 -8.223 -9.269 -8.891 -8.573 -8.361 -8.335 -8.909 -9.12 -8.727 -7.585 -7.059 -6.444 -8.975
0.005149 -10.12 -10.046 -9.973 -9.718 -9.439 -9.115 -9.826 -9.678 -9.435 -9.105 -8.754 -8.338 -9.687 -9.337 -8.914 -8.589 -8.277 -9.32 -8.944 -8.626 -8.414 -8.387 -8.962 -9.172 -8.78 -7.64 -7.114 -6.5 -9.027
0.005305 -10.16 -10.089 -10.018 -9.767 -9.49 -9.167 -9.871 -9.728 -9.486 -9.157 -8.807 -8.392 -9.736 -9.388 -8.966 -8.643 -8.331 -9.371 -8.996 -8.679 -8.467 -8.438 -9.014 -9.223 -8.833 -7.695 -7.169 -6.556 -9.079
0.005465 -10.2 -10.132 -10.063 -9.816 -9.54 -9.219 -9.916 -9.776 -9.536 -9.209 -8.86 -8.446 -9.785 -9.439 -9.019 -8.696 -8.385 -9.422 -9.048 -8.732 -8.52 -8.49 -9.066 -9.275 -8.886 -7.75 -7.225 -6.611 -9.131
0.00563 -10.24 -10.175 -10.107 -9.864 -9.59 -9.27 -9.961 -9.825 -9.587 -9.26 -8.913 -8.5 -9.834 -9.489 -9.071 -8.749 -8.439 -9.473 -9.1 -8.785 -8.572 -8.541 -9.118 -9.326 -8.939 -7.805 -7.28 -6.667 -9.182
0.005801 -10.279 -10.217 -10.151 -9.912 -9.641 -9.322 -10.005 -9.874 -9.637 -9.312 -8.966 -8.553 -9.882 -9.54 -9.123 -8.802 -8.492 -9.523 -9.152 -8.837 -8.625 -8.592 -9.17 -9.378 -8.991 -7.859 -7.335 -6.722 -9.234
0.005976 -10.318 -10.259 -10.194 -9.96 -9.69 -9.373 -10.05 -9.922 -9.687 -9.363 -9.018 -8.607 -9.93 -9.59 -9.176 -8.855 -8.546 -9.574 -9.204 -8.89 -8.677 -8.643 -9.221 -9.429 -9.044 -7.914 -7.39 -6.778 -9.285
0.006157 -10.357 -10.301 -10.238 -10.008 -9.74 -9.425 -10.094 -9.97 -9.736 -9.415 -9.07 -8.66 -9.978 -9.64 -9.227 -8.908 -8.599 -9.624 -9.255 -8.942 -8.73 -8.694 -9.273 -9.48 -9.096 -7.968 -7.445 -6.833 -9.336
0.006343 -10.395 -10.342 -10.281 -10.055 -9.79 -9.476 -10.137 -10.018 -9.786 -9.466 -9.123 -8.713 -10.026 -9.691 -9.279 -8.961 -8.653 -9.674 -9.307 -8.994 -8.782 -8.745 -9.324 -9.53 -9.148 -8.022 -7.499 -6.888 -9.387
0.006535 -10.433 -10.383 -10.324 -10.102 -9.839 -9.527 -10.181 -10.065 -9.835 -9.517 -9.175 -8.766 -10.073 -9.74 -9.331 -9.013 -8.706 -9.724 -9.358 -9.046 -8.834 -8.796 -9.375 -9.581 -9.2 -8.076 -7.554 -6.943 -9.438
0.006732 -10.47 -10.423 -10.366 -10.149 -9.888 -9.578 -10.224 -10.113 -9.885 -9.568 -9.227 -8.819 -10.121 -9.79 -9.382 -9.066 -8.759 -9.773 -9.409 -9.098 -8.886 -8.847 -9.427 -9.631 -9.252 -8.13 -7.609 -6.998 -9.489
0.006936 -10.507 -10.464 -10.408 -10.196 -9.937 -9.628 -10.267 -10.16 -9.934 -9.618 -9.279 -8.872 -10.168 -9.84 -9.434 -9.118 -8.812 -9.823 -9.46 -9.15 -8.938 -8.897 -9.478 -9.682 -9.304 -8.184 -7.663 -7.053 -9.539
0.007146 -10.544 -10.504 -10.45 -10.243 -9.986 -9.679 -10.309 -10.207 -9.982 -9.669 -9.33 -8.925 -10.215 -9.889 -9.485 -9.17 -8.865 -9.872 -9.511 -9.202 -8.99 -8.948 -9.528 -9.732 -9.355 -8.238 -7.718 -7.108 -9.59
0.007362 -10.581 -10.544 -10.492 -10.289 -10.035 -9.729 -10.352 -10.254 -10.031 -9.719 -9.382 -8.977 -10.262 -9.938 -9.536 -9.222 -8.918 -9.922 -9.562 -9.253 -9.042 -8.998 -9.579 -9.782 -9.407 -8.292 -7.772 -7.163 -9.64
0.007585 -10.617 -10.583 -10.533 -10.335 -10.083 -9.779 -10.394 -10.3 -10.08 -9.77 -9.433 -9.03 -10.308 -9.988 -9.587 -9.274 -8.97 -9.971 -9.613 -9.305 -9.093 -9.049 -9.63 -9.832 -9.458 -8.346 -7.826 -7.218 -9.69
0.007814 -10.653 -10.622 -10.575 -10.381 -10.132 -9.83 -10.436 -10.347 -10.128 -9.82 -9.485 -9.082 -10.355 -10.037 -9.638 -9.326 -9.023 -10.02 -9.663 -9.356 -9.145 -9.099 -9.68 -9.881 -9.509 -8.399 -7.88 -7.272 -9.74
0.00805 -10.688 -10.661 -10.616 -10.427 -10.18 -9.88 -10.477 -10.393 -10.176 -9.87 -9.536 -9.135 -10.401 -10.085 -9.689 -9.378 -9.075 -10.068 -9.714 -9.407 -9.196 -9.149 -9.73 -9.931 -9.561 -8.453 -7.934 -7.327 -9.79
0.008294 -10.724 -10.699 -10.656 -10.473 -10.228 -9.929 -10.519 -10.439 -10.224 -9.92 -9.587 -9.187 -10.447 -10.134 -9.74 -9.429 -9.128 -10.117 -9.764 -9.458 -9.248 -9.199 -9.78 -9.98 -9.612 -8.506 -7.989 -7.381 -9.84
0.008545 -10.758 -10.737 -10.696 -10.518 -10.276 -9.979 -10.56 -10.485 -10.272 -9.969 -9.638 -9.239 -10.493 -10.183 -9.79 -9.481 -9.18 -10.166 -9.814 -9.51 -9.299 -9.25 -9.831 -10.03 -9.662 -8.56 -8.043 -7.436 -9.889
0.008803 -10.793 -10.775 -10.737 -10.564 -10.324 -10.029 -10.601 -10.531 -10.32 -10.019 -9.689 -9.291 -10.538 -10.231 -9.841 -9.532 -9.232 -10.214 -9.864 -9.561 -9.35 -9.3 -9.88 -10.079 -9.713 -8.613 -8.096 -7.49 -9.939
0.009069 -10.827 -10.813 -10.776 -10.609 -10.371 -10.078 -10.642 -10.576 -10.367 -10.069 -9.74 -9.343 -10.584 -10.279 -9.891 -9.584 -9.284 -10.262 -9.914 -9.611 -9.401 -9.35 -9.93 -10.128 -9.764 -8.666 -8.15 -7.545 -9.988
0.009344 -10.861 -10.85 -10.816 -10.653 -10.419 -10.127 -10.682 -10.621 -10.415 -10.118 -9.79 -9.395 -10.629 -10.327 -9.941 -9.635 -9.336 -10.31 -9.964 -9.662 -9.452 -9.399 -9.98 -10.177 -9.815 -8.719 -8.204 -7.599 -10.037
