web/models/kne/10/villar_0.0043_0.2023_10.0000.dat
# %ECSV 1.0
# ---
# datatype:
# - {name: time, datatype: float64}
# - {name: swift_uvot_uvw2, datatype: float64}
# - {name: swift_uvot_uvm2, datatype: float64}
# - {name: swift_uvot_uvw1, datatype: float64}
# - {name: swift_uvot_U, datatype: float64}
# - {name: swift_uvot_B, datatype: float64}
# - {name: swift_uvot_V, datatype: float64}
# - {name: swift_uvot_W, datatype: float64}
# - {name: johnson_U, datatype: float64}
# - {name: johnson_B, datatype: float64}
# - {name: johnson_V, datatype: float64}
# - {name: johnson_R, datatype: float64}
# - {name: johnson_I, datatype: float64}
# - {name: sdss_u, datatype: float64}
# - {name: sdss_g, datatype: float64}
# - {name: sdss_r, datatype: float64}
# - {name: sdss_i, datatype: float64}
# - {name: sdss_z, datatype: float64}
# - {name: PS1_g, datatype: float64}
# - {name: PS1_r, datatype: float64}
# - {name: PS1_i, datatype: float64}
# - {name: PS1_z, datatype: float64}
# - {name: PS1_Y, datatype: float64}
# - {name: PS1_w, datatype: float64}
# - {name: ATLAS_c, datatype: float64}
# - {name: ATLAS_o, datatype: float64}
# - {name: ukirt_J, datatype: float64}
# - {name: ukirt_H, datatype: float64}
# - {name: ukirt_K, datatype: float64}
# - {name: Clear, datatype: float64}
# meta: !!omap
# - comment: [kappa = 10.0, type = villar, mass = 0.004263435211354371, velocity = 0.20233333333333337, theta_obs = 0.0]
# schema: astropy-2.0
time swift_uvot_uvw2 swift_uvot_uvm2 swift_uvot_uvw1 swift_uvot_U swift_uvot_B swift_uvot_V swift_uvot_W johnson_U johnson_B johnson_V johnson_R johnson_I sdss_u sdss_g sdss_r sdss_i sdss_z PS1_g PS1_r PS1_i PS1_z PS1_Y PS1_w ATLAS_c ATLAS_o ukirt_J ukirt_H ukirt_K Clear
[from data line 220]
0.70283 -7.255 -5.606 -7.641 -9.598 -10.997 -11.952 -10.143 -9.854 -11.028 -11.984 -12.605 -12.987 -9.771 -11.378 -12.357 -12.788 -13.027 -11.562 -12.384 -12.811 -13.015 -13.148 -12.349 -11.877 -12.571 -13.17 -13.061 -12.781 -12.334
0.724086 -7.251 -5.487 -7.564 -9.534 -10.958 -11.933 -10.113 -9.795 -10.99 -11.965 -12.603 -12.998 -9.709 -11.347 -12.348 -12.792 -13.039 -11.537 -12.376 -12.815 -13.026 -13.164 -12.343 -11.858 -12.568 -13.196 -13.094 -12.82 -12.33
0.745986 -7.247 -5.366 -7.485 -9.468 -10.917 -11.912 -10.081 -9.733 -10.95 -11.946 -12.601 -13.008 -9.645 -11.315 -12.337 -12.794 -13.051 -11.51 -12.366 -12.817 -13.036 -13.179 -12.336 -11.838 -12.565 -13.221 -13.126 -12.858 -12.326
0.768548 -7.245 -5.241 -7.403 -9.399 -10.874 -11.889 -10.048 -9.668 -10.909 -11.924 -12.597 -13.017 -9.578 -11.281 -12.325 -12.794 -13.061 -11.481 -12.355 -12.819 -13.045 -13.194 -12.328 -11.816 -12.559 -13.245 -13.158 -12.896 -12.321
0.791792 -7.244 -5.114 -7.32 -9.327 -10.829 -11.865 -10.014 -9.601 -10.865 -11.901 -12.591 -13.026 -9.509 -11.244 -12.311 -12.794 -13.071 -11.45 -12.342 -12.819 -13.053 -13.207 -12.318 -11.793 -12.553 -13.269 -13.189 -12.933 -12.315
0.815739 -7.244 -4.985 -7.235 -9.252 -10.782 -11.838 -9.978 -9.531 -10.819 -11.876 -12.584 -13.033 -9.437 -11.206 -12.296 -12.792 -13.079 -11.418 -12.328 -12.818 -13.06 -13.22 -12.307 -11.768 -12.545 -13.292 -13.22 -12.97 -12.308
0.840411 -7.244 -4.852 -7.147 -9.175 -10.733 -11.81 -9.941 -9.459 -10.771 -11.849 -12.576 -13.038 -9.362 -11.166 -12.279 -12.789 -13.086 -11.384 -12.312 -12.815 -13.066 -13.232 -12.295 -11.741 -12.536 -13.314 -13.25 -13.007 -12.299
0.865828 -7.246 -4.718 -7.057 -9.095 -10.681 -11.78 -9.901 -9.384 -10.721 -11.821 -12.567 -13.043 -9.284 -11.123 -12.261 -12.784 -13.093 -11.348 -12.295 -12.811 -13.071 -13.242 -12.281 -11.712 -12.525 -13.335 -13.28 -13.043 -12.29
0.892015 -7.247 -4.581 -6.965 -9.012 -10.627 -11.748 -9.86 -9.306 -10.668 -11.79 -12.556 -13.047 -9.203 -11.079 -12.241 -12.779 -13.097 -11.311 -12.276 -12.806 -13.074 -13.252 -12.266 -11.681 -12.513 -13.355 -13.309 -13.079 -12.279
0.918993 -7.25 -4.442 -6.871 -8.925 -10.57 -11.714 -9.818 -9.224 -10.613 -11.758 -12.543 -13.049 -9.119 -11.032 -12.218 -12.771 -13.101 -11.271 -12.255 -12.799 -13.076 -13.26 -12.249 -11.649 -12.499 -13.375 -13.337 -13.114 -12.267
0.946787 -7.255 -4.396 -6.84 -8.897 -10.553 -11.706 -9.806 -9.199 -10.597 -11.75 -12.543 -13.054 -9.092 -11.018 -12.215 -12.773 -13.107 -11.261 -12.252 -12.801 -13.081 -13.268 -12.247 -11.641 -12.498 -13.387 -13.352 -13.131 -12.267
0.975422 -7.262 -4.403 -6.847 -8.904 -10.56 -11.713 -9.813 -9.206 -10.604 -11.757 -12.55 -13.061 -9.099 -11.025 -12.222 -12.78 -13.114 -11.268 -12.259 -12.808 -13.088 -13.275 -12.254 -11.648 -12.505 -13.394 -13.359 -13.138 -12.274
1.004923 -7.269 -4.409 -6.853 -8.911 -10.567 -11.72 -9.82 -9.212 -10.611 -11.763 -12.556 -13.068 -9.106 -11.032 -12.228 -12.786 -13.12 -11.274 -12.265 -12.815 -13.095 -13.281 -12.261 -11.655 -12.512 -13.4 -13.366 -13.145 -12.28
1.035317 -7.275 -4.415 -6.859 -8.917 -10.573 -11.725 -9.826 -9.218 -10.616 -11.769 -12.562 -13.073 -9.112 -11.038 -12.234 -12.792 -13.126 -11.28 -12.271 -12.821 -13.101 -13.287 -12.267 -11.66 -12.518 -13.406 -13.371 -13.151 -12.286
1.066629 -7.28 -4.42 -6.865 -8.922 -10.578 -11.731 -9.831 -9.223 -10.622 -11.774 -12.567 -13.079 -9.117 -11.043 -12.239 -12.797 -13.131 -11.285 -12.277 -12.826 -13.106 -13.292 -12.272 -11.666 -12.523 -13.411 -13.377 -13.156 -12.291
1.098888 -7.285 -4.425 -6.869 -8.927 -10.583 -11.735 -9.835 -9.228 -10.626 -11.779 -12.572 -13.083 -9.122 -11.048 -12.244 -12.802 -13.136 -11.29 -12.281 -12.831 -13.11 -13.297 -12.276 -11.67 -12.528 -13.416 -13.381 -13.161 -12.296
1.132124 -7.289 -4.429 -6.873 -8.93 -10.586 -11.739 -9.839 -9.232 -10.63 -11.783 -12.576 -13.087 -9.126 -11.052 -12.248 -12.806 -13.14 -11.294 -12.285 -12.835 -13.114 -13.301 -12.28 -11.674 -12.532 -13.42 -13.385 -13.165 -12.3
1.166364 -7.292 -4.432 -6.876 -8.934 -10.59 -11.742 -9.843 -9.235 -10.633 -11.786 -12.579 -13.091 -9.129 -11.055 -12.251 -12.809 -13.143 -11.297 -12.288 -12.838 -13.118 -13.304 -12.284 -11.677 -12.535 -13.423 -13.388 -13.168 -12.303
1.20164 -7.294 -4.434 -6.879 -8.936 -10.592 -11.745 -9.845 -9.237 -10.636 -11.789 -12.581 -13.093 -9.131 -11.057 -12.253 -12.812 -13.146 -11.299 -12.291 -12.84 -13.12 -13.306 -12.286 -11.68 -12.537 -13.426 -13.391 -13.17 -12.305
1.237983 -7.296 -4.436 -6.881 -8.938 -10.594 -11.747 -9.847 -9.239 -10.638 -11.79 -12.583 -13.095 -9.133 -11.059 -12.255 -12.813 -13.147 -11.301 -12.293 -12.842 -13.122 -13.308 -12.288 -11.682 -12.539 -13.427 -13.393 -13.172 -12.307
1.275425 -7.297 -4.437 -6.881 -8.939 -10.595 -11.748 -9.848 -9.24 -10.639 -11.791 -12.584 -13.096 -9.134 -11.06 -12.256 -12.814 -13.148 -11.302 -12.293 -12.843 -13.123 -13.309 -12.289 -11.683 -12.54 -13.428 -13.394 -13.173 -12.308
1.313999 -7.297 -4.437 -6.881 -8.939 -10.595 -11.748 -9.848 -9.24 -10.639 -11.791 -12.584 -13.096 -9.134 -11.06 -12.256 -12.814 -13.148 -11.302 -12.293 -12.843 -13.123 -13.309 -12.289 -11.683 -12.54 -13.428 -13.394 -13.173 -12.308
1.35374 -7.296 -4.436 -6.881 -8.938 -10.594 -11.747 -9.847 -9.239 -10.638 -11.79 -12.583 -13.095 -9.133 -11.059 -12.255 -12.813 -13.147 -11.301 -12.293 -12.842 -13.122 -13.308 -12.288 -11.682 -12.539 -13.427 -13.393 -13.172 -12.307
1.394683 -7.294 -4.434 -6.879 -8.936 -10.592 -11.745 -9.845 -9.237 -10.636 -11.789 -12.581 -13.093 -9.131 -11.057 -12.253 -12.811 -13.146 -11.299 -12.291 -12.84 -13.12 -13.306 -12.286 -11.68 -12.537 -13.425 -13.391 -13.17 -12.305
1.436864 -7.291 -4.431 -6.876 -8.933 -10.589 -11.742 -9.842 -9.235 -10.633 -11.786 -12.579 -13.09 -9.128 -11.054 -12.251 -12.809 -13.143 -11.297 -12.288 -12.837 -13.117 -13.304 -12.283 -11.677 -12.534 -13.423 -13.388 -13.167 -12.302
1.480321 -7.288 -4.428 -6.872 -8.929 -10.585 -11.738 -9.838 -9.231 -10.629 -11.782 -12.575 -13.086 -9.124 -11.051 -12.247 -12.805 -13.139 -11.293 -12.284 -12.833 -13.113 -13.3 -12.279 -11.673 -12.531 -13.419 -13.384 -13.164 -12.299
1.525092 -7.283 -4.423 -6.867 -8.924 -10.58 -11.733 -9.833 -9.226 -10.624 -11.777 -12.57 -13.081 -9.119 -11.046 -12.242 -12.8 -13.134 -11.288 -12.279 -12.828 -13.108 -13.295 -12.274 -11.668 -12.526 -13.414 -13.379 -13.159 -12.294
1.571218 -7.276 -4.416 -6.861 -8.918 -10.574 -11.727 -9.827 -9.22 -10.618 -11.771 -12.564 -13.075 -9.113 -11.039 -12.236 -12.794 -13.128 -11.282 -12.273 -12.822 -13.102 -13.289 -12.268 -11.662 -12.519 -13.408 -13.373 -13.152 -12.287
1.618738 -7.269 -4.409 -6.854 -8.911 -10.567 -11.72 -9.82 -9.212 -10.611 -11.763 -12.556 -13.068 -9.106 -11.032 -12.228 -12.786 -13.12 -11.274 -12.266 -12.815 -13.095 -13.281 -12.261 -11.655 -12.512 -13.4 -13.366 -13.145 -12.28
1.667696 -7.26 -4.4 -6.845 -8.902 -10.558 -11.711 -9.811 -9.203 -10.602 -11.755 -12.548 -13.059 -9.097 -11.023 -12.22 -12.778 -13.112 -11.265 -12.257 -12.806 -13.086 -13.273 -12.252 -11.646 -12.503 -13.392 -13.357 -13.136 -12.271
1.718134 -7.25 -4.39 -6.835 -8.892 -10.548 -11.701 -9.801 -9.193 -10.592 -11.745 -12.537 -13.049 -9.087 -11.013 -12.209 -12.768 -13.102 -11.255 -12.247 -12.796 -13.076 -13.263 -12.242 -11.636 -12.493 -13.382 -13.347 -13.126 -12.261
1.770098 -7.239 -4.379 -6.823 -8.881 -10.537 -11.69 -9.79 -9.182 -10.581 -11.733 -12.526 -13.038 -9.076 -11.002 -12.198 -12.756 -13.09 -11.244 -12.235 -12.785 -13.065 -13.251 -12.231 -11.625 -12.482 -13.37 -13.336 -13.115 -12.25
1.823633 -7.226 -4.366 -6.81 -8.868 -10.524 -11.677 -9.777 -9.169 -10.568 -11.72 -12.513 -13.025 -9.063 -10.989 -12.185 -12.743 -13.077 -11.231 -12.222 -12.772 -13.052 -13.238 -12.218 -11.612 -12.469 -13.357 -13.323 -13.102 -12.237
1.878788 -7.211 -4.351 -6.796 -8.853 -10.509 -11.662 -9.762 -9.154 -10.553 -11.706 -12.498 -13.01 -9.048 -10.974 -12.17 -12.729 -13.063 -11.216 -12.208 -12.757 -13.037 -13.223 -12.203 -11.597 -12.454 -13.342 -13.308 -13.087 -12.222
1.93561 -7.195 -4.335 -6.78 -8.837 -10.493 -11.646 -9.746 -9.138 -10.537 -11.689 -12.482 -12.994 -9.032 -10.958 -12.154 -12.712 -13.046 -11.2 -12.192 -12.741 -13.021 -13.207 -12.187 -11.581 -12.438 -13.326 -13.292 -13.071 -12.206
1.994152 -7.177 -4.317 -6.761 -8.819 -10.475 -11.628 -9.728 -9.12 -10.519 -11.671 -12.464 -12.976 -9.014 -10.94 -12.136 -12.694 -13.028 -11.182 -12.173 -12.723 -13.003 -13.189 -12.169 -11.563 -12.42 -13.308 -13.274 -13.053 -12.188
2.054463 -7.157 -4.297 -6.742 -8.799 -10.455 -11.608 -9.708 -9.1 -10.499 -11.651 -12.444 -12.956 -8.994 -10.92 -12.116 -12.674 -13.008 -11.162 -12.154 -12.703 -12.983 -13.169 -12.149 -11.543 -12.4 -13.288 -13.254 -13.033 -12.168
2.116599 -7.135 -4.275 -6.72 -8.777 -10.433 -11.586 -9.686 -9.078 -10.477 -11.629 -12.422 -12.934 -8.972 -10.898 -12.094 -12.652 -12.986 -11.14 -12.132 -12.681 -12.961 -13.147 -12.127 -11.521 -12.378 -13.266 -13.232 -13.011 -12.146
2.180614 -7.111 -4.251 -6.695 -8.753 -10.409 -11.562 -9.662 -9.054 -10.453 -11.605 -12.398 -12.91 -8.948 -10.874 -12.07 -12.628 -12.962 -11.116 -12.107 -12.657 -12.937 -13.123 -12.103 -11.497 -12.354 -13.242 -13.208 -12.987 -12.122
2.246566 -7.085 -4.225 -6.669 -8.726 -10.383 -11.535 -9.635 -9.028 -10.426 -11.579 -12.372 -12.883 -8.922 -10.848 -12.044 -12.602 -12.936 -11.09 -12.081 -12.631 -12.91 -13.097 -12.076 -11.47 -12.328 -13.216 -13.181 -12.961 -12.096
2.314511 -7.056 -4.196 -6.641 -8.698 -10.354 -11.507 -9.607 -8.999 -10.398 -11.55 -12.343 -12.855 -8.893 -10.819 -12.015 -12.573 -12.907 -11.061 -12.053 -12.602 -12.882 -13.068 -12.048 -11.442 -12.299 -13.187 -13.153 -12.932 -12.067
2.384512 -7.025 -4.165 -6.609 -8.667 -10.323 -11.475 -9.576 -8.968 -10.367 -11.519 -12.312 -12.824 -8.862 -10.788 -11.984 -12.542 -12.876 -11.03 -12.021 -12.571 -12.851 -13.037 -12.017 -11.411 -12.268 -13.156 -13.122 -12.901 -12.036
2.45663 -6.991 -4.131 -6.576 -8.633 -10.289 -11.442 -9.542 -8.934 -10.333 -11.486 -12.278 -12.79 -8.828 -10.754 -11.95 -12.508 -12.842 -10.996 -11.988 -12.537 -12.817 -13.003 -11.983 -11.377 -12.234 -13.122 -13.088 -12.867 -12.002
2.530929 -6.955 -4.095 -6.539 -8.596 -10.252 -11.405 -9.505 -8.898 -10.296 -11.449 -12.242 -12.753 -8.792 -10.718 -11.914 -12.472 -12.806 -10.96 -11.951 -12.501 -12.78 -12.967 -11.946 -11.34 -12.198 -13.086 -13.051 -12.831 -11.966
2.607475 -6.915 -4.055 -6.5 -8.557 -10.213 -11.366 -9.466 -8.858 -10.257 -11.41 -12.202 -12.714 -8.752 -10.678 -11.874 -12.432 -12.767 -10.92 -11.912 -12.461 -12.741 -12.927 -11.907 -11.301 -12.158 -13.046 -13.012 -12.791 -11.926
2.686337 -6.873 -4.013 -6.457 -8.514 -10.17 -11.323 -9.423 -8.816 -10.214 -11.367 -12.16 -12.671 -8.71 -10.636 -11.832 -12.39 -12.724 -10.878 -11.869 -12.419 -12.698 -12.885 -11.864 -11.258 -12.116 -13.004 -12.969 -12.749 -11.884
2.767583 -6.827 -3.967 -6.411 -8.469 -10.125 -11.277 -9.378 -8.77 -10.168 -11.321 -12.114 -12.626 -8.664 -10.59 -11.786 -12.344 -12.678 -10.832 -11.823 -12.373 -12.653 -12.839 -11.819 -11.212 -12.07 -12.958 -12.923 -12.703 -11.838
2.851287 -6.778 -3.918 -6.362 -8.419 -10.075 -11.228 -9.328 -8.721 -10.119 -11.272 -12.065 -12.576 -8.614 -10.541 -11.737 -12.295 -12.629 -10.783 -11.774 -12.323 -12.603 -12.79 -11.769 -11.163 -12.021 -12.909 -12.874 -12.654 -11.789
2.937522 -6.725 -3.865 -6.309 -8.366 -10.023 -11.175 -9.275 -8.668 -10.066 -11.219 -12.012 -12.523 -8.562 -10.488 -11.684 -12.242 -12.576 -10.73 -11.721 -12.271 -12.55 -12.737 -11.716 -11.11 -11.968 -12.856 -12.821 -12.601 -11.736
3.026365 -6.668 -3.808 -6.252 -8.31 -9.966 -11.118 -9.219 -8.611 -10.009 -11.162 -11.955 -12.467 -8.505 -10.431 -11.627 -12.185 -12.519 -10.673 -11.664 -12.214 -12.494 -12.68 -11.66 -11.054 -11.911 -12.799 -12.765 -12.544 -11.679
3.117896 -6.607 -3.747 -6.192 -8.249 -9.905 -11.058 -9.158 -8.55 -9.949 -11.101 -11.894 -12.406 -8.444 -10.37 -11.566 -12.124 -12.458 -10.612 -11.604 -12.153 -12.433 -12.619 -11.599 -10.993 -11.85 -12.738 -12.704 -12.483 -11.618
3.212194 -6.542 -3.682 -6.126 -8.184 -9.84 -10.992 -9.093 -8.485 -9.883 -11.036 -11.829 -12.341 -8.379 -10.305 -11.501 -12.059 -12.393 -10.547 -11.538 -12.088 -12.368 -12.554 -11.534 -10.928 -11.785 -12.673 -12.639 -12.418 -11.553
3.309345 -6.472 -3.612 -6.057 -8.114 -9.77 -10.923 -9.023 -8.415 -9.814 -10.967 -11.759 -12.271 -8.309 -10.235 -11.431 -11.989 -12.323 -10.477 -11.469 -12.018 -12.298 -12.484 -11.464 -10.858 -11.715 -12.603 -12.569 -12.348 -11.483
3.409434 -6.398 -3.538 -5.982 -8.039 -9.695 -10.848 -8.948 -8.341 -9.739 -10.892 -11.685 -12.196 -8.235 -10.161 -11.357 -11.915 -12.249 -10.403 -11.394 -11.944 -12.223 -12.41 -11.389 -10.783 -11.641 -12.529 -12.494 -12.274 -11.409
3.51255 -6.318 -3.458 -5.903 -7.96 -9.616 -10.769 -8.869 -8.261 -9.66 -10.812 -11.605 -12.117 -8.155 -10.081 -11.277 -11.835 -12.169 -10.323 -11.315 -11.864 -12.144 -12.33 -11.31 -10.704 -11.561 -12.449 -12.415 -12.194 -11.329
3.618785 -6.233 -3.373 -5.818 -7.875 -9.531 -10.684 -8.784 -8.176 -9.575 -10.727 -11.52 -12.032 -8.07 -9.996 -11.192 -11.75 -12.084 -10.238 -11.23 -11.779 -12.059 -12.245 -11.225 -10.619 -11.476 -12.364 -12.33 -12.109 -11.244
3.728232 -6.142 -3.282 -5.727 -7.784 -9.44 -10.593 -8.693 -8.085 -9.484 -10.637 -11.429 -11.941 -7.979 -9.905 -11.101 -11.66 -11.994 -10.147 -11.139 -11.688 -11.968 -12.155 -11.134 -10.528 -11.385 -12.274 -12.239 -12.018 -11.153
3.84099 -6.046 -3.186 -5.63 -7.688 -9.344 -10.496 -8.596 -7.989 -9.387 -10.54 -11.333 -11.844 -7.883 -9.809 -11.005 -11.563 -11.897 -10.051 -11.042 -11.592 -11.871 -12.058 -11.037 -10.431 -11.289 -12.177 -12.142 -11.922 -11.057
3.957158 -5.943 -3.083 -5.527 -7.584 -9.241 -10.393 -8.493 -7.886 -9.284 -10.437 -11.23 -11.741 -7.78 -9.706 -10.902 -11.46 -11.794 -9.948 -10.939 -11.489 -11.768 -11.955 -10.934 -10.328 -11.186 -12.074 -12.039 -11.819 -10.954
4.07684 -5.833 -2.973 -5.417 -7.475 -9.131 -10.284 -8.384 -7.776 -9.175 -10.327 -11.12 -11.632 -7.67 -9.596 -10.792 -11.35 -11.684 -9.838 -10.829 -11.379 -11.659 -11.845 -10.825 -10.219 -11.076 -11.964 -11.93 -11.709 -10.844
4.200141 -5.716 -2.856 -5.301 -7.358 -9.014 -10.167 -8.267 -7.659 -9.058 -10.21 -11.003 -11.515 -7.553 -9.479 -10.675 -11.233 -11.567 -9.721 -10.713 -11.262 -11.542 -11.728 -10.708 -10.102 -10.959 -11.847 -11.813 -11.592 -10.727
4.327172 -5.592 -2.732 -5.176 -7.234 -8.89 -10.042 -8.142 -7.535 -8.933 -10.086 -10.879 -11.39 -7.429 -9.355 -10.551 -11.109 -11.443 -9.597 -10.588 -11.138 -11.417 -11.604 -10.583 -9.977 -10.835 -11.723 -11.688 -11.468 -10.603
4.458044 -5.459 -2.599 -5.044 -7.101 -8.757 -9.91 -8.01 -7.402 -8.801 -9.954 -10.746 -11.258 -7.296 -9.222 -10.418 -10.977 -11.311 -9.464 -10.456 -11.005 -11.285 -11.472 -10.451 -9.845 -10.702 -11.591 -11.556 -11.335 -10.47
4.592874 -5.319 -2.459 -4.903 -6.96 -8.616 -9.769 -7.869 -7.262 -8.66 -9.813 -10.606 -11.117 -7.156 -9.082 -10.278 -10.836 -11.17 -9.324 -10.315 -10.865 -11.144 -11.331 -10.31 -9.704 -10.562 -11.45 -11.415 -11.195 -10.33
4.731783 -5.169 -2.309 -4.754 -6.811 -8.467 -9.62 -7.72 -7.112 -8.511 -9.663 -10.456 -10.968 -7.006 -8.932 -10.128 -10.686 -11.02 -9.174 -10.166 -10.715 -10.995 -11.181 -10.161 -9.555 -10.412 -11.3 -11.266 -11.045 -10.18
4.874892 -5.01 -2.15 -4.594 -6.652 -8.308 -9.461 -7.561 -6.953 -8.352 -9.504 -10.297 -10.809 -6.847 -8.773 -9.969 -10.527 -10.861 -9.015 -10.006 -10.556 -10.836 -11.022 -10.002 -9.396 -10.253 -11.141 -11.107 -10.886 -10.021
5.02233 -4.841 -1.981 -4.425 -6.483 -8.139 -9.291 -7.392 -6.784 -8.182 -9.335 -10.128 -10.64 -6.678 -8.604 -9.8 -10.358 -10.692 -8.846 -9.837 -10.387 -10.667 -10.853 -9.833 -9.227 -10.084 -10.972 -10.938 -10.717 -9.852
5.174227 -4.661 -1.801 -4.246 -6.303 -7.959 -9.112 -7.212 -6.604 -8.003 -9.156 -9.948 -10.46 -6.498 -8.424 -9.62 -10.178 -10.513 -8.666 -9.658 -10.207 -10.487 -10.673 -9.653 -9.047 -9.904 -10.792 -10.758 -10.537 -9.672
