web/models/kne.last_good/kappa_1_10/28/villar_0.0052_0.0613_10.0000.dat
# %ECSV 1.0
# ---
# datatype:
# - {name: time, datatype: float64}
# - {name: swift_uvot_uvw2, datatype: float64}
# - {name: swift_uvot_uvm2, datatype: float64}
# - {name: swift_uvot_uvw1, datatype: float64}
# - {name: swift_uvot_U, datatype: float64}
# - {name: swift_uvot_B, datatype: float64}
# - {name: swift_uvot_V, datatype: float64}
# - {name: swift_uvot_W, datatype: float64}
# - {name: johnson_U, datatype: float64}
# - {name: johnson_B, datatype: float64}
# - {name: johnson_V, datatype: float64}
# - {name: johnson_R, datatype: float64}
# - {name: johnson_I, datatype: float64}
# - {name: sdss_u, datatype: float64}
# - {name: sdss_g, datatype: float64}
# - {name: sdss_r, datatype: float64}
# - {name: sdss_i, datatype: float64}
# - {name: sdss_z, datatype: float64}
# - {name: PS1_g, datatype: float64}
# - {name: PS1_r, datatype: float64}
# - {name: PS1_i, datatype: float64}
# - {name: PS1_z, datatype: float64}
# - {name: PS1_Y, datatype: float64}
# - {name: PS1_w, datatype: float64}
# - {name: ATLAS_c, datatype: float64}
# - {name: ATLAS_o, datatype: float64}
# - {name: ukirt_J, datatype: float64}
# - {name: ukirt_H, datatype: float64}
# - {name: ukirt_K, datatype: float64}
# - {name: Clear, datatype: float64}
# meta: !!omap
# - comment: [kappa = 10.0, type = villar, mass = 0.005244756555828381, velocity = 0.06133333333333335, theta_obs = 0.0]
# schema: astropy-2.0
time swift_uvot_uvw2 swift_uvot_uvm2 swift_uvot_uvw1 swift_uvot_U swift_uvot_B swift_uvot_V swift_uvot_W johnson_U johnson_B johnson_V johnson_R johnson_I sdss_u sdss_g sdss_r sdss_i sdss_z PS1_g PS1_r PS1_i PS1_z PS1_Y PS1_w ATLAS_c ATLAS_o ukirt_J ukirt_H ukirt_K Clear
[from data line 292]
6.005465 -6.759 -3.899 -6.343 -8.401 -10.057 -11.209 -9.31 -8.702 -10.1 -11.253 -12.046 -12.558 -8.596 -10.522 -11.718 -12.276 -12.61 -10.764 -11.755 -12.305 -12.585 -12.771 -11.751 -11.145 -12.002 -12.89 -12.856 -12.635 -11.77
6.187096 -6.701 -3.841 -6.285 -8.342 -9.998 -11.151 -9.251 -8.644 -10.042 -11.195 -11.988 -12.499 -8.537 -10.464 -11.66 -12.218 -12.552 -10.706 -11.697 -12.246 -12.526 -12.713 -11.692 -11.086 -11.944 -12.832 -12.797 -12.577 -11.712
6.37422 -6.638 -3.778 -6.223 -8.28 -9.936 -11.089 -9.189 -8.581 -9.98 -11.132 -11.925 -12.437 -8.475 -10.401 -11.597 -12.155 -12.489 -10.643 -11.635 -12.184 -12.464 -12.65 -11.63 -11.024 -11.881 -12.769 -12.735 -12.514 -11.649
6.567004 -6.571 -3.711 -6.156 -8.213 -9.869 -11.022 -9.122 -8.514 -9.913 -11.066 -11.858 -12.37 -8.408 -10.334 -11.53 -12.088 -12.423 -10.576 -11.568 -12.117 -12.397 -12.583 -11.563 -10.957 -11.814 -12.702 -12.668 -12.447 -11.582
6.765619 -6.5 -3.64 -6.084 -8.141 -9.797 -10.95 -9.05 -8.443 -9.841 -10.994 -11.787 -12.298 -8.336 -10.263 -11.459 -12.017 -12.351 -10.505 -11.496 -12.045 -12.325 -12.512 -11.491 -10.885 -11.743 -12.631 -12.596 -12.376 -11.511
6.97024 -6.423 -3.563 -6.008 -8.065 -9.721 -10.874 -8.974 -8.366 -9.765 -10.917 -11.71 -12.222 -8.26 -10.186 -11.382 -11.94 -12.274 -10.428 -11.42 -11.969 -12.249 -12.435 -11.415 -10.809 -11.666 -12.554 -12.52 -12.299 -11.434
7.181051 -6.341 -3.481 -5.926 -7.983 -9.639 -10.792 -8.892 -8.284 -9.683 -10.836 -11.628 -12.14 -8.178 -10.104 -11.3 -11.858 -12.193 -10.346 -11.338 -11.887 -12.167 -12.353 -11.333 -10.727 -11.584 -12.472 -12.438 -12.217 -11.352
7.398237 -6.254 -3.394 -5.838 -7.896 -9.552 -10.704 -8.805 -8.197 -9.595 -10.748 -11.541 -12.053 -8.091 -10.017 -11.213 -11.771 -12.105 -10.259 -11.25 -11.8 -12.08 -12.266 -11.246 -10.639 -11.497 -12.385 -12.35 -12.13 -11.265
7.621991 -6.161 -3.301 -5.745 -7.802 -9.458 -10.611 -8.711 -8.104 -9.502 -10.655 -11.448 -11.959 -7.998 -9.924 -11.12 -11.678 -12.012 -10.166 -11.157 -11.707 -11.986 -12.173 -11.152 -10.546 -11.404 -12.292 -12.257 -12.037 -11.172
7.852513 -6.061 -3.201 -5.646 -7.703 -9.359 -10.512 -8.612 -8.004 -9.403 -10.556 -11.348 -11.86 -7.898 -9.824 -11.02 -11.578 -11.913 -10.066 -11.058 -11.607 -11.887 -12.073 -11.053 -10.447 -11.304 -12.192 -12.158 -11.937 -11.072
8.090007 -5.955 -3.095 -5.54 -7.597 -9.253 -10.406 -8.506 -7.898 -9.297 -10.45 -11.242 -11.754 -7.792 -9.718 -10.914 -11.473 -11.807 -9.96 -10.952 -11.501 -11.781 -11.967 -10.947 -10.341 -11.198 -12.086 -12.052 -11.831 -10.966
8.334684 -5.842 -2.982 -5.427 -7.484 -9.14 -10.293 -8.393 -7.786 -9.184 -10.337 -11.13 -11.641 -7.679 -9.605 -10.802 -11.36 -11.694 -9.848 -10.839 -11.388 -11.668 -11.855 -10.834 -10.228 -11.085 -11.974 -11.939 -11.718 -10.853
8.586761 -5.722 -2.862 -5.307 -7.364 -9.02 -10.173 -8.273 -7.665 -9.064 -10.217 -11.009 -11.521 -7.559 -9.485 -10.681 -11.239 -11.574 -9.727 -10.719 -11.268 -11.548 -11.734 -10.714 -10.108 -10.965 -11.853 -11.819 -11.598 -10.733
8.846461 -5.594 -2.734 -5.179 -7.236 -8.892 -10.045 -8.145 -7.537 -8.936 -10.089 -10.881 -11.393 -7.431 -9.357 -10.553 -11.112 -11.446 -9.599 -10.591 -11.14 -11.42 -11.606 -10.586 -9.98 -10.837 -11.725 -11.691 -11.47 -10.605
9.114017 -5.458 -2.598 -5.043 -7.1 -8.756 -9.909 -8.009 -7.401 -8.8 -9.953 -10.745 -11.257 -7.295 -9.221 -10.417 -10.975 -11.309 -9.463 -10.455 -11.004 -11.284 -11.47 -10.45 -9.844 -10.701 -11.589 -11.555 -11.334 -10.469
9.389664 -5.313 -2.453 -4.898 -6.955 -8.611 -9.764 -7.864 -7.256 -8.655 -9.808 -10.6 -11.112 -7.15 -9.076 -10.272 -10.831 -11.165 -9.318 -10.31 -10.859 -11.139 -11.326 -10.305 -9.699 -10.556 -11.445 -11.41 -11.189 -10.324
9.673648 -5.159 -2.299 -4.744 -6.801 -8.457 -9.61 -7.71 -7.102 -8.501 -9.654 -10.446 -10.958 -6.996 -8.922 -10.118 -10.677 -11.011 -9.164 -10.156 -10.705 -10.985 -11.171 -10.151 -9.545 -10.402 -11.291 -11.256 -11.035 -10.17
9.966221 -4.996 -2.136 -4.58 -6.637 -8.293 -9.446 -7.546 -6.939 -8.337 -9.49 -10.283 -10.794 -6.832 -8.759 -9.955 -10.513 -10.847 -9.001 -9.992 -10.542 -10.821 -11.008 -9.987 -9.381 -10.239 -11.127 -11.092 -10.872 -10.007
10.267642 -4.822 -1.962 -4.406 -6.463 -8.119 -9.272 -7.372 -6.765 -8.163 -9.316 -10.109 -10.62 -6.658 -8.585 -9.781 -10.339 -10.673 -8.827 -9.818 -10.367 -10.647 -10.834 -9.813 -9.207 -10.065 -10.953 -10.918 -10.698 -9.833
10.57818 -4.637 -1.777 -4.221 -6.279 -7.935 -9.087 -7.187 -6.58 -7.978 -9.131 -9.924 -10.435 -6.474 -8.4 -9.596 -10.154 -10.488 -8.642 -9.633 -10.183 -10.462 -10.649 -9.628 -9.022 -9.88 -10.768 -10.733 -10.513 -9.648
10.89811 -4.44 -1.58 -4.025 -6.082 -7.738 -8.891 -6.991 -6.383 -7.782 -8.935 -9.727 -10.239 -6.277 -8.203 -9.399 -9.957 -10.292 -8.445 -9.437 -9.986 -10.266 -10.452 -9.432 -8.826 -9.683 -10.571 -10.537 -10.316 -9.451
11.227716 -4.232 -1.372 -3.816 -5.873 -7.529 -8.682 -6.782 -6.175 -7.573 -8.726 -9.519 -10.03 -6.068 -7.995 -9.191 -9.749 -10.083 -8.237 -9.228 -9.777 -10.057 -10.244 -9.223 -8.617 -9.475 -10.363 -10.328 -10.107 -9.243
11.56729 -4.01 -1.15 -3.594 -5.652 -7.308 -8.461 -6.561 -5.953 -7.352 -8.504 -9.297 -9.809 -5.847 -7.773 -8.969 -9.527 -9.861 -8.015 -9.006 -9.556 -9.836 -10.022 -9.002 -8.396 -9.253 -10.141 -10.107 -9.886 -9.021
11.917135 -3.775 -0.915 -3.359 -5.416 -7.072 -8.225 -6.325 -5.718 -7.116 -8.269 -9.062 -9.573 -5.611 -7.538 -8.734 -9.292 -9.626 -7.78 -8.771 -9.32 -9.6 -9.787 -8.766 -8.16 -9.017 -9.906 -9.871 -9.65 -8.786
12.277561 -3.525 -0.665 -3.109 -5.166 -6.822 -7.975 -6.075 -5.468 -6.866 -8.019 -8.812 -9.323 -5.362 -7.288 -8.484 -9.042 -9.376 -7.53 -8.521 -9.071 -9.35 -9.537 -8.516 -7.91 -8.768 -9.656 -9.621 -9.401 -8.536
12.648887 -3.259 -0.399 -2.844 -4.901 -6.557 -7.71 -5.81 -5.202 -6.601 -7.754 -8.546 -9.058 -5.096 -7.022 -8.218 -8.776 -9.111 -7.264 -8.256 -8.805 -9.085 -9.271 -8.251 -7.645 -8.502 -9.39 -9.356 -9.135 -8.27
13.031444 -2.978 -0.118 -2.562 -4.619 -6.275 -7.428 -5.528 -4.921 -6.319 -7.472 -8.265 -8.776 -4.814 -6.741 -7.937 -8.495 -8.829 -6.983 -7.974 -8.523 -8.803 -8.99 -7.969 -7.363 -8.22 -9.109 -9.074 -8.853 -7.989
13.425571 -2.678 0.182 -2.263 -4.32 -5.976 -7.129 -5.229 -4.622 -6.02 -7.173 -7.966 -8.477 -4.515 -6.441 -7.638 -8.196 -8.53 -6.684 -7.675 -8.224 -8.504 -8.691 -7.67 -7.064 -7.921 -8.81 -8.775 -8.554 -7.689
13.831619 -2.361 0.499 -1.945 -4.003 -5.659 -6.812 -4.912 -4.304 -5.703 -6.855 -7.648 -8.16 -4.198 -6.124 -7.32 -7.878 -8.212 -6.366 -7.357 -7.907 -8.187 -8.373 -7.353 -6.747 -7.604 -8.492 -8.458 -8.237 -7.372
14.249947 -2.024 0.836 -1.608 -3.666 -5.322 -6.475 -4.575 -3.967 -5.366 -6.518 -7.311 -7.823 -3.861 -5.787 -6.983 -7.541 -7.875 -6.029 -7.02 -7.57 -7.85 -8.036 -7.016 -6.41 -7.267 -8.155 -8.121 -7.9 -7.035
14.680926 -1.666 1.194 -1.251 -3.308 -4.964 -6.117 -4.217 -3.609 -5.008 -6.161 -6.953 -7.465 -3.503 -5.429 -6.625 -7.183 -7.518 -5.671 -6.663 -7.212 -7.492 -7.678 -6.658 -6.052 -6.909 -7.797 -7.763 -7.542 -6.677
15.124941 -1.286 1.574 -0.871 -2.928 -4.584 -5.737 -3.837 -3.23 -4.628 -5.781 -6.574 -7.085 -3.123 -5.049 -6.246 -6.804 -7.138 -5.292 -6.283 -6.832 -7.112 -7.299 -6.278 -5.672 -6.529 -7.418 -7.383 -7.162 -6.297
15.582385 -0.883 1.977 -0.468 -2.525 -4.181 -5.334 -3.434 -2.826 -4.225 -5.378 -6.17 -6.682 -2.72 -4.646 -5.842 -6.401 -6.735 -4.888 -5.88 -6.429 -6.709 -6.896 -5.875 -5.269 -6.126 -7.015 -6.98 -6.759 -5.894
16.053663 -0.456 2.404 -0.04 -2.097 -3.753 -4.906 -3.006 -2.399 -3.797 -4.95 -5.743 -6.254 -2.292 -4.219 -5.415 -5.973 -6.307 -4.461 -5.452 -6.001 -6.281 -6.468 -5.447 -4.841 -5.699 -6.587 -6.552 -6.332 -5.467
16.539195 -0.001 2.859 0.414 -1.643 -3.299 -4.452 -2.552 -1.945 -3.343 -4.496 -5.289 -5.8 -1.838 -3.764 -4.961 -5.519 -5.853 -4.007 -4.998 -5.547 -5.827 -6.014 -4.993 -4.387 -5.244 -6.133 -6.098 -5.877 -5.012
17.039412 0.481 3.341 0.896 -1.161 -2.817 -3.97 -2.07 -1.463 -2.861 -4.014 -4.807 -5.318 -1.356 -3.282 -4.479 -5.037 -5.371 -3.525 -4.516 -5.065 -5.345 -5.532 -4.511 -3.905 -4.762 -5.651 -5.616 -5.395 -4.53
17.554757 0.992 3.852 1.408 -0.65 -2.306 -3.458 -1.559 -0.951 -2.349 -3.502 -4.295 -4.807 -0.845 -2.771 -3.967 -4.525 -4.859 -3.013 -4.004 -4.554 -4.834 -5.02 -4.0 -3.393 -4.251 -5.139 -5.104 -4.884 -4.019
18.085689 1.535 4.395 1.951 -0.107 -1.763 -2.915 -1.016 -0.408 -1.806 -2.959 -3.752 -4.264 -0.302 -2.228 -3.424 -3.982 -4.316 -2.47 -3.461 -4.011 -4.291 -4.477 -3.457 -2.85 -3.708 -4.596 -4.561 -4.341 -3.476
18.632678 2.112 4.971 2.527 0.47 -1.186 -2.339 -0.439 0.168 -1.23 -2.383 -3.176 -3.687 0.275 -1.651 -2.848 -3.406 -3.74 -1.894 -2.885 -3.434 -3.714 -3.901 -2.88 -2.274 -3.131 -4.02 -3.985 -3.764 -2.9
19.196211 2.723 5.583 3.139 1.081 -0.575 -1.727 0.172 0.78 -0.618 -1.771 -2.564 -3.075 0.886 -1.04 -2.236 -2.794 -3.128 -1.282 -2.273 -2.823 -3.103 -3.289 -2.269 -1.662 -2.52 -3.408 -3.373 -3.153 -2.288
19.776787 3.373 6.233 3.788 1.731 0.075 -1.078 0.822 1.429 0.031 -1.122 -1.915 -2.426 1.536 -0.39 -1.587 -2.145 -2.479 -0.633 -1.624 -2.173 -2.453 -2.64 -1.619 -1.013 -1.87 -2.759 -2.724 -2.503 -1.638
20.374923 4.062 6.922 4.477 2.42 0.764 -0.389 1.511 2.119 0.72 -0.433 -1.225 -1.737 2.225 0.299 -0.897 -1.455 -1.79 0.057 -0.935 -1.484 -1.764 -1.95 -0.93 -0.324 -1.181 -2.069 -2.035 -1.814 -0.949
20.991149 4.793 7.653 5.209 3.151 1.495 0.343 2.242 2.85 1.452 0.299 -0.494 -1.005 2.956 1.03 -0.166 -0.724 -1.058 0.788 -0.203 -0.753 -1.033 -1.219 -0.199 0.408 -0.45 -1.338 -1.303 -1.083 -0.218
21.626011 5.57 8.43 5.985 3.928 2.272 1.119 3.019 3.627 2.228 1.075 0.283 -0.229 3.733 1.807 0.611 0.052 -0.282 1.565 0.573 0.024 -0.256 -0.443 0.578 1.184 0.327 -0.562 -0.527 -0.306 0.559
22.280075 6.394 9.254 6.809 4.752 3.096 1.943 3.843 4.451 3.052 1.899 1.107 0.595 4.557 2.631 1.435 0.877 0.542 2.389 1.397 0.848 0.568 0.382 1.402 2.008 1.151 0.263 0.297 0.518 1.383
22.953921 7.268 10.128 7.684 5.627 3.971 2.818 4.718 5.325 3.927 2.774 1.981 1.47 5.432 3.505 2.309 1.751 1.417 3.263 2.272 1.723 1.443 1.256 2.277 2.883 2.025 1.137 1.172 1.393 2.257
23.648147 8.197 11.057 8.612 6.555 4.899 3.746 5.646 6.254 4.855 3.702 2.91 2.398 6.36 4.434 3.238 2.68 2.346 4.192 3.2 2.651 2.371 2.185 3.205 3.811 2.954 2.066 2.1 2.321 3.186
24.363369 9.182 12.042 9.598 7.54 5.884 4.732 6.631 7.239 5.841 4.688 3.895 3.384 7.345 5.419 4.223 3.665 3.331 5.177 4.186 3.636 3.356 3.17 4.19 4.797 3.939 3.051 3.086 3.306 4.171
25.100222 10.228 13.088 10.644 8.586 6.93 5.778 7.677 8.285 6.887 5.734 4.941 4.43 8.391 6.465 5.269 4.711 4.377 6.223 5.232 4.682 4.402 4.216 5.236 5.843 4.985 4.097 4.132 4.352 5.217
25.859362 11.338 14.198 11.754 9.696 8.04 6.888 8.788 9.395 7.997 6.844 6.051 5.54 9.501 7.575 6.379 5.821 5.487 7.333 6.342 5.792 5.513 5.326 6.347 6.953 6.095 5.207 5.242 5.462 6.327
26.64146 12.517 15.377 12.932 10.875 9.219 8.066 9.966 10.574 9.175 8.022 7.23 6.718 10.68 8.754 7.558 6.999 6.665 8.512 7.52 6.971 6.691 6.504 7.525 8.131 7.274 6.385 6.42 6.641 7.506
27.447213 13.767 16.627 14.183 12.125 10.469 9.317 11.217 11.824 10.426 9.273 8.48 7.969 11.93 10.004 8.808 8.25 7.916 9.762 8.771 8.221 7.942 7.755 8.775 9.382 8.524 7.636 7.671 7.891 8.756
28.277335 15.095 17.955 15.51 13.453 11.797 10.644 12.544 13.152 11.753 10.6 9.808 9.296 13.258 11.332 10.136 9.578 9.243 11.09 10.098 9.549 9.269 9.083 10.103 10.709 9.852 8.964 8.998 9.219 10.084
29.132564 16.504 19.364 16.919 14.862 13.206 12.053 13.953 14.561 13.162 12.009 11.217 10.705 14.667 12.741 11.545 10.986 10.652 12.499 11.507 10.958 10.678 10.492 11.512 12.118 11.261 10.373 10.407 10.628 11.493
30.013659 17.999 20.859 18.415 16.357 14.701 13.549 15.448 16.056 14.658 13.505 12.712 12.201 16.162 14.236 13.04 12.482 12.148 13.994 13.003 12.453 12.173 11.987 13.007 13.614 12.756 11.868 11.903 12.123 12.988
30.921401 19.586 22.446 20.002 17.945 16.289 15.136 17.036 17.643 16.245 15.092 14.299 13.788 17.75 15.823 14.627 14.069 13.735 15.581 14.59 14.041 13.761 13.574 14.595 15.201 14.344 13.455 13.49 13.711 14.575
31.856598 21.271 24.131 21.687 19.629 17.973 16.821 18.72 19.328 17.93 16.777 15.984 15.473 19.434 17.508 16.312 15.754 15.42 17.266 16.275 15.725 15.445 15.259 16.279 16.886 16.028 15.14 15.175 15.395 16.26
32.820079 23.059 25.919 23.475 21.418 19.762 18.609 20.509 21.116 19.718 18.565 17.772 17.261 21.223 19.296 18.1 17.542 17.208 19.054 18.063 17.514 17.234 17.047 18.068 18.674 17.817 16.928 16.963 17.184 18.048
33.8127 24.958 27.817 25.373 23.316 21.66 20.507 22.407 23.014 21.616 20.463 19.67 19.159 23.121 21.195 19.998 19.44 19.106 20.952 19.961 19.412 19.132 18.945 19.966 20.572 19.715 18.826 18.861 19.082 19.946
34.835342 26.972 29.832 27.388 25.33 23.674 22.521 24.421 25.029 23.63 22.478 21.685 21.173 25.135 23.209 22.013 21.455 21.121 22.967 21.976 21.426 21.146 20.96 21.98 22.586 21.729 20.841 20.875 21.096 21.961
35.888913 29.11 31.97 29.526 27.469 25.812 24.66 26.56 27.167 25.769 24.616 23.823 23.312 27.273 25.347 24.151 23.593 23.259 25.105 24.114 23.564 23.285 23.098 24.119 24.725 23.867 22.979 23.014 23.234 24.099
36.974349 31.38 34.24 31.795 29.738 28.082 26.929 28.829 29.437 28.038 26.885 26.093 25.581 29.543 27.617 26.421 25.863 25.529 27.375 26.383 25.834 25.554 25.368 26.388 26.994 26.137 25.249 25.283 25.504 26.369
38.092613 33.789 36.649 34.204 32.147 30.491 29.338 31.238 31.846 30.447 29.294 28.502 27.99 31.952 30.026 28.83 28.272 27.937 29.784 28.792 28.243 27.963 27.777 28.797 29.403 28.546 27.658 27.692 27.913 28.778
39.244698 36.346 39.206 36.761 34.704 33.048 31.895 33.795 34.403 33.004 31.851 31.059 30.547 34.509 32.583 31.387 30.828 30.494 32.341 31.349 30.8 30.52 30.333 31.354 31.96 31.103 30.214 30.249 30.47 31.335
40.431627 39.06 41.919 39.475 37.418 35.762 34.609 36.509 37.116 35.718 34.565 33.772 33.261 37.223 35.297 34.1 33.542 33.208 35.054 34.063 33.514 33.234 33.047 34.068 34.674 33.817 32.928 32.963 33.184 34.048
41.654454 41.94 44.8 42.355 40.298 38.642 37.489 39.389 39.997 38.598 37.446 36.653 36.141 40.103 38.177 36.981 36.423 36.089 37.935 36.943 36.394 36.114 35.928 36.948 37.554 36.697 35.809 35.843 36.064 36.929
42.914265 44.997 47.857 45.413 43.356 41.699 40.547 42.447 43.054 41.656 40.503 39.71 39.199 43.16 41.234 40.038 39.48 39.146 40.992 40.001 39.451 39.172 38.985 40.006 40.612 39.754 38.866 38.901 39.121 39.986
44.212178 48.242 51.102 48.658 46.601 44.945 43.792 45.692 46.299 44.901 43.748 42.955 42.444 46.406 44.479 43.283 42.725 42.391 44.237 43.246 42.697 42.417 42.23 43.251 43.857 42.999 42.111 42.146 42.366 43.231
45.549345 51.687 54.547 52.102 50.045 48.389 47.236 49.136 49.744 48.345 47.192 46.4 45.888 49.85 47.924 46.728 46.17 45.835 47.682 46.69 46.141 45.861 45.675 46.695 47.301 46.444 45.556 45.59 45.811 46.676
46.926954 55.343 58.203 55.758 53.701 52.045 50.892 52.792 53.4 52.001 50.848 50.055 49.544 53.506 51.58 50.383 49.825 49.491 51.338 50.346 49.797 49.517 49.33 50.351 50.957 50.1 49.211 49.246 49.467 50.332
48.346227 59.223 62.083 59.638 57.581 55.925 54.772 56.672 57.28 55.881 54.729 53.936 53.424 57.386 55.46 54.264 53.706 53.372 55.218 54.226 53.677 53.397 53.211 54.231 54.837 53.98 53.092 53.126 53.347 54.212
49.808426 63.342 66.201 63.757 61.7 60.044 58.891 60.791 61.398 60.0 58.847 58.054 57.543 61.505 59.579 58.382 57.824 57.49 59.336 58.345 57.796 57.516 57.329 58.35 58.956 58.099 57.21 57.245 57.466 58.33
51.314848 67.713 70.573 68.128 66.071 64.415 63.262 65.162 65.77 64.371 63.219 62.426 61.914 65.876 63.95 62.754 62.196 61.862 63.708 62.716 62.167 61.887 61.701 62.721 63.327 62.47 61.582 61.616 61.837 62.702
52.86683 72.353 75.213 72.768 70.711 69.055 67.902 69.802 70.41 69.011 67.858 67.066 66.554 70.516 68.59 67.394 66.836 66.502 68.348 67.356 66.807 66.527 66.341 67.361 67.967 67.11 66.222 66.256 66.477 67.342
54.465752 77.278 80.138 77.693 75.636 73.98 72.827 74.727 75.335 73.936 72.783 71.991 71.479 75.441 73.515 72.319 71.76 71.426 73.273 72.281 71.732 71.452 71.265 72.286 72.892 72.035 71.146 71.181 71.402 72.267
