web/models/kne.last_good/kappa_1_10/28/villar_0.4064_0.2180_1.0000.dat
# %ECSV 1.0
# ---
# datatype:
# - {name: time, datatype: float64}
# - {name: swift_uvot_uvw2, datatype: float64}
# - {name: swift_uvot_uvm2, datatype: float64}
# - {name: swift_uvot_uvw1, datatype: float64}
# - {name: swift_uvot_U, datatype: float64}
# - {name: swift_uvot_B, datatype: float64}
# - {name: swift_uvot_V, datatype: float64}
# - {name: swift_uvot_W, datatype: float64}
# - {name: johnson_U, datatype: float64}
# - {name: johnson_B, datatype: float64}
# - {name: johnson_V, datatype: float64}
# - {name: johnson_R, datatype: float64}
# - {name: johnson_I, datatype: float64}
# - {name: sdss_u, datatype: float64}
# - {name: sdss_g, datatype: float64}
# - {name: sdss_r, datatype: float64}
# - {name: sdss_i, datatype: float64}
# - {name: sdss_z, datatype: float64}
# - {name: PS1_g, datatype: float64}
# - {name: PS1_r, datatype: float64}
# - {name: PS1_i, datatype: float64}
# - {name: PS1_z, datatype: float64}
# - {name: PS1_Y, datatype: float64}
# - {name: PS1_w, datatype: float64}
# - {name: ATLAS_c, datatype: float64}
# - {name: ATLAS_o, datatype: float64}
# - {name: ukirt_J, datatype: float64}
# - {name: ukirt_H, datatype: float64}
# - {name: ukirt_K, datatype: float64}
# - {name: Clear, datatype: float64}
# meta: !!omap
# - comment: [kappa = 1.0, type = villar, mass = 0.4064473885499596, velocity = 0.21800000000000003, theta_obs = 0.0]
# schema: astropy-2.0
time swift_uvot_uvw2 swift_uvot_uvm2 swift_uvot_uvw1 swift_uvot_U swift_uvot_B swift_uvot_V swift_uvot_W johnson_U johnson_B johnson_V johnson_R johnson_I sdss_u sdss_g sdss_r sdss_i sdss_z PS1_g PS1_r PS1_i PS1_z PS1_Y PS1_w ATLAS_c ATLAS_o ukirt_J ukirt_H ukirt_K Clear
[from data line 213]
0.570517 -14.727 -15.037 -15.359 -15.871 -15.997 -15.977 -15.537 -15.902 -15.995 -15.972 -15.833 -15.602 -15.898 -16.0 -15.911 -15.757 -15.567 -16.01 -15.919 -15.764 -15.624 -15.55 -15.892 -15.973 -15.845 -15.105 -14.673 -14.137 -15.895
0.587772 -14.723 -15.036 -15.367 -15.892 -16.026 -16.012 -15.555 -15.924 -16.024 -16.007 -15.872 -15.644 -15.92 -16.031 -15.948 -15.797 -15.61 -16.041 -15.956 -15.805 -15.667 -15.594 -15.928 -16.007 -15.884 -15.152 -14.722 -14.187 -15.931
0.605549 -14.717 -15.035 -15.374 -15.912 -16.055 -16.047 -15.573 -15.946 -16.053 -16.042 -15.911 -15.687 -15.942 -16.062 -15.986 -15.838 -15.653 -16.073 -15.994 -15.846 -15.709 -15.637 -15.964 -16.04 -15.923 -15.198 -14.77 -14.237 -15.966
0.623863 -14.711 -15.033 -15.381 -15.933 -16.083 -16.081 -15.591 -15.968 -16.081 -16.076 -15.95 -15.729 -15.963 -16.092 -16.023 -15.878 -15.696 -16.104 -16.031 -15.886 -15.752 -15.68 -16.001 -16.074 -15.961 -15.245 -14.818 -14.287 -16.002
0.642731 -14.705 -15.031 -15.387 -15.952 -16.111 -16.115 -15.608 -15.989 -16.109 -16.11 -15.988 -15.772 -15.984 -16.122 -16.059 -15.919 -15.739 -16.135 -16.067 -15.927 -15.794 -15.723 -16.036 -16.106 -15.999 -15.291 -14.867 -14.336 -16.036
0.66217 -14.697 -15.027 -15.392 -15.971 -16.138 -16.148 -15.625 -16.009 -16.137 -16.144 -16.026 -15.814 -16.004 -16.152 -16.096 -15.959 -15.781 -16.166 -16.104 -15.966 -15.836 -15.766 -16.072 -16.139 -16.037 -15.337 -14.915 -14.386 -16.071
0.682197 -14.689 -15.023 -15.397 -15.99 -16.165 -16.182 -15.641 -16.029 -16.164 -16.178 -16.064 -15.855 -16.024 -16.181 -16.132 -15.999 -15.824 -16.196 -16.14 -16.006 -15.877 -15.808 -16.107 -16.171 -16.075 -15.383 -14.963 -14.435 -16.105
0.70283 -14.679 -15.018 -15.401 -16.008 -16.192 -16.215 -15.657 -16.049 -16.191 -16.211 -16.102 -15.897 -16.043 -16.21 -16.168 -16.038 -15.866 -16.225 -16.176 -16.046 -15.919 -15.851 -16.142 -16.203 -16.113 -15.429 -15.01 -14.485 -16.139
0.724086 -14.67 -15.012 -15.405 -16.025 -16.218 -16.247 -15.672 -16.068 -16.217 -16.243 -16.14 -15.939 -16.062 -16.239 -16.204 -16.077 -15.908 -16.255 -16.211 -16.085 -15.96 -15.893 -16.177 -16.235 -16.15 -15.474 -15.058 -14.534 -16.173
0.745986 -14.659 -15.005 -15.407 -16.042 -16.243 -16.28 -15.688 -16.086 -16.242 -16.276 -16.177 -15.98 -16.08 -16.267 -16.239 -16.117 -15.95 -16.284 -16.247 -16.124 -16.002 -15.935 -16.211 -16.266 -16.187 -15.52 -15.106 -14.583 -16.206
0.768548 -14.647 -14.997 -15.409 -16.058 -16.269 -16.312 -15.702 -16.104 -16.268 -16.308 -16.214 -16.021 -16.097 -16.294 -16.274 -16.155 -15.991 -16.312 -16.282 -16.163 -16.042 -15.977 -16.245 -16.297 -16.223 -15.565 -15.153 -14.633 -16.239
0.791792 -14.635 -14.988 -15.41 -16.074 -16.293 -16.343 -15.717 -16.121 -16.293 -16.34 -16.25 -16.062 -16.114 -16.321 -16.309 -16.194 -16.033 -16.341 -16.316 -16.201 -16.083 -16.018 -16.279 -16.327 -16.26 -15.611 -15.201 -14.682 -16.272
0.815739 -14.622 -14.979 -15.411 -16.089 -16.318 -16.375 -15.731 -16.138 -16.317 -16.371 -16.287 -16.102 -16.131 -16.348 -16.343 -16.232 -16.074 -16.368 -16.351 -16.24 -16.124 -16.06 -16.312 -16.358 -16.296 -15.656 -15.248 -14.731 -16.305
0.840411 -14.608 -14.968 -15.411 -16.104 -16.341 -16.405 -15.744 -16.154 -16.341 -16.402 -16.323 -16.142 -16.146 -16.375 -16.377 -16.27 -16.115 -16.396 -16.385 -16.278 -16.164 -16.101 -16.345 -16.387 -16.331 -15.701 -15.295 -14.78 -16.337
0.865828 -14.593 -14.957 -15.409 -16.117 -16.365 -16.436 -15.757 -16.17 -16.364 -16.433 -16.359 -16.183 -16.161 -16.4 -16.411 -16.308 -16.155 -16.423 -16.418 -16.316 -16.204 -16.143 -16.378 -16.417 -16.367 -15.746 -15.342 -14.828 -16.369
0.892015 -14.577 -14.944 -15.408 -16.131 -16.387 -16.466 -15.77 -16.185 -16.387 -16.463 -16.394 -16.222 -16.176 -16.426 -16.444 -16.346 -16.196 -16.449 -16.452 -16.353 -16.244 -16.184 -16.411 -16.446 -16.402 -15.79 -15.389 -14.877 -16.4
0.918993 -14.56 -14.93 -15.405 -16.143 -16.41 -16.496 -15.782 -16.199 -16.409 -16.493 -16.429 -16.262 -16.19 -16.451 -16.477 -16.383 -16.236 -16.475 -16.485 -16.39 -16.284 -16.224 -16.443 -16.474 -16.437 -15.835 -15.436 -14.926 -16.431
0.946787 -14.542 -14.916 -15.401 -16.155 -16.431 -16.525 -15.793 -16.212 -16.431 -16.522 -16.464 -16.302 -16.203 -16.475 -16.51 -16.42 -16.276 -16.5 -16.517 -16.427 -16.323 -16.265 -16.474 -16.502 -16.471 -15.879 -15.482 -14.974 -16.462
0.975422 -14.524 -14.9 -15.397 -16.166 -16.453 -16.554 -15.804 -16.225 -16.453 -16.551 -16.499 -16.341 -16.215 -16.499 -16.542 -16.456 -16.316 -16.525 -16.55 -16.464 -16.362 -16.305 -16.506 -16.53 -16.505 -15.923 -15.529 -15.023 -16.492
1.004923 -14.504 -14.883 -15.392 -16.176 -16.473 -16.582 -15.815 -16.237 -16.473 -16.58 -16.533 -16.38 -16.227 -16.523 -16.574 -16.493 -16.355 -16.55 -16.582 -16.5 -16.401 -16.345 -16.537 -16.557 -16.539 -15.967 -15.575 -15.071 -16.522
1.035317 -14.484 -14.866 -15.385 -16.186 -16.493 -16.61 -15.825 -16.249 -16.493 -16.608 -16.566 -16.418 -16.238 -16.545 -16.605 -16.529 -16.395 -16.574 -16.613 -16.536 -16.44 -16.385 -16.567 -16.584 -16.573 -16.011 -15.621 -15.119 -16.552
1.066629 -14.463 -14.847 -15.378 -16.195 -16.513 -16.637 -15.835 -16.26 -16.513 -16.635 -16.6 -16.456 -16.248 -16.568 -16.637 -16.564 -16.434 -16.598 -16.644 -16.572 -16.478 -16.425 -16.597 -16.61 -16.606 -16.055 -15.667 -15.167 -16.581
1.098888 -14.44 -14.826 -15.37 -16.203 -16.531 -16.664 -15.844 -16.27 -16.532 -16.663 -16.633 -16.494 -16.258 -16.59 -16.667 -16.6 -16.472 -16.621 -16.675 -16.607 -16.516 -16.464 -16.627 -16.636 -16.638 -16.098 -15.713 -15.215 -16.61
1.132124 -14.417 -14.805 -15.361 -16.21 -16.55 -16.691 -15.853 -16.279 -16.55 -16.689 -16.666 -16.532 -16.266 -16.611 -16.698 -16.635 -16.511 -16.643 -16.705 -16.642 -16.554 -16.503 -16.657 -16.661 -16.671 -16.141 -15.759 -15.263 -16.638
1.166364 -14.393 -14.782 -15.351 -16.217 -16.567 -16.717 -15.861 -16.287 -16.568 -16.715 -16.698 -16.57 -16.274 -16.631 -16.727 -16.669 -16.549 -16.665 -16.735 -16.677 -16.591 -16.542 -16.686 -16.686 -16.703 -16.184 -15.805 -15.31 -16.666
1.20164 -14.367 -14.759 -15.34 -16.223 -16.584 -16.742 -15.868 -16.295 -16.585 -16.741 -16.73 -16.607 -16.281 -16.652 -16.757 -16.704 -16.587 -16.686 -16.765 -16.712 -16.628 -16.581 -16.714 -16.71 -16.734 -16.227 -15.85 -15.358 -16.694
1.237983 -14.341 -14.734 -15.328 -16.227 -16.6 -16.767 -15.875 -16.302 -16.601 -16.766 -16.761 -16.644 -16.288 -16.671 -16.786 -16.738 -16.624 -16.707 -16.794 -16.746 -16.665 -16.619 -16.742 -16.734 -16.765 -16.27 -15.895 -15.405 -16.721
1.275425 -14.313 -14.707 -15.315 -16.231 -16.616 -16.791 -15.882 -16.308 -16.617 -16.791 -16.793 -16.68 -16.293 -16.69 -16.814 -16.771 -16.661 -16.727 -16.822 -16.779 -16.702 -16.658 -16.77 -16.757 -16.796 -16.312 -15.94 -15.453 -16.748
1.313999 -14.285 -14.679 -15.301 -16.234 -16.631 -16.815 -15.888 -16.313 -16.632 -16.815 -16.823 -16.716 -16.298 -16.708 -16.842 -16.804 -16.698 -16.747 -16.85 -16.812 -16.738 -16.695 -16.797 -16.78 -16.826 -16.354 -15.985 -15.5 -16.774
1.35374 -14.255 -14.65 -15.286 -16.236 -16.645 -16.838 -15.893 -16.317 -16.646 -16.838 -16.853 -16.752 -16.301 -16.725 -16.87 -16.837 -16.735 -16.765 -16.878 -16.845 -16.774 -16.733 -16.824 -16.802 -16.856 -16.396 -16.03 -15.547 -16.8
1.394683 -14.225 -14.62 -15.27 -16.238 -16.658 -16.861 -15.897 -16.32 -16.66 -16.861 -16.883 -16.788 -16.304 -16.742 -16.897 -16.869 -16.771 -16.784 -16.905 -16.878 -16.809 -16.77 -16.85 -16.823 -16.885 -16.438 -16.075 -15.594 -16.825
1.436864 -14.193 -14.588 -15.252 -16.238 -16.671 -16.883 -15.901 -16.323 -16.673 -16.884 -16.913 -16.823 -16.306 -16.758 -16.923 -16.901 -16.807 -16.801 -16.931 -16.91 -16.845 -16.807 -16.875 -16.844 -16.914 -16.479 -16.119 -15.64 -16.85
1.480321 -14.16 -14.554 -15.234 -16.237 -16.682 -16.904 -15.904 -16.324 -16.685 -16.905 -16.941 -16.857 -16.307 -16.774 -16.949 -16.933 -16.842 -16.818 -16.957 -16.941 -16.879 -16.844 -16.901 -16.864 -16.943 -16.52 -16.163 -15.687 -16.874
1.525092 -14.126 -14.519 -15.214 -16.235 -16.693 -16.925 -15.907 -16.325 -16.696 -16.926 -16.97 -16.892 -16.306 -16.788 -16.974 -16.964 -16.877 -16.834 -16.982 -16.972 -16.914 -16.88 -16.925 -16.884 -16.971 -16.561 -16.207 -15.733 -16.898
1.571218 -14.091 -14.483 -15.193 -16.232 -16.704 -16.945 -15.909 -16.324 -16.706 -16.947 -16.997 -16.926 -16.305 -16.802 -16.999 -16.994 -16.912 -16.849 -17.007 -17.003 -16.948 -16.916 -16.949 -16.903 -16.998 -16.602 -16.251 -15.78 -16.921
1.618738 -14.055 -14.444 -15.17 -16.228 -16.713 -16.965 -15.91 -16.322 -16.716 -16.966 -17.025 -16.959 -16.303 -16.815 -17.023 -17.024 -16.947 -16.864 -17.032 -17.033 -16.981 -16.951 -16.973 -16.921 -17.025 -16.642 -16.294 -15.826 -16.943
1.667696 -14.017 -14.404 -15.147 -16.223 -16.721 -16.983 -15.911 -16.32 -16.724 -16.985 -17.051 -16.992 -16.299 -16.827 -17.047 -17.054 -16.98 -16.878 -17.055 -17.063 -17.014 -16.986 -16.996 -16.938 -17.051 -16.682 -16.338 -15.871 -16.965
1.718134 -13.979 -14.363 -15.122 -16.217 -16.729 -17.001 -15.91 -16.316 -16.732 -17.004 -17.078 -17.025 -16.295 -16.839 -17.07 -17.083 -17.014 -16.891 -17.078 -17.092 -17.047 -17.021 -17.018 -16.955 -17.077 -16.722 -16.381 -15.917 -16.987
1.770098 -13.939 -14.319 -15.095 -16.209 -16.735 -17.019 -15.909 -16.311 -16.739 -17.021 -17.103 -17.057 -16.289 -16.849 -17.092 -17.112 -17.047 -16.903 -17.101 -17.121 -17.08 -17.056 -17.04 -16.971 -17.102 -16.761 -16.423 -15.963 -17.008
1.823633 -13.898 -14.274 -15.067 -16.201 -16.741 -17.035 -15.907 -16.305 -16.745 -17.038 -17.128 -17.089 -16.282 -16.859 -17.113 -17.14 -17.08 -16.915 -17.122 -17.149 -17.111 -17.09 -17.061 -16.986 -17.126 -16.8 -16.466 -16.008 -17.028
1.878788 -13.856 -14.227 -15.038 -16.191 -16.745 -17.051 -15.905 -16.297 -16.749 -17.054 -17.153 -17.12 -16.274 -16.868 -17.134 -17.167 -17.112 -16.925 -17.143 -17.176 -17.143 -17.123 -17.081 -17.001 -17.15 -16.839 -16.508 -16.053 -17.047
1.93561 -13.813 -14.178 -15.007 -16.179 -16.749 -17.065 -15.901 -16.289 -16.753 -17.069 -17.176 -17.151 -16.264 -16.875 -17.154 -17.194 -17.143 -16.935 -17.164 -17.203 -17.174 -17.156 -17.101 -17.014 -17.173 -16.878 -16.55 -16.098 -17.066
1.994152 -13.769 -14.127 -14.975 -16.167 -16.751 -17.079 -15.897 -16.279 -16.756 -17.083 -17.199 -17.181 -16.253 -16.882 -17.174 -17.22 -17.174 -16.943 -17.183 -17.23 -17.204 -17.189 -17.12 -17.027 -17.196 -16.916 -16.592 -16.143 -17.085
2.054463 -13.723 -14.074 -14.941 -16.153 -16.752 -17.092 -15.891 -16.267 -16.757 -17.097 -17.222 -17.211 -16.241 -16.888 -17.192 -17.246 -17.205 -16.951 -17.202 -17.255 -17.234 -17.221 -17.138 -17.039 -17.217 -16.953 -16.633 -16.187 -17.102
2.116599 -13.676 -14.019 -14.905 -16.137 -16.752 -17.104 -15.885 -16.254 -16.758 -17.109 -17.243 -17.24 -16.227 -16.893 -17.21 -17.27 -17.235 -16.957 -17.22 -17.28 -17.263 -17.253 -17.155 -17.05 -17.239 -16.991 -16.675 -16.231 -17.119
2.180614 -13.628 -13.962 -14.868 -16.12 -16.751 -17.116 -15.878 -16.24 -16.757 -17.121 -17.264 -17.268 -16.212 -16.896 -17.227 -17.295 -17.265 -16.963 -17.237 -17.305 -17.292 -17.284 -17.172 -17.06 -17.259 -17.028 -16.715 -16.275 -17.135
2.246566 -13.579 -13.902 -14.829 -16.101 -16.749 -17.126 -15.869 -16.224 -16.755 -17.131 -17.284 -17.296 -16.195 -16.899 -17.243 -17.318 -17.294 -16.967 -17.253 -17.329 -17.32 -17.315 -17.188 -17.069 -17.278 -17.064 -16.756 -16.319 -17.15
2.314511 -13.529 -13.84 -14.788 -16.081 -16.745 -17.135 -15.86 -16.207 -16.752 -17.141 -17.304 -17.324 -16.177 -16.9 -17.259 -17.341 -17.322 -16.971 -17.269 -17.352 -17.347 -17.345 -17.203 -17.077 -17.297 -17.1 -16.796 -16.362 -17.164
2.384512 -13.478 -13.775 -14.745 -16.059 -16.74 -17.143 -15.85 -16.188 -16.747 -17.15 -17.322 -17.35 -16.157 -16.9 -17.273 -17.363 -17.35 -16.973 -17.283 -17.374 -17.374 -17.375 -17.217 -17.084 -17.315 -17.136 -16.836 -16.406 -17.178
2.45663 -13.426 -13.708 -14.701 -16.036 -16.734 -17.15 -15.838 -16.168 -16.741 -17.157 -17.34 -17.376 -16.136 -16.899 -17.286 -17.384 -17.377 -16.974 -17.297 -17.395 -17.4 -17.404 -17.23 -17.09 -17.332 -17.171 -16.875 -16.448 -17.191
2.530929 -13.372 -13.639 -14.654 -16.01 -16.726 -17.156 -15.826 -16.145 -16.734 -17.163 -17.357 -17.402 -16.112 -16.896 -17.299 -17.405 -17.403 -16.974 -17.309 -17.416 -17.426 -17.432 -17.242 -17.094 -17.348 -17.206 -16.914 -16.491 -17.203
2.607475 -13.318 -13.566 -14.605 -15.983 -16.717 -17.16 -15.812 -16.121 -16.725 -17.168 -17.373 -17.426 -16.087 -16.892 -17.31 -17.424 -17.429 -16.972 -17.321 -17.436 -17.45 -17.46 -17.254 -17.098 -17.364 -17.24 -16.953 -16.533 -17.213
2.686337 -13.263 -13.491 -14.554 -15.954 -16.706 -17.164 -15.797 -16.095 -16.715 -17.172 -17.387 -17.45 -16.06 -16.887 -17.32 -17.443 -17.454 -16.969 -17.331 -17.455 -17.474 -17.487 -17.264 -17.1 -17.378 -17.273 -16.991 -16.575 -17.223
2.767583 -13.206 -13.413 -14.501 -15.922 -16.694 -17.166 -15.78 -16.067 -16.703 -17.175 -17.401 -17.473 -16.03 -16.88 -17.329 -17.461 -17.478 -16.965 -17.341 -17.473 -17.497 -17.513 -17.273 -17.101 -17.391 -17.307 -17.029 -16.617 -17.232
2.851287 -13.149 -13.332 -14.446 -15.889 -16.679 -17.166 -15.762 -16.037 -16.689 -17.176 -17.414 -17.495 -15.999 -16.872 -17.337 -17.478 -17.501 -16.959 -17.349 -17.49 -17.52 -17.539 -17.281 -17.101 -17.403 -17.339 -17.067 -16.658 -17.24
2.937522 -13.092 -13.247 -14.388 -15.853 -16.663 -17.166 -15.743 -16.005 -16.673 -17.176 -17.426 -17.516 -15.966 -16.862 -17.344 -17.493 -17.523 -16.951 -17.356 -17.506 -17.541 -17.564 -17.288 -17.099 -17.414 -17.371 -17.104 -16.699 -17.247
3.026365 -13.033 -13.159 -14.328 -15.815 -16.646 -17.163 -15.722 -15.971 -16.656 -17.174 -17.436 -17.537 -15.93 -16.85 -17.349 -17.508 -17.545 -16.942 -17.361 -17.521 -17.562 -17.588 -17.294 -17.096 -17.424 -17.402 -17.14 -16.74 -17.252
3.117896 -12.975 -13.068 -14.265 -15.775 -16.626 -17.159 -15.7 -15.934 -16.637 -17.171 -17.446 -17.556 -15.892 -16.836 -17.353 -17.522 -17.566 -16.932 -17.366 -17.535 -17.581 -17.611 -17.299 -17.091 -17.432 -17.433 -17.176 -16.78 -17.257
3.212194 -12.915 -12.973 -14.199 -15.732 -16.604 -17.154 -15.676 -15.895 -16.616 -17.166 -17.454 -17.575 -15.851 -16.821 -17.355 -17.534 -17.585 -16.919 -17.369 -17.547 -17.6 -17.633 -17.302 -17.084 -17.44 -17.463 -17.211 -16.819 -17.26
3.309345 -12.856 -12.874 -14.131 -15.686 -16.58 -17.147 -15.651 -15.853 -16.593 -17.16 -17.461 -17.592 -15.808 -16.804 -17.356 -17.545 -17.604 -16.905 -17.37 -17.559 -17.618 -17.655 -17.304 -17.076 -17.446 -17.492 -17.246 -16.859 -17.262
3.409434 -12.796 -12.772 -14.06 -15.638 -16.554 -17.138 -15.623 -15.808 -16.567 -17.151 -17.466 -17.608 -15.762 -16.784 -17.356 -17.555 -17.622 -16.889 -17.37 -17.569 -17.634 -17.675 -17.304 -17.067 -17.45 -17.521 -17.28 -16.898 -17.262
3.51255 -12.736 -12.665 -13.985 -15.587 -16.526 -17.127 -15.594 -15.761 -16.539 -17.141 -17.47 -17.624 -15.713 -16.763 -17.354 -17.564 -17.638 -16.871 -17.368 -17.578 -17.649 -17.695 -17.303 -17.055 -17.454 -17.548 -17.314 -16.936 -17.261
3.618785 -12.676 -12.554 -13.908 -15.532 -16.495 -17.114 -15.563 -15.711 -16.509 -17.129 -17.473 -17.638 -15.661 -16.739 -17.35 -17.571 -17.654 -16.85 -17.365 -17.586 -17.664 -17.713 -17.3 -17.041 -17.455 -17.575 -17.347 -16.974 -17.259
3.728232 -12.617 -12.438 -13.827 -15.475 -16.461 -17.099 -15.53 -15.658 -16.476 -17.115 -17.473 -17.65 -15.607 -16.713 -17.344 -17.577 -17.668 -16.828 -17.36 -17.592 -17.676 -17.73 -17.296 -17.026 -17.455 -17.601 -17.379 -17.011 -17.255
3.84099 -12.558 -12.317 -13.743 -15.414 -16.425 -17.082 -15.494 -15.601 -16.441 -17.099 -17.473 -17.662 -15.548 -16.685 -17.337 -17.581 -17.68 -16.803 -17.353 -17.596 -17.688 -17.746 -17.29 -17.008 -17.453 -17.626 -17.411 -17.048 -17.249
3.957158 -12.5 -12.192 -13.655 -15.35 -16.386 -17.063 -15.457 -15.541 -16.403 -17.08 -17.47 -17.672 -15.486 -16.653 -17.327 -17.583 -17.692 -16.776 -17.344 -17.599 -17.698 -17.761 -17.282 -16.988 -17.45 -17.65 -17.442 -17.084 -17.242
