web/models/kne.last_good/kappa_1_10/28/villar_0.0275_0.4373_1.0000.dat
# %ECSV 1.0
# ---
# datatype:
# - {name: time, datatype: float64}
# - {name: swift_uvot_uvw2, datatype: float64}
# - {name: swift_uvot_uvm2, datatype: float64}
# - {name: swift_uvot_uvw1, datatype: float64}
# - {name: swift_uvot_U, datatype: float64}
# - {name: swift_uvot_B, datatype: float64}
# - {name: swift_uvot_V, datatype: float64}
# - {name: swift_uvot_W, datatype: float64}
# - {name: johnson_U, datatype: float64}
# - {name: johnson_B, datatype: float64}
# - {name: johnson_V, datatype: float64}
# - {name: johnson_R, datatype: float64}
# - {name: johnson_I, datatype: float64}
# - {name: sdss_u, datatype: float64}
# - {name: sdss_g, datatype: float64}
# - {name: sdss_r, datatype: float64}
# - {name: sdss_i, datatype: float64}
# - {name: sdss_z, datatype: float64}
# - {name: PS1_g, datatype: float64}
# - {name: PS1_r, datatype: float64}
# - {name: PS1_i, datatype: float64}
# - {name: PS1_z, datatype: float64}
# - {name: PS1_Y, datatype: float64}
# - {name: PS1_w, datatype: float64}
# - {name: ATLAS_c, datatype: float64}
# - {name: ATLAS_o, datatype: float64}
# - {name: ukirt_J, datatype: float64}
# - {name: ukirt_H, datatype: float64}
# - {name: ukirt_K, datatype: float64}
# - {name: Clear, datatype: float64}
# meta: !!omap
# - comment: [kappa = 1.0, type = villar, mass = 0.027507471329904786, velocity = 0.43733333333333335, theta_obs = 0.0]
# schema: astropy-2.0
time swift_uvot_uvw2 swift_uvot_uvm2 swift_uvot_uvw1 swift_uvot_U swift_uvot_B swift_uvot_V swift_uvot_W johnson_U johnson_B johnson_V johnson_R johnson_I sdss_u sdss_g sdss_r sdss_i sdss_z PS1_g PS1_r PS1_i PS1_z PS1_Y PS1_w ATLAS_c ATLAS_o ukirt_J ukirt_H ukirt_K Clear
[from data line 283]
4.592874 0.835 6.05 29.285 39.851 28.023 20.034 3.103 37.808 25.737 17.986 9.629 4.642 39.122 23.968 15.12 9.6 5.135 -0.431 -0.226 -0.248 -0.663 -2.409 10.838 17.39 10.573 -0.592 -4.093 -6.718 -2.195
4.731783 1.34 6.556 29.791 40.357 28.528 20.54 3.608 38.314 26.242 18.491 10.134 5.148 39.628 24.473 15.625 10.105 5.64 0.074 0.279 0.258 -0.158 -1.903 11.343 17.895 11.078 -0.087 -3.587 -6.213 -1.689
4.874892 1.876 7.092 30.327 40.893 29.064 21.076 4.145 38.85 26.779 19.027 10.671 5.684 40.164 25.009 16.162 10.642 6.176 0.611 0.816 0.794 0.379 -1.367 11.88 18.431 11.615 0.45 -3.051 -5.677 -1.153
5.02233 2.446 7.661 30.896 41.462 29.634 21.645 4.714 39.419 27.348 19.597 11.24 6.253 40.733 25.579 16.731 11.211 6.746 1.18 1.385 1.363 0.948 -0.798 12.449 19.001 12.184 1.019 -2.482 -5.107 -0.584
5.174227 3.05 8.266 31.5 42.067 30.238 22.25 5.318 40.023 27.952 20.201 11.844 6.857 41.337 26.183 17.335 11.815 7.35 1.784 1.989 1.968 1.552 -0.194 13.053 19.605 12.788 1.623 -1.877 -4.503 0.021
5.330718 3.691 8.907 32.142 42.708 30.879 22.891 5.96 40.665 28.594 20.842 12.486 7.499 41.979 26.824 17.977 12.457 7.991 2.426 2.63 2.609 2.194 0.448 13.695 20.246 13.429 2.265 -1.236 -3.862 0.662
5.491942 4.372 9.588 32.823 43.389 31.56 23.572 6.64 41.346 29.274 21.523 13.166 8.18 42.66 27.505 18.657 13.137 8.672 3.106 3.311 3.29 2.874 1.129 14.375 20.927 14.11 2.945 -0.555 -3.181 1.343
5.658042 5.095 10.31 33.545 44.111 32.283 24.294 7.363 42.068 29.997 22.246 13.889 8.902 43.382 28.228 19.38 13.86 9.394 3.829 4.034 4.012 3.597 1.851 15.098 21.65 14.833 3.668 0.167 -2.459 2.065
5.829166 5.862 11.077 34.312 44.878 33.05 25.061 8.13 42.835 30.764 23.012 14.656 9.669 44.149 28.995 20.147 14.627 10.161 4.596 4.801 4.779 4.364 2.618 15.865 22.416 15.6 4.435 0.934 -1.692 2.832
6.005465 6.676 11.891 35.126 45.692 33.864 25.875 8.944 43.649 31.578 23.826 15.47 10.483 44.963 29.809 20.961 15.441 10.975 5.41 5.615 5.593 5.178 3.432 16.679 23.23 16.414 5.249 1.748 -0.878 3.646
6.187096 7.54 12.755 35.99 46.556 34.728 26.739 9.808 44.513 32.442 24.69 16.334 11.347 45.827 30.673 21.825 16.305 11.839 6.274 6.479 6.457 6.042 4.296 17.543 24.094 17.278 6.113 2.612 -0.014 4.51
6.37422 8.457 13.672 36.907 47.473 35.645 27.656 10.725 45.43 33.359 25.608 17.251 12.264 46.744 31.59 22.742 17.222 12.756 7.191 7.396 7.374 6.959 5.213 18.46 25.011 18.195 7.03 3.529 0.903 5.427
6.567004 9.43 14.646 37.88 48.447 36.618 28.63 11.698 46.403 34.332 26.581 18.224 13.237 47.717 32.563 23.715 18.195 13.73 8.164 8.369 8.348 7.932 6.186 19.433 25.985 19.168 8.003 4.503 1.877 6.4
6.765619 10.463 15.679 38.914 49.48 37.651 29.663 12.731 47.436 35.365 27.614 19.257 14.271 48.75 33.596 24.748 19.228 14.763 9.197 9.402 9.381 8.965 7.219 20.466 27.018 20.201 9.036 5.536 2.91 7.434
6.97024 11.56 16.775 40.01 50.576 38.748 30.759 13.828 48.533 36.462 28.711 20.354 15.367 49.847 34.693 25.845 20.325 15.859 10.294 10.499 10.477 10.062 8.316 21.563 28.114 21.298 10.133 6.632 4.006 8.53
7.181051 12.723 17.939 41.174 51.74 39.911 31.923 14.992 49.697 37.626 29.874 21.518 16.531 51.011 35.856 27.009 21.489 17.023 11.458 11.663 11.641 11.226 9.48 22.727 29.278 22.462 11.297 7.796 5.17 9.694
7.398237 13.959 19.174 42.409 52.975 41.147 33.159 16.227 50.932 38.861 31.11 22.753 17.766 52.246 37.092 28.244 22.724 18.259 12.693 12.898 12.876 12.461 10.715 23.962 30.514 23.697 12.532 9.031 6.406 10.929
7.621991 15.27 20.486 43.721 54.287 42.458 34.47 17.538 52.243 40.172 32.421 24.064 19.078 53.557 38.403 29.555 24.035 19.57 14.004 14.209 14.188 13.772 12.026 25.273 31.825 25.008 13.843 10.343 7.717 12.241
7.852513 16.662 21.877 45.112 55.678 43.85 35.861 18.93 53.635 41.564 33.813 25.456 20.469 54.949 39.795 30.947 25.427 20.962 15.396 15.601 15.579 15.164 13.418 26.665 33.217 26.4 15.235 11.734 9.109 13.632
8.090007 18.139 23.355 46.589 57.155 45.327 37.339 20.407 55.112 43.041 35.29 26.933 21.946 56.426 41.272 32.424 26.904 22.439 16.873 17.078 17.057 16.641 14.895 28.142 34.694 27.877 16.712 13.212 10.586 15.109
8.334684 19.707 24.922 48.157 58.723 46.895 38.906 21.975 56.68 44.609 36.858 28.501 23.514 57.994 42.84 33.992 28.472 24.007 18.441 18.646 18.624 18.209 16.463 29.71 36.262 29.445 18.28 14.779 12.154 16.677
8.586761 21.371 26.587 49.821 60.388 48.559 40.571 23.639 58.344 46.273 38.522 30.165 25.178 59.658 44.504 35.656 30.136 25.671 20.105 20.31 20.289 19.873 18.127 31.374 37.926 31.109 19.944 16.444 13.818 18.341
8.846461 23.137 28.353 51.588 62.154 50.325 42.337 25.406 60.111 48.04 40.288 31.932 26.945 61.425 46.27 37.422 31.903 27.437 21.872 22.076 22.055 21.64 19.894 33.141 39.692 32.875 21.711 18.21 15.584 20.108
9.114017 25.012 30.228 53.463 64.029 52.2 44.212 27.28 61.985 49.914 42.163 33.806 28.82 63.299 48.145 39.297 33.777 29.312 23.746 23.951 23.93 23.514 21.768 35.015 41.567 34.75 23.585 20.085 17.459 21.983
9.389664 27.002 32.218 55.452 66.019 54.19 46.202 29.27 63.975 51.904 44.153 35.796 30.809 65.289 50.135 41.287 35.767 31.302 25.736 25.941 25.92 25.504 23.758 37.005 43.557 36.74 25.575 22.075 19.449 23.972
9.673648 29.114 34.33 57.565 68.131 56.302 48.314 31.382 66.087 54.016 46.265 37.908 32.922 67.401 52.247 43.399 37.879 33.414 27.848 28.053 28.032 27.616 25.87 39.117 45.669 38.852 27.687 24.187 21.561 26.085
9.966221 31.356 36.571 59.806 70.372 58.544 50.556 33.624 68.329 56.258 48.507 40.15 35.163 69.643 54.489 45.641 40.121 35.656 30.09 30.295 30.273 29.858 28.112 41.359 47.911 41.094 29.929 26.428 23.803 28.326
10.267642 33.735 38.951 62.186 72.752 60.923 52.935 36.004 70.709 58.638 50.886 42.53 37.543 72.023 56.868 48.02 42.501 38.035 32.47 32.674 32.653 32.238 30.492 43.739 50.29 43.473 32.309 28.808 26.182 30.706
10.57818 36.261 41.476 64.711 75.277 63.449 55.46 38.529 73.234 61.163 53.412 45.055 40.068 74.548 59.394 50.546 45.026 40.561 34.995 35.2 35.178 34.763 33.017 46.264 52.816 45.999 34.834 31.333 28.708 33.231
10.89811 38.941 44.157 67.392 77.958 66.129 58.141 41.21 75.915 63.844 56.092 47.736 42.749 77.229 62.074 53.227 47.707 43.241 37.676 37.881 37.859 37.444 35.698 48.945 55.496 48.68 37.515 34.014 31.388 35.912
11.227716 41.787 47.002 70.237 80.803 68.975 60.986 44.055 78.76 66.689 58.938 50.581 45.594 80.074 64.92 56.072 50.552 46.086 40.521 40.726 40.704 40.289 38.543 51.79 58.342 51.525 40.36 36.859 34.233 38.757
11.56729 44.807 50.022 73.257 83.823 71.995 64.006 47.075 81.78 69.709 61.957 53.601 48.614 83.094 67.94 59.092 53.572 49.106 43.541 43.746 43.724 43.309 41.563 54.81 61.361 54.545 43.38 39.879 37.253 41.777
11.917135 48.012 53.228 76.462 87.028 75.2 67.212 50.28 84.985 72.914 65.163 56.806 51.819 86.299 71.145 62.297 56.777 52.312 46.746 46.951 46.93 46.514 44.768 58.015 64.567 57.75 46.585 43.085 40.459 44.982
12.277561 51.414 56.63 79.865 90.431 78.602 70.614 53.682 88.388 76.316 68.565 60.208 55.222 89.702 74.547 65.699 60.179 55.714 50.148 50.353 50.332 49.916 48.171 61.417 67.969 61.152 49.987 46.487 43.861 48.385
12.648887 55.025 60.241 83.476 94.042 82.213 74.225 57.294 91.999 79.927 72.176 63.82 58.833 93.313 78.158 69.31 63.791 59.325 53.76 53.964 53.943 53.527 51.782 65.029 71.58 64.763 53.598 50.098 47.472 51.996
13.031444 58.858 64.074 87.308 97.875 86.046 78.058 61.126 95.831 83.76 76.009 67.652 62.665 97.145 81.991 73.143 67.623 63.158 57.592 57.797 57.776 57.36 55.614 68.861 75.413 68.596 57.431 53.931 51.305 55.829
13.425571 62.926 68.142 91.377 101.943 90.114 82.126 65.195 99.9 87.828 80.077 71.721 66.734 101.214 86.059 77.211 71.692 67.226 61.661 61.865 61.844 61.428 59.683 72.93 79.481 72.664 61.499 57.999 55.373 59.897
13.831619 67.244 72.46 95.695 106.261 94.432 86.444 69.512 104.218 92.146 84.395 76.038 71.052 105.532 90.377 81.529 76.009 71.544 65.978 66.183 66.162 65.746 64.001 77.247 83.799 76.982 65.817 62.317 59.691 64.215
14.249947 71.827 77.043 100.278 110.844 99.015 91.027 74.096 108.801 96.729 88.978 80.622 75.635 110.115 94.96 86.112 80.593 76.127 70.562 70.766 70.745 70.33 68.584 81.831 88.382 81.565 70.401 66.9 64.274 68.798
14.680926 76.692 81.907 105.142 115.708 103.88 95.891 78.96 113.665 101.594 93.843 85.486 80.499 114.979 99.825 90.977 85.457 80.992 75.426 75.631 75.609 75.194 73.448 86.695 93.247 86.43 75.265 71.764 69.139 73.662
15.124941 81.855 87.071 110.305 120.872 109.043 101.055 84.123 118.828 106.757 99.006 90.649 85.662 120.142 104.988 96.14 90.62 86.155 80.589 80.794 80.773 80.357 78.611 91.858 98.41 91.593 80.428 76.928 74.302 78.825
15.582385 87.335 92.551 115.786 126.352 114.523 106.535 89.604 124.309 112.237 104.486 96.13 91.143 125.623 110.468 101.62 96.101 91.635 86.07 86.274 86.253 85.838 84.092 97.339 103.89 97.073 85.908 82.408 79.782 84.306
16.053663 93.152 98.368 121.602 132.169 120.34 112.352 95.42 130.125 118.054 110.303 101.946 96.959 131.439 116.285 107.437 101.917 97.452 91.886 92.091 92.07 91.654 89.908 103.155 109.707 102.89 91.725 88.225 85.599 90.122
16.539195 99.326 104.541 127.776 138.342 126.514 118.526 101.594 136.299 124.228 116.477 108.12 103.133 137.613 122.459 113.611 108.091 103.626 98.06 98.265 98.243 97.828 96.082 109.329 115.881 109.064 97.899 94.399 91.773 96.296
17.039412 105.879 111.094 134.329 144.895 133.067 125.079 108.147 142.852 130.781 123.03 114.673 109.686 144.166 129.012 120.164 114.644 110.179 104.613 104.818 104.797 104.381 102.635 115.882 122.434 115.617 104.452 100.952 98.326 102.849
17.554757 112.834 118.05 141.285 151.851 140.022 132.034 115.103 149.808 137.737 129.985 121.629 116.642 151.122 135.967 127.119 121.6 117.134 111.569 111.773 111.752 111.337 109.591 122.838 129.389 122.572 111.408 107.907 105.281 109.805
18.085689 120.217 125.432 148.667 159.233 147.405 139.416 122.485 157.19 145.119 137.368 129.011 124.024 158.504 143.35 134.502 128.982 124.517 118.951 119.156 119.134 118.719 116.973 130.22 136.772 129.955 118.79 115.289 112.664 117.187
18.632678 128.053 133.268 156.503 167.069 155.241 147.252 130.321 165.026 152.955 145.203 136.847 131.86 166.34 151.186 142.338 136.818 132.352 126.787 126.992 126.97 126.555 124.809 138.056 144.607 137.791 126.626 123.125 120.499 125.023
19.196211 136.369 141.585 164.82 175.386 163.557 155.569 138.638 173.343 161.272 153.52 145.164 140.177 174.657 159.502 150.655 145.135 140.669 135.104 135.309 135.287 134.872 133.126 146.373 152.924 146.108 134.943 131.442 128.816 133.34
19.776787 145.197 150.413 173.648 184.214 172.385 164.397 147.466 182.171 170.099 162.348 153.992 149.005 183.485 168.33 159.482 153.963 149.497 143.932 144.136 144.115 143.699 141.954 155.201 161.752 154.935 143.77 140.27 137.644 142.168
20.374923 154.567 159.782 183.017 193.583 181.755 173.767 156.835 191.54 179.469 171.718 163.361 158.374 192.854 177.7 168.852 163.332 158.867 153.301 153.506 153.484 153.069 151.323 164.57 171.122 164.305 153.14 149.639 147.014 151.537
20.991149 164.512 169.727 192.962 203.528 191.7 183.712 166.78 201.485 189.414 181.663 173.306 168.319 202.799 187.645 178.797 173.277 168.812 163.246 163.451 163.429 163.014 161.268 174.515 181.067 174.25 163.085 159.584 156.959 161.482
21.626011 175.067 180.283 203.518 214.084 202.255 194.267 177.336 212.041 199.97 192.218 183.862 178.875 213.355 198.2 189.353 183.833 179.367 173.802 174.007 173.985 173.57 171.824 185.071 191.622 184.806 173.641 170.14 167.514 172.038
22.280075 186.271 191.487 214.722 225.288 213.459 205.471 188.54 223.245 211.174 203.422 195.066 190.079 224.559 209.404 200.556 195.037 190.571 185.006 185.21 185.189 184.774 183.028 196.275 202.826 196.009 184.845 181.344 178.718 183.242
22.953921 198.163 203.379 226.614 237.18 225.351 217.363 200.431 235.136 223.065 215.314 206.957 201.971 236.451 221.296 212.448 206.928 202.463 196.897 197.102 197.081 196.665 194.919 208.166 214.718 207.901 196.736 193.236 190.61 195.134
23.648147 210.785 216.001 239.236 249.802 237.973 229.985 213.053 247.758 235.687 227.936 219.579 214.592 249.072 233.918 225.07 219.55 215.085 209.519 209.724 209.703 209.287 207.541 220.788 227.34 220.523 209.358 205.858 203.232 207.756
24.363369 224.182 229.398 252.632 263.199 251.37 243.382 226.45 261.155 249.084 241.333 232.976 227.989 262.469 247.315 238.467 232.947 228.482 222.916 223.121 223.1 222.684 220.938 234.185 240.737 233.92 222.755 219.255 216.629 221.153
25.100222 238.402 243.617 266.852 277.418 265.59 257.601 240.67 275.375 263.304 255.553 247.196 242.209 276.689 261.535 252.687 247.167 242.701 237.136 237.341 237.319 236.904 235.158 248.405 254.956 248.14 236.975 233.474 230.848 235.372
25.859362 253.494 258.71 281.945 292.511 280.682 272.694 255.763 290.468 278.397 270.645 262.289 257.302 291.782 276.627 267.78 262.26 257.794 252.229 252.433 252.412 251.997 250.251 263.498 270.049 263.232 252.068 248.567 245.941 250.465
26.64146 269.514 274.729 297.964 308.53 296.702 288.714 271.782 306.487 294.416 286.665 278.308 273.321 307.801 292.647 283.799 278.279 273.814 268.248 268.453 268.431 268.016 266.27 279.517 286.069 279.252 268.087 264.587 261.961 266.484
27.447213 286.517 291.733 314.967 325.534 313.705 305.717 288.785 323.49 311.419 303.668 295.311 290.324 324.804 309.65 300.802 295.282 290.817 285.251 285.456 285.435 285.019 283.273 296.52 303.072 296.255 285.09 281.59 278.964 283.488
28.277335 304.564 309.78 333.015 343.581 331.752 323.764 306.833 341.538 329.466 321.715 313.359 308.372 342.852 327.697 318.849 313.33 308.864 303.299 303.503 303.482 303.067 301.321 314.568 321.119 314.302 303.137 299.637 297.011 301.535
29.132564 323.719 328.935 352.17 362.736 350.908 342.919 325.988 360.693 348.622 340.87 332.514 327.527 362.007 346.853 338.005 332.485 328.019 322.454 322.659 322.637 322.222 320.476 333.723 340.274 333.458 322.293 318.792 316.166 320.69
30.013659 344.051 349.267 372.502 383.068 371.239 363.251 346.319 381.024 368.953 361.202 352.845 347.859 382.339 367.184 358.336 352.816 348.351 342.785 342.99 342.969 342.553 340.808 354.054 360.606 353.789 342.624 339.124 336.498 341.022
30.921401 365.631 370.847 394.082 404.648 392.819 384.831 367.899 402.604 390.533 382.782 374.425 369.439 403.918 388.764 379.916 374.396 369.931 364.365 364.57 364.549 364.133 362.387 375.634 382.186 375.369 364.204 360.704 358.078 362.602
31.856598 388.536 393.752 416.987 427.553 415.724 407.736 390.804 425.51 413.438 405.687 397.33 392.344 426.824 411.669 402.821 397.301 392.836 387.27 387.475 387.454 387.038 385.293 398.539 405.091 398.274 387.109 383.609 380.983 385.507
32.820079 412.848 418.063 441.298 451.864 440.036 432.047 415.116 449.821 437.75 429.999 421.642 416.655 451.135 435.981 427.133 421.613 417.147 411.582 411.787 411.765 411.35 409.604 422.851 429.402 422.586 411.421 407.92 405.294 409.818
33.8127 438.652 443.868 467.102 477.668 465.84 457.852 440.92 475.625 463.554 455.803 447.446 442.459 476.939 461.785 452.937 447.417 442.952 437.386 437.591 437.57 437.154 435.408 448.655 455.207 448.39 437.225 433.725 431.099 435.622
34.835342 466.041 471.256 494.491 505.057 493.229 485.24 468.309 503.014 490.943 483.192 474.835 469.848 504.328 489.174 480.326 474.806 470.34 464.775 464.98 464.958 464.543 462.797 476.044 482.596 475.779 464.614 461.113 458.488 463.011
35.888913 495.111 500.327 523.562 534.128 522.299 514.311 497.38 532.085 520.014 512.262 503.906 498.919 533.399 518.244 509.396 503.877 499.411 493.846 494.05 494.029 493.614 491.868 505.115 511.666 504.849 493.685 490.184 487.558 492.082
36.974349 525.967 531.182 554.417 564.983 553.155 545.167 528.235 562.94 550.869 543.118 534.761 529.774 564.254 549.1 540.252 534.732 530.267 524.701 524.906 524.884 524.469 522.723 535.97 542.522 535.705 524.54 521.039 518.414 522.937
38.092613 558.717 563.933 587.168 597.734 585.905 577.917 560.985 595.69 583.619 575.868 567.511 562.525 597.004 581.85 573.002 567.482 563.017 557.451 557.656 557.635 557.219 555.473 568.72 575.272 568.455 557.29 553.79 551.164 555.688
