web/models/kne.last_good/kappa_1_10/28/villar_0.2183_0.2963_1.0000.dat
# %ECSV 1.0
# ---
# datatype:
# - {name: time, datatype: float64}
# - {name: swift_uvot_uvw2, datatype: float64}
# - {name: swift_uvot_uvm2, datatype: float64}
# - {name: swift_uvot_uvw1, datatype: float64}
# - {name: swift_uvot_U, datatype: float64}
# - {name: swift_uvot_B, datatype: float64}
# - {name: swift_uvot_V, datatype: float64}
# - {name: swift_uvot_W, datatype: float64}
# - {name: johnson_U, datatype: float64}
# - {name: johnson_B, datatype: float64}
# - {name: johnson_V, datatype: float64}
# - {name: johnson_R, datatype: float64}
# - {name: johnson_I, datatype: float64}
# - {name: sdss_u, datatype: float64}
# - {name: sdss_g, datatype: float64}
# - {name: sdss_r, datatype: float64}
# - {name: sdss_i, datatype: float64}
# - {name: sdss_z, datatype: float64}
# - {name: PS1_g, datatype: float64}
# - {name: PS1_r, datatype: float64}
# - {name: PS1_i, datatype: float64}
# - {name: PS1_z, datatype: float64}
# - {name: PS1_Y, datatype: float64}
# - {name: PS1_w, datatype: float64}
# - {name: ATLAS_c, datatype: float64}
# - {name: ATLAS_o, datatype: float64}
# - {name: ukirt_J, datatype: float64}
# - {name: ukirt_H, datatype: float64}
# - {name: ukirt_K, datatype: float64}
# - {name: Clear, datatype: float64}
# meta: !!omap
# - comment: [kappa = 1.0, type = villar, mass = 0.21832694463104688, velocity = 0.29633333333333334, theta_obs = 0.0]
# schema: astropy-2.0
time swift_uvot_uvw2 swift_uvot_uvm2 swift_uvot_uvw1 swift_uvot_U swift_uvot_B swift_uvot_V swift_uvot_W johnson_U johnson_B johnson_V johnson_R johnson_I sdss_u sdss_g sdss_r sdss_i sdss_z PS1_g PS1_r PS1_i PS1_z PS1_Y PS1_w ATLAS_c ATLAS_o ukirt_J ukirt_H ukirt_K Clear
[from data line 279]
4.07684 -11.233 -8.239 -10.724 -12.787 -14.472 -15.646 -13.739 -13.094 -14.517 -15.692 -16.504 -17.029 -12.985 -14.946 -16.166 -16.739 -17.083 -15.196 -16.205 -16.768 -17.056 -17.249 -16.204 -15.583 -16.458 -17.379 -17.352 -17.138 -16.228
4.200141 -11.202 -7.979 -10.529 -12.602 -14.335 -15.547 -13.628 -12.917 -14.383 -15.595 -16.44 -16.991 -12.803 -14.826 -16.087 -16.684 -17.047 -15.089 -16.128 -16.714 -17.017 -17.22 -16.134 -15.487 -16.393 -17.369 -17.357 -17.155 -16.167
4.327172 -11.17 -7.714 -10.325 -12.404 -14.189 -15.44 -13.509 -12.728 -14.24 -15.491 -16.371 -16.947 -12.61 -14.697 -16.001 -16.623 -17.006 -14.974 -16.045 -16.655 -16.974 -17.188 -16.058 -15.383 -16.322 -17.356 -17.359 -17.169 -16.101
4.458044 -11.137 -7.447 -10.111 -12.194 -14.033 -15.325 -13.384 -12.527 -14.087 -15.379 -16.295 -16.899 -12.404 -14.559 -15.908 -16.557 -16.96 -14.853 -15.955 -16.59 -16.925 -17.151 -15.976 -15.272 -16.244 -17.339 -17.359 -17.181 -16.03
4.592874 -11.103 -7.182 -9.887 -11.97 -13.866 -15.201 -13.25 -12.313 -13.923 -15.257 -16.213 -16.845 -12.184 -14.41 -15.806 -16.484 -16.908 -14.723 -15.857 -16.519 -16.87 -17.108 -15.887 -15.152 -16.159 -17.318 -17.355 -17.191 -15.953
4.731783 -11.067 -6.923 -9.652 -11.731 -13.686 -15.067 -13.108 -12.085 -13.748 -15.127 -16.123 -16.785 -11.95 -14.251 -15.697 -16.403 -16.851 -14.584 -15.751 -16.44 -16.81 -17.061 -15.79 -15.023 -16.067 -17.294 -17.349 -17.199 -15.871
4.874892 -11.029 -6.675 -9.405 -11.477 -13.494 -14.922 -12.957 -11.841 -13.56 -14.986 -16.025 -16.719 -11.701 -14.08 -15.578 -16.316 -16.787 -14.437 -15.637 -16.355 -16.743 -17.008 -15.686 -14.883 -15.967 -17.264 -17.339 -17.204 -15.782
5.02233 -10.989 -6.444 -9.145 -11.205 -13.288 -14.766 -12.796 -11.581 -13.359 -14.834 -15.919 -16.645 -11.434 -13.896 -15.449 -16.22 -16.716 -14.281 -15.513 -16.261 -16.669 -16.949 -15.572 -14.734 -15.858 -17.23 -17.325 -17.206 -15.687
5.174227 -10.946 -6.233 -8.872 -10.915 -13.068 -14.597 -12.624 -11.303 -13.143 -14.669 -15.803 -16.564 -11.148 -13.699 -15.309 -16.115 -16.638 -14.116 -15.378 -16.158 -16.587 -16.883 -15.45 -14.572 -15.739 -17.19 -17.307 -17.205 -15.585
5.330718 -10.899 -6.047 -8.585 -10.604 -12.83 -14.415 -12.441 -11.005 -12.912 -14.492 -15.677 -16.475 -10.843 -13.487 -15.157 -16.0 -16.552 -13.941 -15.233 -16.046 -16.497 -16.809 -15.317 -14.398 -15.61 -17.145 -17.284 -17.201 -15.476
5.491942 -10.849 -5.886 -8.282 -10.271 -12.575 -14.218 -12.247 -10.686 -12.663 -14.301 -15.54 -16.377 -10.515 -13.258 -14.993 -15.874 -16.456 -13.757 -15.077 -15.923 -16.397 -16.728 -15.173 -14.211 -15.47 -17.093 -17.257 -17.194 -15.359
5.658042 -10.795 -5.748 -7.963 -9.915 -12.301 -14.006 -12.039 -10.343 -12.395 -14.094 -15.391 -16.27 -10.164 -13.012 -14.814 -15.737 -16.351 -13.563 -14.907 -15.79 -16.288 -16.639 -15.017 -14.008 -15.318 -17.035 -17.225 -17.182 -15.234
5.829166 -10.737 -5.628 -7.625 -9.532 -12.006 -13.776 -11.818 -9.975 -12.107 -13.87 -15.23 -16.152 -9.787 -12.747 -14.621 -15.588 -16.236 -13.36 -14.724 -15.644 -16.169 -16.54 -14.849 -13.79 -15.153 -16.969 -17.187 -17.166 -15.101
6.005465 -10.673 -5.523 -7.268 -9.121 -11.687 -13.527 -11.582 -9.58 -11.797 -13.628 -15.054 -16.022 -9.382 -12.461 -14.411 -15.424 -16.109 -13.15 -14.527 -15.485 -16.037 -16.43 -14.666 -13.554 -14.973 -16.894 -17.143 -17.146 -14.959
6.187096 -10.604 -5.426 -6.889 -8.678 -11.344 -13.256 -11.331 -9.155 -11.463 -13.365 -14.863 -15.88 -8.945 -12.152 -14.182 -15.246 -15.969 -12.932 -14.314 -15.311 -15.893 -16.31 -14.467 -13.299 -14.778 -16.811 -17.091 -17.12 -14.808
6.37422 -10.528 -5.334 -6.487 -8.202 -10.973 -12.964 -11.063 -8.696 -11.102 -13.081 -14.654 -15.723 -8.475 -11.818 -13.934 -15.051 -15.815 -12.709 -14.085 -15.122 -15.734 -16.178 -14.252 -13.023 -14.565 -16.718 -17.033 -17.089 -14.648
6.567004 -10.446 -5.242 -6.06 -7.688 -10.572 -12.646 -10.778 -8.201 -10.713 -12.772 -14.428 -15.552 -7.967 -11.456 -13.664 -14.837 -15.647 -12.483 -13.838 -14.916 -15.561 -16.033 -14.018 -12.723 -14.334 -16.613 -16.966 -17.052 -14.478
6.765619 -10.356 -5.146 -5.604 -7.132 -10.137 -12.3 -10.476 -7.666 -10.291 -12.437 -14.18 -15.364 -7.418 -11.064 -13.369 -14.604 -15.461 -12.256 -13.572 -14.691 -15.37 -15.873 -13.764 -12.399 -14.082 -16.497 -16.89 -17.008 -14.299
6.97024 -10.259 -5.046 -5.116 -6.531 -9.666 -11.924 -10.156 -7.087 -9.835 -12.072 -13.911 -15.158 -6.824 -10.639 -13.048 -14.348 -15.257 -12.031 -13.288 -14.446 -15.161 -15.698 -13.487 -12.047 -13.807 -16.368 -16.804 -16.957 -14.11
7.181051 -10.152 -4.938 -4.595 -5.88 -9.155 -11.514 -9.818 -6.459 -9.34 -11.676 -13.617 -14.932 -6.18 -10.177 -12.698 -14.068 -15.032 -11.81 -12.985 -14.178 -14.932 -15.506 -13.186 -11.664 -13.507 -16.223 -16.707 -16.898 -13.912
7.398237 -10.036 -4.821 -4.035 -5.173 -8.599 -11.066 -9.463 -5.778 -8.803 -11.243 -13.296 -14.684 -5.481 -9.675 -12.315 -13.761 -14.785 -11.594 -12.664 -13.887 -14.681 -15.295 -12.858 -11.247 -13.179 -16.063 -16.598 -16.83 -13.705
7.621991 -9.909 -4.694 -3.433 -4.405 -7.993 -10.577 -9.094 -5.036 -8.218 -10.771 -12.945 -14.411 -4.72 -9.127 -11.896 -13.424 -14.513 -11.385 -12.325 -13.57 -14.405 -15.065 -12.499 -10.793 -12.821 -15.884 -16.474 -16.752 -13.489
7.852513 -9.771 -4.555 -2.783 -3.568 -7.333 -10.043 -8.714 -4.229 -7.582 -10.255 -12.561 -14.11 -3.892 -8.529 -11.437 -13.054 -14.213 -11.181 -11.972 -13.225 -14.102 -14.813 -12.107 -10.297 -12.428 -15.685 -16.336 -16.662 -13.264
8.090007 -9.619 -4.403 -2.082 -2.655 -6.611 -9.456 -8.328 -3.347 -6.888 -9.691 -12.14 -13.78 -2.987 -7.876 -10.934 -12.646 -13.881 -10.98 -11.609 -12.851 -13.771 -14.537 -11.678 -9.755 -11.998 -15.464 -16.181 -16.56 -13.032
8.334684 -9.453 -4.237 -1.322 -1.656 -5.82 -8.812 -7.941 -2.382 -6.13 -9.072 -11.678 -13.415 -1.997 -7.16 -10.38 -12.197 -13.515 -10.778 -11.241 -12.448 -13.408 -14.237 -11.207 -9.161 -11.526 -15.217 -16.006 -16.444 -12.791
8.586761 -9.271 -4.055 -0.496 -0.562 -4.953 -8.104 -7.562 -1.325 -5.299 -8.393 -11.17 -13.013 -0.912 -6.374 -9.771 -11.7 -13.11 -10.572 -10.874 -12.015 -13.011 -13.91 -10.69 -8.51 -11.007 -14.942 -15.81 -16.313 -12.542
8.846461 -9.071 -3.856 0.402 0.64 -4.0 -7.324 -7.194 -0.164 -4.389 -7.646 -10.611 -12.569 0.28 -5.511 -9.098 -11.152 -12.661 -10.357 -10.515 -11.554 -12.578 -13.556 -10.12 -7.793 -10.435 -14.635 -15.59 -16.163 -12.284
9.114017 -8.852 -3.636 1.382 1.963 -2.95 -6.461 -6.842 1.115 -3.388 -6.822 -9.996 -12.078 1.592 -4.559 -8.355 -10.544 -12.163 -10.128 -10.167 -11.07 -12.109 -13.175 -9.492 -7.004 -9.804 -14.291 -15.343 -15.994 -12.015
9.389664 -8.61 -3.394 2.454 3.423 -1.79 -5.507 -6.501 2.526 -2.286 -5.914 -9.315 -11.533 3.04 -3.507 -7.532 -9.87 -11.609 -9.88 -9.828 -10.57 -11.603 -12.767 -8.797 -6.132 -9.106 -13.907 -15.065 -15.802 -11.733
9.673648 -8.343 -3.127 3.631 5.038 -0.507 -4.448 -6.167 4.088 -1.069 -4.908 -8.563 -10.929 4.643 -2.342 -6.618 -9.119 -10.992 -9.611 -9.494 -10.063 -11.063 -12.333 -8.028 -5.166 -8.332 -13.476 -14.751 -15.584 -11.436
9.966221 -8.047 -2.832 4.925 6.831 0.918 -3.269 -5.829 5.821 0.278 -3.793 -7.728 -10.257 6.421 -1.049 -5.601 -8.283 -10.304 -9.314 -9.157 -9.561 -10.496 -11.876 -7.173 -4.094 -7.473 -12.993 -14.397 -15.337 -11.118
10.267642 -7.72 -2.504 6.355 8.826 2.504 -1.955 -5.476 7.749 1.772 -2.554 -6.801 -9.509 8.4 0.391 -4.466 -7.348 -9.534 -8.986 -8.804 -9.07 -9.912 -11.398 -6.22 -2.9 -6.516 -12.449 -13.998 -15.056 -10.774
10.57818 -7.356 -2.14 7.939 11.053 4.275 -0.486 -5.099 9.901 3.435 -1.174 -5.769 -8.673 10.608 1.999 -3.197 -6.301 -8.672 -8.621 -8.427 -8.59 -9.322 -10.904 -5.156 -1.567 -5.447 -11.835 -13.546 -14.736 -10.399
10.89811 -6.949 -1.734 9.702 13.547 6.258 1.163 -4.686 12.311 5.292 0.367 -4.616 -7.739 13.08 3.801 -1.772 -5.124 -7.703 -8.215 -8.014 -8.109 -8.735 -10.391 -3.963 -0.073 -4.25 -11.141 -13.034 -14.371 -9.986
11.227716 -6.495 -1.279 11.671 16.351 8.486 3.019 -4.228 15.018 7.371 2.093 -3.325 -6.691 15.857 5.826 -0.169 -3.798 -6.611 -7.76 -7.557 -7.612 -8.151 -9.857 -2.622 1.606 -2.905 -10.354 -12.451 -13.953 -9.528
11.56729 -5.984 -0.768 13.882 19.514 10.999 5.114 -3.716 18.069 9.708 4.03 -1.876 -5.514 18.987 8.11 1.643 -2.299 -5.377 -7.25 -7.045 -7.081 -7.559 -9.292 -1.109 3.5 -1.387 -9.46 -11.787 -13.476 -9.015
11.917135 -5.408 -0.193 16.375 23.095 13.845 7.489 -3.14 21.523 12.345 6.213 -0.244 -4.186 22.529 10.696 3.695 -0.599 -3.98 -6.674 -6.469 -6.496 -6.939 -8.683 0.605 5.646 0.331 -8.441 -11.029 -12.927 -8.438
12.277561 -4.757 0.459 19.201 27.168 17.079 10.19 -2.488 25.446 15.332 8.679 1.599 -2.685 26.553 13.636 6.031 1.337 -2.393 -6.022 -5.817 -5.84 -6.266 -8.012 2.553 8.086 2.283 -7.275 -10.159 -12.296 -7.786
12.648887 -4.016 1.2 22.421 31.818 20.77 13.275 -1.747 29.921 18.731 11.475 3.69 -0.983 31.143 16.99 8.699 3.55 -0.584 -5.281 -5.077 -5.098 -5.516 -7.262 4.778 10.873 4.511 -5.936 -9.16 -11.567 -7.045
13.031444 -3.323 1.893 25.128 35.694 23.865 15.877 -1.054 33.651 21.579 13.828 5.472 0.485 34.965 19.81 10.962 5.443 0.977 -4.588 -4.384 -4.405 -4.821 -6.566 6.681 13.232 6.415 -4.75 -8.25 -10.876 -6.352
13.425571 -2.976 2.24 25.475 36.041 24.212 16.224 -0.707 33.998 21.927 14.175 5.819 0.832 35.312 20.157 11.31 5.79 1.324 -4.241 -4.036 -4.058 -4.473 -6.219 7.028 13.579 6.762 -4.402 -7.903 -10.529 -6.005
13.831619 -2.607 2.609 25.843 36.41 24.581 16.593 -0.339 34.366 22.295 14.544 6.187 1.2 35.68 20.526 11.678 6.158 1.693 -3.873 -3.668 -3.689 -4.105 -5.851 7.396 13.948 7.131 -4.034 -7.534 -10.16 -5.637
14.249947 -2.216 3.0 26.235 36.801 24.972 16.984 0.053 34.758 22.686 14.935 6.579 1.592 36.072 20.917 12.069 6.55 2.084 -3.481 -3.277 -3.298 -3.713 -5.459 7.788 14.339 7.522 -3.642 -7.143 -9.769 -5.245
14.680926 -1.801 3.415 26.65 37.216 25.387 17.399 0.468 35.173 23.102 15.35 6.994 2.007 36.487 21.332 12.485 6.965 2.499 -3.066 -2.861 -2.883 -3.298 -5.044 8.203 14.754 7.938 -3.227 -6.728 -9.354 -4.83
15.124941 -1.36 3.856 27.091 37.657 25.828 17.84 0.909 35.614 23.543 15.791 7.435 2.448 36.928 21.773 12.925 7.406 2.94 -2.625 -2.421 -2.442 -2.857 -4.603 8.644 15.195 8.378 -2.786 -6.287 -8.913 -4.389
15.582385 -0.892 4.324 27.559 38.125 26.296 18.308 1.376 36.082 24.01 16.259 7.902 2.916 37.396 22.241 13.393 7.873 3.408 -2.158 -1.953 -1.974 -2.39 -4.135 9.111 15.663 8.846 -2.319 -5.819 -8.445 -3.921
16.053663 -0.395 4.82 28.055 38.621 26.793 18.804 1.873 36.578 24.507 16.756 8.399 3.412 37.892 22.738 13.89 8.37 3.904 -1.661 -1.456 -1.478 -1.893 -3.639 9.608 16.16 9.343 -1.822 -5.323 -7.948 -3.425
16.539195 0.132 5.347 28.582 39.148 27.32 19.331 2.4 37.105 25.034 17.283 8.926 3.939 38.419 23.265 14.417 8.897 4.432 -1.134 -0.929 -0.951 -1.366 -3.112 10.135 16.687 9.87 -1.295 -4.796 -7.421 -2.898
17.039412 0.691 5.907 29.142 39.708 27.879 19.891 2.96 37.665 25.593 17.842 9.486 4.499 38.979 23.824 14.976 9.457 4.991 -0.574 -0.37 -0.391 -0.806 -2.552 10.695 17.246 10.429 -0.736 -4.236 -6.862 -2.338
17.554757 1.285 6.501 29.735 40.302 28.473 20.485 3.553 38.258 26.187 18.436 10.079 5.092 39.572 24.418 15.57 10.05 5.585 0.019 0.224 0.203 -0.213 -1.959 11.288 17.84 11.023 -0.142 -3.642 -6.268 -1.745
18.085689 1.915 7.131 30.366 40.932 29.103 21.115 4.184 38.889 26.817 19.066 10.71 5.723 40.203 25.048 16.2 10.681 6.215 0.65 0.854 0.833 0.418 -1.328 11.919 18.47 11.653 0.489 -3.012 -5.638 -1.114
18.632678 2.584 7.8 31.035 41.601 29.772 21.784 4.853 39.558 27.486 19.735 11.379 6.392 40.872 25.717 16.869 11.35 6.884 1.319 1.523 1.502 1.087 -0.659 12.588 19.139 12.322 1.157 -2.343 -4.969 -0.445
19.196211 3.294 8.51 31.745 42.311 30.482 22.494 5.563 40.268 28.196 20.445 12.089 7.102 41.582 26.427 17.579 12.06 7.594 2.029 2.233 2.212 1.797 0.051 13.298 19.849 13.032 1.868 -1.633 -4.259 0.265
19.776787 4.048 9.263 32.498 43.064 31.236 23.248 6.316 41.021 28.95 21.199 12.842 7.855 42.335 27.181 18.333 12.813 8.348 2.782 2.987 2.965 2.55 0.804 14.051 20.603 13.786 2.621 -0.88 -3.505 1.018
20.374923 4.848 10.063 33.298 43.864 32.036 24.047 7.116 41.821 29.75 21.999 13.642 8.655 43.135 27.981 19.133 13.613 9.148 3.582 3.787 3.765 3.35 1.604 14.851 21.403 14.586 3.421 -0.08 -2.705 1.818
20.991149 5.697 10.912 34.147 44.713 32.885 24.896 7.965 42.67 30.599 22.848 14.491 9.504 43.984 28.83 19.982 14.462 9.997 4.431 4.636 4.614 4.199 2.453 15.7 22.252 15.435 4.27 0.769 -1.856 2.667
21.626011 6.598 11.814 35.048 45.614 33.786 25.798 8.866 43.571 31.5 23.749 15.392 10.405 44.885 29.731 20.883 15.363 10.898 5.332 5.537 5.516 5.1 3.354 16.601 23.153 16.336 5.171 1.671 -0.955 3.568
22.280075 7.554 12.77 36.005 46.571 34.742 26.754 9.823 44.528 32.457 24.705 16.349 11.362 45.842 30.687 21.84 16.32 11.854 6.289 6.493 6.472 6.057 4.311 17.558 24.109 17.292 6.128 2.627 0.001 4.525
22.953921 8.57 13.785 37.02 47.586 35.758 27.769 10.838 45.543 33.472 25.721 17.364 12.377 46.857 31.703 22.855 17.335 12.869 7.304 7.509 7.487 7.072 5.326 18.573 25.124 18.308 7.143 3.642 1.016 5.54
23.648147 9.647 14.863 38.098 48.664 36.835 28.847 11.916 46.621 34.549 26.798 18.442 13.455 47.935 32.78 23.932 18.413 13.947 8.382 8.586 8.565 8.149 6.404 19.651 26.202 19.385 8.22 4.72 2.094 6.618
24.363369 10.791 16.006 39.241 49.807 37.979 29.991 13.059 47.764 35.693 27.942 19.585 14.598 49.078 33.924 25.076 19.556 15.091 9.525 9.73 9.708 9.293 7.547 20.794 27.346 20.529 9.364 5.864 3.238 7.761
25.100222 12.005 17.22 40.455 51.021 39.193 31.204 14.273 48.978 36.907 29.156 20.799 15.812 50.292 35.138 26.29 20.77 16.305 10.739 10.944 10.922 10.507 8.761 22.008 28.56 21.743 10.578 7.077 4.452 8.975
25.859362 13.293 18.509 41.744 52.31 40.481 32.493 15.562 50.267 38.196 30.444 22.088 17.101 51.581 36.426 27.578 22.059 17.593 12.028 12.232 12.211 11.796 10.05 23.297 29.848 23.031 11.867 8.366 5.74 10.264
26.64146 14.661 19.877 43.111 53.677 41.849 33.861 16.929 51.634 39.563 31.812 23.455 18.468 52.948 37.794 28.946 23.426 18.961 13.395 13.6 13.579 13.163 11.417 24.664 31.216 24.399 13.234 9.734 7.108 11.631
27.447213 16.112 21.328 44.563 55.129 43.3 35.312 18.381 53.086 41.015 33.263 24.907 19.92 54.4 39.245 30.398 24.878 20.412 14.847 15.052 15.03 14.615 12.869 26.116 32.667 25.851 14.686 11.185 8.559 13.083
28.277335 17.653 22.869 46.104 56.67 44.841 36.853 19.922 54.627 42.555 34.804 26.448 21.461 55.941 40.786 31.938 26.419 21.953 16.388 16.592 16.571 16.156 14.41 27.657 34.208 27.391 16.226 12.726 10.1 14.624
29.132564 19.288 24.504 47.739 58.305 46.476 38.488 21.557 56.262 44.191 36.439 28.083 23.096 57.576 42.421 33.574 28.054 23.588 18.023 18.228 18.206 17.791 16.045 29.292 35.843 29.027 17.862 14.361 11.735 16.259
30.013659 21.024 26.24 49.475 60.041 48.212 40.224 23.293 57.998 45.926 38.175 29.819 24.832 59.312 44.157 35.309 29.79 25.324 19.759 19.963 19.942 19.527 17.781 31.028 37.579 30.762 19.598 16.097 13.471 17.995
30.921401 22.866 28.082 51.317 61.883 50.055 42.066 25.135 59.84 47.769 40.017 31.661 26.674 61.154 46.0 37.152 31.632 27.166 21.601 21.806 21.784 21.369 19.623 32.87 39.421 32.605 21.44 17.939 15.313 19.837
31.856598 24.822 30.038 53.272 63.839 52.01 44.022 27.09 61.795 49.724 41.973 33.616 28.629 63.109 47.955 39.107 33.587 29.122 23.556 23.761 23.74 23.324 21.578 34.825 41.377 34.56 23.395 19.895 17.269 21.792
32.820079 26.897 32.113 55.348 65.914 54.085 46.097 29.166 63.871 51.8 44.048 35.692 30.705 65.185 50.03 41.183 35.663 31.197 25.632 25.837 25.815 25.4 23.654 36.901 43.452 36.636 25.471 21.97 19.344 23.868
33.8127 29.1 34.316 57.551 68.117 56.288 48.3 31.369 66.074 54.003 46.251 37.895 32.908 67.388 52.233 43.386 37.866 33.4 27.835 28.04 28.018 27.603 25.857 39.104 45.655 38.839 27.674 24.173 21.547 26.071
34.835342 31.439 36.654 59.889 70.455 58.627 50.638 33.707 68.412 56.341 48.59 40.233 35.246 69.726 54.572 45.724 40.204 35.738 30.173 30.378 30.356 29.941 28.195 41.442 47.993 41.177 30.012 26.511 23.885 28.409
35.888913 33.92 39.136 62.371 72.937 61.108 53.12 36.189 70.894 58.823 51.071 42.715 37.728 72.208 57.053 48.206 42.686 38.22 32.655 32.86 32.838 32.423 30.677 43.924 50.475 43.659 32.494 28.993 26.367 30.891
