web/models/grb/offaxis/16/grb_0.2967_1.3895_0.0001000.dat
# %ECSV 1.0
# ---
# datatype:
# - {name: time, datatype: float64}
# - {name: swift_uvot_uvw2, datatype: float64}
# - {name: swift_uvot_uvm2, datatype: float64}
# - {name: swift_uvot_uvw1, datatype: float64}
# - {name: swift_uvot_U, datatype: float64}
# - {name: swift_uvot_B, datatype: float64}
# - {name: swift_uvot_V, datatype: float64}
# - {name: swift_uvot_W, datatype: float64}
# - {name: johnson_U, datatype: float64}
# - {name: johnson_B, datatype: float64}
# - {name: johnson_V, datatype: float64}
# - {name: johnson_R, datatype: float64}
# - {name: johnson_I, datatype: float64}
# - {name: sdss_u, datatype: float64}
# - {name: sdss_g, datatype: float64}
# - {name: sdss_r, datatype: float64}
# - {name: sdss_i, datatype: float64}
# - {name: sdss_z, datatype: float64}
# - {name: PS1_g, datatype: float64}
# - {name: PS1_r, datatype: float64}
# - {name: PS1_i, datatype: float64}
# - {name: PS1_z, datatype: float64}
# - {name: PS1_Y, datatype: float64}
# - {name: ukirt_J, datatype: float64}
# - {name: ukirt_H, datatype: float64}
# - {name: ukirt_K, datatype: float64}
# meta: !!omap
# - comment: [E = 0.0006029923955985727, Eta0 = 8.02, GammaB = 12.0, dL = 0.012188, epsb = 6.760829753919819e-06, epse = 0.1, n = 0.0001,
#     p = 2.15, theta_obs = 0.29670597283903605, xiN = 1.0, z = 0.0, type = grb, E_kiso = 1.3894954943731375]
# schema: astropy-2.0
time swift_uvot_uvw2 swift_uvot_uvm2 swift_uvot_uvw1 swift_uvot_U swift_uvot_B swift_uvot_V swift_uvot_W johnson_U johnson_B johnson_V johnson_R johnson_I sdss_u sdss_g sdss_r sdss_i sdss_z PS1_g PS1_r PS1_i PS1_z PS1_Y ukirt_J ukirt_H ukirt_K
[from data line 94]
0.094 9.435 9.484 9.41 9.217 9.074 8.935 9.296 9.194 9.072 8.93 8.79 8.641 9.199 9.027 8.855 8.734 8.624 8.963 8.82 8.701 8.602 8.433 8.412 8.242 8.052
0.0963 9.367 9.416 9.342 9.149 9.006 8.867 9.228 9.126 9.004 8.862 8.721 8.573 9.131 8.959 8.787 8.666 8.555 8.895 8.752 8.632 8.533 8.365 8.343 8.174 7.984
0.0986 9.3 9.35 9.275 9.082 8.939 8.8 9.161 9.059 8.937 8.795 8.655 8.506 9.064 8.892 8.72 8.599 8.489 8.828 8.685 8.566 8.467 8.298 8.277 8.107 7.917
0.101 9.233 9.283 9.208 9.015 8.873 8.733 9.094 8.993 8.87 8.728 8.588 8.439 8.998 8.825 8.653 8.532 8.422 8.761 8.619 8.499 8.4 8.232 8.21 8.041 7.85
0.1034 9.167 9.216 9.141 8.948 8.806 8.667 9.027 8.926 8.803 8.661 8.521 8.372 8.931 8.758 8.586 8.466 8.355 8.694 8.552 8.432 8.333 8.165 8.143 7.974 7.783
0.1059 9.1 9.149 9.074 8.881 8.739 8.6 8.961 8.859 8.737 8.595 8.454 8.306 8.864 8.691 8.52 8.399 8.288 8.628 8.485 8.365 8.266 8.098 8.076 7.907 7.717
0.1084 9.033 9.082 9.008 8.815 8.672 8.533 8.894 8.792 8.67 8.528 8.387 8.239 8.797 8.625 8.453 8.332 8.221 8.561 8.418 8.298 8.199 8.031 8.009 7.84 7.65
0.1111 8.966 9.016 8.941 8.748 8.605 8.466 8.827 8.725 8.603 8.461 8.321 8.172 8.73 8.558 8.386 8.265 8.155 8.494 8.351 8.232 8.133 7.964 7.943 7.773 7.583
0.1137 8.899 8.949 8.874 8.681 8.539 8.399 8.76 8.659 8.536 8.394 8.254 8.105 8.664 8.491 8.319 8.198 8.088 8.427 8.285 8.165 8.066 7.898 7.876 7.707 7.516
0.1165 8.833 8.882 8.807 8.614 8.472 8.333 8.693 8.592 8.469 8.327 8.187 8.038 8.597 8.424 8.252 8.132 8.021 8.36 8.218 8.098 7.999 7.831 7.809 7.64 7.449
0.1193 8.766 8.816 8.741 8.548 8.405 8.266 8.627 8.525 8.403 8.261 8.121 7.972 8.53 8.358 8.186 8.065 7.955 8.294 8.152 8.032 7.933 7.764 7.743 7.573 7.383
0.1222 8.721 8.771 8.696 8.503 8.361 8.221 8.582 8.481 8.358 8.216 8.076 7.927 8.486 8.313 8.141 8.02 7.91 8.249 8.107 7.987 7.888 7.72 7.698 7.529 7.338
0.1251 8.677 8.726 8.651 8.458 8.316 8.177 8.537 8.436 8.313 8.171 8.031 7.882 8.441 8.268 8.096 7.976 7.865 8.204 8.062 7.942 7.843 7.675 7.653 7.484 7.293
0.1281 8.632 8.681 8.606 8.413 8.271 8.132 8.493 8.391 8.269 8.127 7.986 7.838 8.396 8.223 8.052 7.931 7.82 8.16 8.017 7.897 7.798 7.63 7.608 7.439 7.249
0.1312 8.587 8.636 8.562 8.369 8.226 8.087 8.448 8.346 8.224 8.082 7.941 7.793 8.351 8.179 8.007 7.886 7.775 8.115 7.972 7.853 7.753 7.585 7.564 7.394 7.204
0.1344 8.542 8.592 8.517 8.324 8.181 8.042 8.403 8.301 8.179 8.037 7.897 7.748 8.306 8.134 7.962 7.841 7.731 8.07 7.928 7.808 7.709 7.54 7.519 7.349 7.159
0.1376 8.497 8.547 8.472 8.279 8.137 7.997 8.358 8.257 8.134 7.992 7.852 7.703 8.262 8.089 7.917 7.797 7.686 8.025 7.883 7.763 7.664 7.496 7.474 7.305 7.114
0.141 8.453 8.502 8.427 8.234 8.092 7.953 8.313 8.212 8.089 7.948 7.807 7.658 8.217 8.044 7.872 7.752 7.641 7.981 7.838 7.718 7.619 7.451 7.429 7.26 7.069
0.1444 8.408 8.457 8.382 8.189 8.047 7.908 8.269 8.167 8.045 7.903 7.762 7.614 8.172 7.999 7.828 7.707 7.596 7.936 7.793 7.673 7.574 7.406 7.384 7.215 7.025
0.1478 8.363 8.412 8.338 8.145 8.002 7.863 8.224 8.122 8.0 7.858 7.717 7.569 8.127 7.955 7.783 7.662 7.551 7.891 7.748 7.629 7.529 7.361 7.34 7.17 6.98
0.1514 8.319 8.369 8.294 8.101 7.959 7.819 8.18 8.079 7.956 7.814 7.674 7.525 8.084 7.911 7.739 7.619 7.508 7.847 7.705 7.585 7.486 7.318 7.296 7.127 6.936
0.1551 8.282 8.331 8.256 8.063 7.921 7.782 8.143 8.041 7.919 7.777 7.636 7.488 8.046 7.873 7.702 7.581 7.47 7.81 7.667 7.547 7.448 7.28 7.258 7.089 6.899
0.1588 8.244 8.294 8.219 8.026 7.883 7.744 8.105 8.003 7.881 7.739 7.599 7.45 8.009 7.836 7.664 7.543 7.433 7.772 7.63 7.51 7.411 7.243 7.221 7.051 6.861
0.1626 8.207 8.256 8.181 7.988 7.846 7.707 8.068 7.966 7.844 7.702 7.561 7.413 7.971 7.798 7.627 7.506 7.395 7.735 7.592 7.472 7.373 7.205 7.183 7.014 6.824
0.1666 8.169 8.219 8.144 7.951 7.808 7.669 8.03 7.928 7.806 7.664 7.524 7.375 7.933 7.761 7.589 7.468 7.358 7.697 7.555 7.435 7.336 7.167 7.146 6.976 6.786
0.1706 8.132 8.181 8.106 7.913 7.771 7.632 7.993 7.891 7.768 7.627 7.486 7.337 7.896 7.723 7.551 7.431 7.32 7.66 7.517 7.397 7.298 7.13 7.108 6.939 6.748
0.1747 8.094 8.143 8.069 7.876 7.733 7.594 7.955 7.853 7.731 7.589 7.449 7.3 7.858 7.686 7.514 7.393 7.283 7.622 7.479 7.36 7.261 7.092 7.071 6.901 6.711
0.1789 8.056 8.106 8.031 7.838 7.696 7.557 7.917 7.816 7.693 7.551 7.411 7.262 7.821 7.648 7.476 7.356 7.245 7.584 7.442 7.322 7.223 7.055 7.033 6.864 6.673
0.1832 8.019 8.068 7.994 7.801 7.658 7.519 7.88 7.778 7.656 7.514 7.373 7.225 7.783 7.611 7.439 7.318 7.207 7.547 7.404 7.284 7.185 7.017 6.995 6.826 6.636
0.1876 7.981 8.031 7.956 7.763 7.621 7.481 7.842 7.741 7.618 7.476 7.336 7.187 7.746 7.573 7.401 7.281 7.17 7.509 7.367 7.247 7.148 6.98 6.958 6.789 6.598
0.1922 7.947 7.997 7.922 7.729 7.587 7.447 7.808 7.707 7.584 7.442 7.302 7.153 7.712 7.539 7.367 7.246 7.136 7.475 7.333 7.213 7.114 6.946 6.924 6.755 6.564
0.1968 7.921 7.971 7.896 7.703 7.56 7.421 7.782 7.68 7.558 7.416 7.276 7.127 7.686 7.513 7.341 7.22 7.11 7.449 7.307 7.187 7.088 6.919 6.898 6.728 6.538
0.2015 7.895 7.945 7.87 7.677 7.534 7.395 7.756 7.654 7.532 7.39 7.25 7.101 7.659 7.487 7.315 7.194 7.084 7.423 7.281 7.161 7.062 6.893 6.872 6.702 6.512
0.2064 7.869 7.918 7.844 7.651 7.508 7.369 7.73 7.628 7.506 7.364 7.223 7.075 7.633 7.461 7.289 7.168 7.058 7.397 7.254 7.135 7.036 6.867 6.846 6.676 6.486
0.2114 7.843 7.892 7.818 7.625 7.482 7.343 7.704 7.602 7.48 7.338 7.197 7.049 7.607 7.435 7.263 7.142 7.031 7.371 7.228 7.108 7.009 6.841 6.819 6.65 6.46
0.2165 7.817 7.866 7.791 7.598 7.456 7.317 7.678 7.576 7.454 7.312 7.171 7.023 7.581 7.409 7.237 7.116 7.005 7.345 7.202 7.082 6.983 6.815 6.793 6.624 6.434
0.2217 7.791 7.84 7.765 7.572 7.43 7.291 7.652 7.55 7.428 7.286 7.145 6.997 7.555 7.382 7.211 7.09 6.979 7.319 7.176 7.056 6.957 6.789 6.767 6.598 6.408
0.2271 7.765 7.814 7.739 7.546 7.404 7.265 7.626 7.524 7.401 7.26 7.119 6.971 7.529 7.356 7.184 7.064 6.953 7.293 7.15 7.03 6.931 6.763 6.741 6.572 6.382
0.2325 7.739 7.788 7.713 7.52 7.378 7.239 7.599 7.498 7.375 7.233 7.093 6.944 7.503 7.33 7.158 7.038 6.927 7.266 7.124 7.004 6.905 6.737 6.715 6.546 6.355
0.2381 7.712 7.762 7.687 7.494 7.352 7.213 7.573 7.472 7.349 7.207 7.067 6.918 7.477 7.304 7.132 7.012 6.901 7.24 7.098 6.978 6.879 6.711 6.689 6.52 6.329
0.2439 7.687 7.736 7.661 7.468 7.326 7.187 7.548 7.446 7.324 7.182 7.041 6.893 7.451 7.278 7.107 6.986 6.875 7.215 7.072 6.952 6.853 6.685 6.663 6.494 6.304
0.2498 7.662 7.711 7.636 7.443 7.301 7.162 7.523 7.421 7.299 7.157 7.016 6.868 7.426 7.253 7.082 6.961 6.85 7.19 7.047 6.927 6.828 6.66 6.638 6.469 6.279
0.2558 7.637 7.686 7.611 7.418 7.276 7.137 7.498 7.396 7.273 7.132 6.991 6.843 7.401 7.228 7.056 6.936 6.825 7.165 7.022 6.902 6.803 6.635 6.613 6.444 6.253
0.262 7.612 7.661 7.586 7.393 7.251 7.112 7.472 7.371 7.248 7.106 6.966 6.817 7.376 7.203 7.031 6.911 6.8 7.139 6.997 6.877 6.778 6.61 6.588 6.419 6.228
0.2683 7.586 7.636 7.561 7.368 7.226 7.087 7.447 7.346 7.223 7.081 6.941 6.792 7.351 7.178 7.006 6.886 6.775 7.114 6.972 6.852 6.753 6.585 6.563 6.394 6.203
0.2748 7.561 7.611 7.536 7.343 7.201 7.061 7.422 7.321 7.198 7.056 6.916 6.767 7.326 7.153 6.981 6.861 6.75 7.089 6.947 6.827 6.728 6.56 6.538 6.369 6.178
0.2814 7.536 7.586 7.511 7.318 7.176 7.036 7.397 7.296 7.173 7.031 6.891 6.742 7.301 7.128 6.956 6.835 6.725 7.064 6.922 6.802 6.703 6.535 6.513 6.344 6.153
0.2882 7.511 7.561 7.486 7.293 7.15 7.011 7.372 7.27 7.148 7.006 6.866 6.717 7.275 7.103 6.931 6.81 6.7 7.039 6.897 6.777 6.678 6.509 6.488 6.318 6.128
0.2951 7.486 7.536 7.461 7.268 7.125 6.986 7.347 7.245 7.123 6.981 6.841 6.692 7.25 7.078 6.906 6.785 6.675 7.014 6.871 6.752 6.653 6.484 6.463 6.293 6.103
0.3022 7.461 7.51 7.436 7.243 7.1 6.961 7.322 7.22 7.098 6.956 6.816 6.667 7.225 7.053 6.881 6.76 6.65 6.989 6.846 6.727 6.628 6.459 6.438 6.268 6.078
0.3095 7.436 7.485 7.411 7.218 7.075 6.936 7.297 7.195 7.073 6.931 6.791 6.642 7.2 7.028 6.856 6.735 6.625 6.964 6.821 6.702 6.603 6.434 6.413 6.243 6.053
0.317 7.411 7.461 7.386 7.193 7.05 6.911 7.272 7.17 7.048 6.906 6.766 6.617 7.175 7.003 6.831 6.71 6.6 6.939 6.797 6.677 6.578 6.409 6.388 6.218 6.028
0.3247 7.386 7.436 7.361 7.168 7.025 6.886 7.247 7.145 7.023 6.881 6.741 6.592 7.151 6.978 6.806 6.685 6.575 6.914 6.772 6.652 6.553 6.384 6.363 6.193 6.003
0.3325 7.361 7.411 7.336 7.143 7.001 6.861 7.222 7.121 6.998 6.856 6.716 6.567 7.126 6.953 6.781 6.66 6.55 6.889 6.747 6.627 6.528 6.36 6.338 6.169 5.978
0.3405 7.336 7.386 7.311 7.118 6.976 6.836 7.197 7.096 6.973 6.831 6.691 6.542 7.101 6.928 6.756 6.636 6.525 6.864 6.722 6.602 6.503 6.335 6.313 6.144 5.953
0.3487 7.311 7.361 7.286 7.093 6.951 6.812 7.172 7.071 6.948 6.806 6.666 6.517 7.076 6.903 6.731 6.611 6.5 6.839 6.697 6.577 6.478 6.31 6.288 6.119 5.928
0.3571 7.287 7.336 7.261 7.068 6.926 6.787 7.147 7.046 6.923 6.782 6.641 6.492 7.051 6.878 6.706 6.586 6.475 6.815 6.672 6.552 6.453 6.285 6.263 6.094 5.903
0.3657 7.262 7.311 7.236 7.043 6.901 6.762 7.123 7.021 6.898 6.757 6.616 6.468 7.026 6.853 6.682 6.561 6.45 6.79 6.647 6.527 6.428 6.26 6.238 6.069 5.879
0.3746 7.237 7.286 7.211 7.018 6.876 6.737 7.098 6.996 6.874 6.732 6.591 6.443 7.001 6.828 6.657 6.536 6.425 6.765 6.622 6.502 6.403 6.235 6.213 6.044 5.854
0.3836 7.212 7.261 7.186 6.993 6.851 6.712 7.073 6.971 6.849 6.707 6.566 6.418 6.976 6.804 6.632 6.511 6.4 6.74 6.597 6.477 6.378 6.21 6.188 6.019 5.829
0.3929 7.19 7.24 7.165 6.972 6.83 6.69 7.051 6.95 6.827 6.685 6.545 6.396 6.955 6.782 6.61 6.489 6.379 6.718 6.576 6.456 6.357 6.189 6.167 5.998 5.807
0.4023 7.17 7.22 7.145 6.952 6.809 6.67 7.031 6.929 6.807 6.665 6.525 6.376 6.934 6.762 6.59 6.469 6.359 6.698 6.555 6.436 6.337 6.168 6.147 5.977 5.787
0.412 7.15 7.199 7.124 6.931 6.789 6.65 7.011 6.909 6.787 6.645 6.504 6.356 6.914 6.741 6.57 6.449 6.338 6.678 6.535 6.415 6.316 6.148 6.126 5.957 5.767
0.422 7.13 7.179 7.104 6.911 6.769 6.63 6.99 6.889 6.766 6.624 6.484 6.335 6.894 6.721 6.549 6.429 6.318 6.657 6.515 6.395 6.296 6.128 6.106 5.937 5.746
0.4322 7.109 7.159 7.084 6.891 6.748 6.609 6.97 6.869 6.746 6.604 6.464 6.315 6.874 6.701 6.529 6.408 6.298 6.637 6.495 6.375 6.276 6.108 6.086 5.916 5.726
0.4426 7.089 7.138 7.064 6.871 6.728 6.589 6.95 6.848 6.726 6.584 6.443 6.295 6.853 6.681 6.509 6.388 6.278 6.617 6.474 6.355 6.256 6.087 6.066 5.896 5.706
0.4533 7.069 7.118 7.043 6.85 6.708 6.569 6.93 6.828 6.706 6.564 6.423 6.275 6.833 6.66 6.489 6.368 6.257 6.597 6.454 6.334 6.235 6.067 6.045 5.876 5.686
0.4642 7.048 7.098 7.023 6.83 6.688 6.549 6.909 6.808 6.685 6.543 6.403 6.254 6.813 6.64 6.468 6.348 6.237 6.576 6.434 6.314 6.215 6.047 6.025 5.856 5.665
0.4754 7.028 7.078 7.003 6.81 6.667 6.528 6.889 6.787 6.665 6.523 6.383 6.234 6.792 6.62 6.448 6.327 6.217 6.556 6.414 6.294 6.195 6.026 6.005 5.835 5.645
0.4869 7.008 7.057 6.983 6.79 6.647 6.508 6.869 6.767 6.645 6.503 6.362 6.214 6.772 6.6 6.428 6.307 6.196 6.536 6.393 6.273 6.174 6.006 5.985 5.815 5.625
0.4986 6.992 7.041 6.966 6.773 6.631 6.492 6.852 6.751 6.628 6.486 6.346 6.197 6.756 6.583 6.411 6.291 6.18 6.519 6.377 6.257 6.158 5.99 5.968 5.799 5.608
0.5106 6.976 7.025 6.95 6.757 6.615 6.476 6.837 6.735 6.612 6.471 6.33 6.182 6.74 6.567 6.396 6.275 6.164 6.504 6.361 6.241 6.142 5.974 5.952 5.783 5.593
0.523 6.96 7.009 6.934 6.741 6.599 6.46 6.821 6.719 6.597 6.455 6.314 6.166 6.724 6.551 6.38 6.259 6.148 6.488 6.345 6.225 6.126 5.958 5.936 5.767 5.577
0.5356 6.944 6.993 6.918 6.726 6.583 6.444 6.805 6.703 6.581 6.439 6.298 6.15 6.708 6.536 6.364 6.243 6.132 6.472 6.329 6.209 6.11 5.942 5.92 5.751 5.561
0.5485 6.928 6.977 6.903 6.71 6.567 6.428 6.789 6.687 6.565 6.423 6.282 6.134 6.692 6.52 6.348 6.227 6.117 6.456 6.313 6.194 6.095 5.926 5.905 5.735 5.545
0.5617 6.912 6.962 6.887 6.694 6.551 6.412 6.773 6.671 6.549 6.407 6.267 6.118 6.676 6.504 6.332 6.211 6.101 6.44 6.298 6.178 6.079 5.91 5.889 5.719 5.529
0.5753 6.896 6.946 6.871 6.678 6.535 6.396 6.757 6.656 6.533 6.391 6.251 6.102 6.661 6.488 6.316 6.195 6.085 6.424 6.282 6.162 6.063 5.895 5.873 5.703 5.513
0.5891 6.88 6.93 6.855 6.662 6.52 6.38 6.741 6.64 6.517 6.375 6.235 6.086 6.645 6.472 6.3 6.18 6.069 6.408 6.266 6.146 6.047 5.879 5.857 5.688 5.497
0.6034 6.864 6.914 6.839 6.646 6.504 6.365 6.725 6.624 6.501 6.359 6.219 6.07 6.629 6.456 6.284 6.164 6.053 6.392 6.25 6.13 6.031 5.863 5.841 5.672 5.481
0.6179 6.849 6.898 6.823 6.63 6.488 6.349 6.71 6.608 6.485 6.344 6.203 6.055 6.613 6.44 6.269 6.148 6.037 6.377 6.234 6.114 6.015 5.847 5.825 5.656 5.466
0.6328 6.834 6.884 6.809 6.616 6.474 6.334 6.695 6.594 6.471 6.329 6.189 6.04 6.599 6.426 6.254 6.133 6.023 6.362 6.22 6.1 6.001 5.833 5.811 5.642 5.451
0.6481 6.82 6.869 6.795 6.602 6.459 6.32 6.681 6.579 6.457 6.315 6.174 6.026 6.584 6.412 6.24 6.119 6.008 6.348 6.205 6.086 5.987 5.818 5.797 5.627 5.437
0.6637 6.806 6.855 6.78 6.587 6.445 6.306 6.667 6.565 6.442 6.301 6.16 6.012 6.57 6.397 6.225 6.105 5.994 6.334 6.191 6.071 5.972 5.804 5.782 5.613 5.423
0.6797 6.791 6.841 6.766 6.573 6.431 6.291 6.652 6.551 6.428 6.286 6.146 5.997 6.556 6.383 6.211 6.09 5.98 6.319 6.177 6.057 5.958 5.79 5.768 5.599 5.408
0.6961 6.777 6.826 6.752 6.559 6.416 6.277 6.638 6.536 6.414 6.272 6.131 5.983 6.541 6.369 6.197 6.076 5.965 6.305 6.162 6.043 5.943 5.775 5.754 5.584 5.394
0.7129 6.763 6.812 6.737 6.544 6.402 6.263 6.624 6.522 6.399 6.258 6.117 5.969 6.527 6.354 6.182 6.062 5.951 6.291 6.148 6.028 5.929 5.761 5.739 5.57 5.38
0.7301 6.748 6.798 6.723 6.53 6.388 6.248 6.609 6.508 6.385 6.243 6.103 5.954 6.513 6.34 6.168 6.047 5.937 6.276 6.134 6.014 5.915 5.747 5.725 5.556 5.365
0.7477 6.734 6.783 6.709 6.516 6.373 6.234 6.595 6.493 6.371 6.229 6.088 5.94 6.498 6.326 6.154 6.033 5.922 6.262 6.119 5.999 5.9 5.732 5.71 5.541 5.351
0.7658 6.72 6.769 6.694 6.501 6.359 6.22 6.581 6.479 6.356 6.215 6.074 5.926 6.484 6.311 6.139 6.019 5.908 6.248 6.105 5.985 5.886 5.718 5.696 5.527 5.336
0.7842 6.706 6.755 6.68 6.487 6.345 6.206 6.567 6.465 6.343 6.201 6.06 5.912 6.47 6.297 6.126 6.005 5.894 6.234 6.091 5.971 5.872 5.704 5.682 5.513 5.323
0.8032 6.694 6.743 6.669 6.476 6.333 6.194 6.555 6.453 6.331 6.189 6.048 5.9 6.458 6.286 6.114 5.993 5.882 6.222 6.079 5.96 5.86 5.692 5.671 5.501 5.311
0.8225 6.682 6.732 6.657 6.464 6.321 6.182 6.543 6.441 6.319 6.177 6.037 5.888 6.447 6.274 6.102 5.981 5.871 6.21 6.068 5.948 5.849 5.68 5.659 5.489 5.299
0.8424 6.67 6.72 6.645 6.452 6.31 6.171 6.531 6.43 6.307 6.165 6.025 5.876 6.435 6.262 6.09 5.97 5.859 6.198 6.056 5.936 5.837 5.669 5.647 5.478 5.287
0.8627 6.659 6.708 6.633 6.44 6.298 6.159 6.52 6.418 6.296 6.154 6.013 5.865 6.423 6.25 6.079 5.958 5.847 6.187 6.044 5.924 5.825 5.657 5.635 5.466 5.276
0.8835 6.647 6.696 6.622 6.429 6.286 6.147 6.508 6.406 6.284 6.142 6.001 5.853 6.411 6.239 6.067 5.946 5.836 6.175 6.032 5.913 5.814 5.645 5.624 5.454 5.264
0.9048 6.635 6.685 6.61 6.417 6.275 6.135 6.496 6.395 6.272 6.13 5.99 5.841 6.4 6.227 6.055 5.934 5.824 6.163 6.021 5.901 5.802 5.634 5.612 5.443 5.252
0.9266 6.624 6.673 6.598 6.405 6.263 6.124 6.484 6.383 6.26 6.118 5.978 5.829 6.388 6.215 6.043 5.923 5.812 6.151 6.009 5.889 5.79 5.622 5.6 5.431 5.24
0.949 6.612 6.661 6.586 6.393 6.251 6.112 6.473 6.371 6.249 6.107 5.966 5.818 6.376 6.204 6.032 5.911 5.8 6.14 5.997 5.877 5.778 5.61 5.588 5.419 5.229
0.9719 6.6 6.65 6.575 6.382 6.239 6.1 6.461 6.359 6.237 6.095 5.955 5.806 6.364 6.192 6.02 5.899 5.789 6.128 5.985 5.866 5.767 5.598 5.577 5.407 5.217
0.9953 6.588 6.637 6.563 6.37 6.227 6.088 6.449 6.347 6.225 6.083 5.942 5.794 6.352 6.18 6.008 5.887 5.776 6.116 5.973 5.853 5.754 5.586 5.564 5.395 5.205
1.0194 6.575 6.624 6.549 6.356 6.214 6.075 6.436 6.334 6.212 6.07 5.929 5.781 6.339 6.167 5.995 5.874 5.763 6.103 5.96 5.84 5.741 5.573 5.551 5.382 5.192
1.0439 6.562 6.611 6.536 6.343 6.201 6.062 6.423 6.321 6.199 6.057 5.916 5.768 6.326 6.153 5.982 5.861 5.75 6.09 5.947 5.827 5.728 5.56 5.538 5.369 5.179
1.0691 6.549 6.598 6.523 6.33 6.188 6.049 6.41 6.308 6.186 6.044 5.903 5.755 6.313 6.14 5.969 5.848 5.737 6.077 5.934 5.814 5.715 5.547 5.525 5.356 5.166
