web/models/grb/offaxis/16/grb_0.2967_51.7947_0.2511886.dat
# %ECSV 1.0
# ---
# datatype:
# - {name: time, datatype: float64}
# - {name: swift_uvot_uvw2, datatype: float64}
# - {name: swift_uvot_uvm2, datatype: float64}
# - {name: swift_uvot_uvw1, datatype: float64}
# - {name: swift_uvot_U, datatype: float64}
# - {name: swift_uvot_B, datatype: float64}
# - {name: swift_uvot_V, datatype: float64}
# - {name: swift_uvot_W, datatype: float64}
# - {name: johnson_U, datatype: float64}
# - {name: johnson_B, datatype: float64}
# - {name: johnson_V, datatype: float64}
# - {name: johnson_R, datatype: float64}
# - {name: johnson_I, datatype: float64}
# - {name: sdss_u, datatype: float64}
# - {name: sdss_g, datatype: float64}
# - {name: sdss_r, datatype: float64}
# - {name: sdss_i, datatype: float64}
# - {name: sdss_z, datatype: float64}
# - {name: PS1_g, datatype: float64}
# - {name: PS1_r, datatype: float64}
# - {name: PS1_i, datatype: float64}
# - {name: PS1_z, datatype: float64}
# - {name: PS1_Y, datatype: float64}
# - {name: ukirt_J, datatype: float64}
# - {name: ukirt_H, datatype: float64}
# - {name: ukirt_K, datatype: float64}
# meta: !!omap
# - comment: [E = 0.022477106672309028, Eta0 = 8.02, GammaB = 12.0, dL = 0.012188, epsb = 6.760829753919819e-06, epse = 0.1, n = 0.25118864315095824,
#     p = 2.15, theta_obs = 0.29670597283903605, xiN = 1.0, z = 0.0, type = grb, E_kiso = 51.794746792312125]
# schema: astropy-2.0
time swift_uvot_uvw2 swift_uvot_uvm2 swift_uvot_uvw1 swift_uvot_U swift_uvot_B swift_uvot_V swift_uvot_W johnson_U johnson_B johnson_V johnson_R johnson_I sdss_u sdss_g sdss_r sdss_i sdss_z PS1_g PS1_r PS1_i PS1_z PS1_Y ukirt_J ukirt_H ukirt_K
[from data line 459]
564.4842 11.448 11.498 11.423 11.23 11.088 10.948 11.309 11.208 11.085 10.943 10.803 10.654 11.213 11.04 10.868 10.747 10.637 10.976 10.834 10.714 10.615 10.447 10.425 10.256 10.065
578.1013 11.762 11.811 11.736 11.543 11.401 11.262 11.623 11.521 11.399 11.257 11.116 10.968 11.526 11.354 11.182 11.061 10.95 11.29 11.147 11.027 10.928 10.76 10.738 10.569 10.379
592.0469 12.075 12.125 12.05 11.857 11.715 11.576 11.936 11.835 11.712 11.57 11.43 11.281 11.84 11.667 11.495 11.375 11.264 11.603 11.461 11.341 11.242 11.074 11.052 10.883 10.692
606.329 12.389 12.438 12.364 12.171 12.028 11.889 12.25 12.148 12.026 11.884 11.743 11.595 12.153 11.981 11.809 11.688 11.578 11.917 11.774 11.655 11.556 11.387 11.366 11.196 11.006
620.9555 12.703 12.752 12.677 12.484 12.342 12.203 12.563 12.462 12.339 12.198 12.057 11.908 12.467 12.294 12.122 12.002 11.891 12.231 12.088 11.968 11.869 11.701 11.679 11.51 11.319
635.9349 13.016 13.066 12.991 12.798 12.655 12.516 12.877 12.775 12.653 12.511 12.371 12.222 12.78 12.608 12.436 12.315 12.205 12.544 12.402 12.282 12.183 12.014 11.993 11.823 11.633
651.2757 13.33 13.379 13.304 13.111 12.969 12.83 13.191 13.089 12.967 12.825 12.684 12.536 13.094 12.921 12.75 12.629 12.518 12.858 12.715 12.595 12.496 12.328 12.306 12.137 11.947
666.9865 13.643 13.693 13.618 13.425 13.282 13.143 13.504 13.403 13.28 13.138 12.998 12.849 13.408 13.235 13.063 12.942 12.832 13.171 13.029 12.909 12.81 12.642 12.62 12.45 12.26
683.0763 13.957 14.006 13.931 13.738 13.596 13.457 13.818 13.716 13.594 13.452 13.311 13.163 13.721 13.549 13.377 13.256 13.145 13.485 13.342 13.222 13.123 12.955 12.933 12.764 12.574
699.5543 14.27 14.32 14.245 14.052 13.91 13.77 14.131 14.03 13.907 13.765 13.625 13.476 14.035 13.862 13.69 13.57 13.459 13.798 13.656 13.536 13.437 13.269 13.247 13.078 12.887
716.4297 14.584 14.633 14.559 14.366 14.223 14.084 14.445 14.343 14.221 14.079 13.938 13.79 14.348 14.176 14.004 13.883 13.772 14.112 13.969 13.85 13.75 13.582 13.561 13.391 13.201
733.7123 14.898 14.947 14.872 14.679 14.537 14.398 14.758 14.657 14.534 14.392 14.252 14.103 14.662 14.489 14.317 14.197 14.086 14.425 14.283 14.163 14.064 13.896 13.874 13.705 13.514
751.4117 15.211 15.261 15.186 14.993 14.85 14.711 15.072 14.97 14.848 14.706 14.566 14.417 14.975 14.803 14.631 14.51 14.4 14.739 14.596 14.477 14.378 14.209 14.188 14.018 13.828
769.5381 15.525 15.574 15.499 15.306 15.164 15.025 15.386 15.284 15.161 15.02 14.879 14.731 15.289 15.116 14.945 14.824 14.713 15.053 14.91 14.79 14.691 14.523 14.501 14.332 14.142
788.1018 15.838 15.888 15.813 15.62 15.477 15.338 15.699 15.597 15.475 15.333 15.193 15.044 15.603 15.43 15.258 15.137 15.027 15.366 15.224 15.104 15.005 14.836 14.815 14.645 14.455
807.1133 16.152 16.201 16.126 15.933 15.791 15.652 16.013 15.911 15.789 15.647 15.506 15.358 15.916 15.743 15.572 15.451 15.34 15.68 15.537 15.417 15.318 15.15 15.128 14.959 14.769
826.5834 16.465 16.515 16.44 16.247 16.105 15.965 16.326 16.225 16.102 15.96 15.82 15.671 16.23 16.057 15.885 15.765 15.654 15.993 15.851 15.731 15.632 15.464 15.442 15.273 15.082
846.5232 16.779 16.828 16.754 16.561 16.418 16.279 16.64 16.538 16.416 16.274 16.133 15.985 16.543 16.371 16.199 16.078 15.967 16.307 16.164 16.044 15.945 15.777 15.755 15.586 15.396
866.944 17.092 17.142 17.067 16.874 16.732 16.593 16.953 16.852 16.729 16.587 16.447 16.298 16.857 16.684 16.512 16.392 16.281 16.62 16.478 16.358 16.259 16.091 16.069 15.9 15.709
887.8575 17.406 17.456 17.381 17.188 17.045 16.906 17.267 17.165 17.043 16.901 16.761 16.612 17.17 16.998 16.826 16.705 16.595 16.934 16.791 16.672 16.573 16.404 16.383 16.213 16.023
909.2754 17.72 17.769 17.694 17.501 17.359 17.22 17.581 17.479 17.356 17.215 17.074 16.926 17.484 17.311 17.139 17.019 16.908 17.248 17.105 16.985 16.886 16.718 16.696 16.527 16.337
931.21 18.033 18.083 18.008 17.815 17.672 17.533 17.894 17.792 17.67 17.528 17.388 17.239 17.797 17.625 17.453 17.332 17.222 17.561 17.419 17.299 17.2 17.031 17.01 16.84 16.65
953.6737 18.347 18.396 18.321 18.128 17.986 17.847 18.208 18.106 17.984 17.842 17.701 17.553 18.111 17.938 17.767 17.646 17.535 17.875 17.732 17.612 17.513 17.345 17.323 17.154 16.964
976.6793 18.66 18.71 18.635 18.442 18.3 18.16 18.521 18.42 18.297 18.155 18.015 17.866 18.425 18.252 18.08 17.959 17.849 18.188 18.046 17.926 17.827 17.659 17.637 17.468 17.277
1000.2399 18.974 19.023 18.948 18.756 18.613 18.474 18.835 18.733 18.611 18.469 18.328 18.18 18.738 18.566 18.394 18.273 18.162 18.502 18.359 18.239 18.14 17.972 17.95 17.781 17.591
1024.3688 19.287 19.337 19.262 19.069 18.927 18.788 19.148 19.047 18.924 18.782 18.642 18.493 19.052 18.879 18.707 18.587 18.476 18.815 18.673 18.553 18.454 18.286 18.264 18.095 17.904
1049.0798 19.601 19.65 19.576 19.383 19.24 19.101 19.462 19.36 19.238 19.096 18.956 18.807 19.365 19.193 19.021 18.9 18.79 19.129 18.986 18.867 18.768 18.599 18.578 18.408 18.218
1074.3869 19.915 19.964 19.889 19.696 19.554 19.415 19.776 19.674 19.551 19.41 19.269 19.121 19.679 19.506 19.334 19.214 19.103 19.443 19.3 19.18 19.081 18.913 18.891 18.722 18.531
1100.3045 20.228 20.278 20.203 20.01 19.867 19.728 20.089 19.987 19.865 19.723 19.583 19.434 19.992 19.82 19.648 19.527 19.417 19.756 19.614 19.494 19.395 19.226 19.205 19.035 18.845
1126.8473 20.542 20.591 20.516 20.323 20.181 20.042 20.403 20.301 20.179 20.037 19.896 19.748 20.306 20.133 19.962 19.841 19.73 20.07 19.927 19.807 19.708 19.54 19.518 19.349 19.159
1154.0304 20.855 20.905 20.83 20.637 20.495 20.355 20.716 20.615 20.492 20.35 20.21 20.061 20.62 20.447 20.275 20.154 20.044 20.383 20.241 20.121 20.022 19.854 19.832 19.663 19.472
1181.8693 21.169 21.218 21.143 20.951 20.808 20.669 21.03 20.928 20.806 20.664 20.523 20.375 20.933 20.761 20.589 20.468 20.357 20.697 20.554 20.434 20.335 20.167 20.145 19.976 19.786
1210.3797 21.482 21.532 21.457 21.264 21.122 20.983 21.343 21.242 21.119 20.977 20.837 20.688 21.247 21.074 20.902 20.782 20.671 21.01 20.868 20.748 20.649 20.481 20.459 20.29 20.099
1239.5778 21.796 21.845 21.771 21.578 21.435 21.296 21.657 21.555 21.433 21.291 21.15 21.002 21.56 21.388 21.216 21.095 20.985 21.324 21.181 21.062 20.963 20.794 20.773 20.603 20.413
1269.4803 22.11 22.159 22.084 21.891 21.749 21.61 21.97 21.869 21.746 21.605 21.464 21.315 21.874 21.701 21.529 21.409 21.298 21.638 21.495 21.375 21.276 21.108 21.086 20.917 20.726
1300.1042 22.423 22.473 22.398 22.205 22.062 21.923 22.284 22.182 22.06 21.918 21.778 21.629 22.187 22.015 21.843 21.722 21.612 21.951 21.809 21.689 21.59 21.421 21.4 21.23 21.04
1331.4668 22.737 22.786 22.711 22.518 22.376 22.237 22.598 22.496 22.374 22.232 22.091 21.943 22.501 22.328 22.157 22.036 21.925 22.265 22.122 22.002 21.903 21.735 21.713 21.544 21.354
1363.586 23.05 23.1 23.025 22.832 22.69 22.55 22.911 22.81 22.687 22.545 22.405 22.256 22.815 22.642 22.47 22.349 22.239 22.578 22.436 22.316 22.217 22.049 22.027 21.858 21.667
1396.48 23.364 23.413 23.338 23.145 23.003 22.864 23.225 23.123 23.001 22.859 22.718 22.57 23.128 22.956 22.784 22.663 22.552 22.892 22.749 22.629 22.53 22.362 22.34 22.171 21.981
1430.1675 23.677 23.727 23.652 23.459 23.317 23.178 23.538 23.437 23.314 23.172 23.032 22.883 23.442 23.269 23.097 22.977 22.866 23.205 23.063 22.943 22.844 22.676 22.654 22.485 22.294
1464.6676 23.991 24.04 23.966 23.773 23.63 23.491 23.852 23.75 23.628 23.486 23.345 23.197 23.755 23.583 23.411 23.29 23.179 23.519 23.376 23.257 23.158 22.989 22.968 22.798 22.608
1500.0 24.305 24.354 24.279 24.086 23.944 23.805 24.165 24.064 23.941 23.8 23.659 23.51 24.069 23.896 23.724 23.604 23.493 23.832 23.69 23.57 23.471 23.303 23.281 23.112 22.921
