web/models/grb/offaxis/16/grb_0.2967_0.0139_3.9810717.dat
# %ECSV 1.0
# ---
# datatype:
# - {name: time, datatype: float64}
# - {name: swift_uvot_uvw2, datatype: float64}
# - {name: swift_uvot_uvm2, datatype: float64}
# - {name: swift_uvot_uvw1, datatype: float64}
# - {name: swift_uvot_U, datatype: float64}
# - {name: swift_uvot_B, datatype: float64}
# - {name: swift_uvot_V, datatype: float64}
# - {name: swift_uvot_W, datatype: float64}
# - {name: johnson_U, datatype: float64}
# - {name: johnson_B, datatype: float64}
# - {name: johnson_V, datatype: float64}
# - {name: johnson_R, datatype: float64}
# - {name: johnson_I, datatype: float64}
# - {name: sdss_u, datatype: float64}
# - {name: sdss_g, datatype: float64}
# - {name: sdss_r, datatype: float64}
# - {name: sdss_i, datatype: float64}
# - {name: sdss_z, datatype: float64}
# - {name: PS1_g, datatype: float64}
# - {name: PS1_r, datatype: float64}
# - {name: PS1_i, datatype: float64}
# - {name: PS1_z, datatype: float64}
# - {name: PS1_Y, datatype: float64}
# - {name: PS1_w, datatype: float64}
# - {name: ATLAS_c, datatype: float64}
# - {name: ATLAS_o, datatype: float64}
# - {name: ukirt_J, datatype: float64}
# - {name: ukirt_H, datatype: float64}
# - {name: ukirt_K, datatype: float64}
# - {name: Clear, datatype: float64}
# meta: !!omap
# - comment: [E = 6.029923955985726e-06, Eta0 = 8.02, GammaB = 12.0, dL = 0.012188, epsb = 6.760829753919819e-06, epse = 0.1, n = 3.981071705534969,
#     p = 2.15, theta_obs = 0.29670597283903605, xiN = 1.0, z = 0.0, type = grb, E_kiso = 0.013894954943731374]
# schema: astropy-2.0
time swift_uvot_uvw2 swift_uvot_uvm2 swift_uvot_uvw1 swift_uvot_U swift_uvot_B swift_uvot_V swift_uvot_W johnson_U johnson_B johnson_V johnson_R johnson_I sdss_u sdss_g sdss_r sdss_i sdss_z PS1_g PS1_r PS1_i PS1_z PS1_Y PS1_w ATLAS_c ATLAS_o ukirt_J ukirt_H ukirt_K Clear
[from data line 270]
6.2386 9.649 9.699 9.624 9.431 9.288 9.149 9.51 9.408 9.286 9.144 9.004 8.855 9.413 9.241 9.069 8.948 8.838 9.177 9.034 8.915 8.816 8.647 9.071 9.166 9.014 8.626 8.456 8.266 8.981
6.3891 9.75 9.8 9.725 9.532 9.39 9.25 9.611 9.51 9.387 9.245 9.105 8.956 9.515 9.342 9.17 9.05 8.939 9.278 9.136 9.016 8.917 8.749 9.173 9.268 9.115 8.727 8.558 8.367 9.082
6.5433 9.852 9.901 9.826 9.633 9.491 9.352 9.713 9.611 9.489 9.347 9.206 9.058 9.616 9.443 9.272 9.151 9.04 9.38 9.237 9.117 9.018 8.85 9.274 9.369 9.216 8.828 8.659 8.469 9.184
6.7011 9.953 10.002 9.928 9.735 9.592 9.453 9.814 9.712 9.59 9.448 9.308 9.159 9.717 9.545 9.373 9.252 9.142 9.481 9.338 9.219 9.12 8.951 9.375 9.47 9.318 8.93 8.76 8.57 9.285
6.8627 10.054 10.104 10.029 9.836 9.694 9.554 9.915 9.814 9.691 9.549 9.409 9.26 9.819 9.646 9.474 9.354 9.243 9.582 9.44 9.32 9.221 9.053 9.477 9.572 9.419 9.031 8.862 8.671 9.386
7.0283 10.156 10.205 10.13 9.937 9.795 9.656 10.017 9.915 9.793 9.651 9.51 9.362 9.92 9.747 9.576 9.455 9.344 9.684 9.541 9.421 9.322 9.154 9.578 9.673 9.52 9.132 8.963 8.773 9.488
7.1978 10.264 10.314 10.239 10.046 9.903 9.764 10.125 10.023 9.901 9.759 9.619 9.47 10.028 9.856 9.684 9.563 9.453 9.792 9.65 9.53 9.431 9.262 9.686 9.782 9.629 9.241 9.071 8.881 9.596
7.3715 10.428 10.478 10.403 10.21 10.067 9.928 10.289 10.187 10.065 9.923 9.783 9.634 10.192 10.02 9.848 9.727 9.617 9.956 9.814 9.694 9.595 9.426 9.85 9.946 9.793 9.405 9.235 9.045 9.76
7.5493 10.592 10.642 10.567 10.374 10.231 10.092 10.453 10.351 10.229 10.087 9.947 9.798 10.356 10.184 10.012 9.891 9.781 10.12 9.978 9.858 9.759 9.59 10.014 10.11 9.957 9.569 9.399 9.209 9.924
7.7314 10.756 10.806 10.731 10.538 10.395 10.256 10.617 10.515 10.393 10.251 10.111 9.962 10.52 10.348 10.176 10.055 9.945 10.284 10.142 10.022 9.923 9.754 10.178 10.274 10.121 9.733 9.563 9.373 10.088
7.9179 10.92 10.97 10.895 10.702 10.559 10.42 10.781 10.679 10.557 10.415 10.275 10.126 10.685 10.512 10.34 10.219 10.109 10.448 10.306 10.186 10.087 9.918 10.342 10.438 10.285 9.897 9.727 9.537 10.252
8.1089 11.084 11.134 11.059 10.866 10.723 10.584 10.945 10.843 10.721 10.579 10.439 10.29 10.849 10.676 10.504 10.383 10.273 10.612 10.47 10.35 10.251 10.082 10.506 10.602 10.449 10.061 9.891 9.701 10.416
8.3045 11.248 11.298 11.223 11.03 10.887 10.748 11.109 11.007 10.885 10.743 10.603 10.454 11.013 10.84 10.668 10.547 10.437 10.776 10.634 10.514 10.415 10.246 10.67 10.766 10.613 10.225 10.055 9.865 10.58
8.5049 11.412 11.462 11.387 11.194 11.051 10.912 11.273 11.171 11.049 10.907 10.767 10.618 11.177 11.004 10.832 10.711 10.601 10.94 10.798 10.678 10.579 10.41 10.834 10.93 10.777 10.389 10.219 10.029 10.744
8.71 11.576 11.626 11.551 11.358 11.215 11.076 11.437 11.335 11.213 11.071 10.931 10.782 11.341 11.168 10.996 10.875 10.765 11.104 10.962 10.842 10.743 10.574 10.998 11.094 10.941 10.553 10.383 10.193 10.908
8.9201 11.74 11.79 11.715 11.522 11.379 11.24 11.601 11.499 11.377 11.235 11.095 10.946 11.505 11.332 11.16 11.039 10.929 11.268 11.126 11.006 10.907 10.739 11.162 11.258 11.105 10.717 10.547 10.357 11.072
9.1353 11.943 11.992 11.917 11.724 11.582 11.443 11.804 11.702 11.58 11.438 11.297 11.149 11.707 11.534 11.363 11.242 11.131 11.471 11.328 11.208 11.109 10.941 11.365 11.46 11.307 10.919 10.75 10.56 11.275
9.3557 12.256 12.306 12.231 12.038 11.895 11.756 12.117 12.016 11.893 11.751 11.611 11.462 12.021 11.848 11.676 11.555 11.445 11.784 11.642 11.522 11.423 11.255 11.678 11.774 11.621 11.233 11.063 10.873 11.588
9.5814 12.57 12.619 12.544 12.351 12.209 12.07 12.431 12.329 12.207 12.065 11.924 11.776 12.334 12.162 11.99 11.869 11.758 12.098 11.955 11.835 11.736 11.568 11.992 12.087 11.934 11.546 11.377 11.187 11.902
9.8125 12.883 12.933 12.858 12.665 12.523 12.383 12.744 12.643 12.52 12.378 12.238 12.089 12.648 12.475 12.303 12.183 12.072 12.411 12.269 12.149 12.05 11.882 12.306 12.401 12.248 11.86 11.691 11.5 12.215
10.0492 13.197 13.246 13.172 12.979 12.836 12.697 13.058 12.956 12.834 12.692 12.551 12.403 12.961 12.789 12.617 12.496 12.385 12.725 12.582 12.463 12.363 12.195 12.619 12.714 12.561 12.174 12.004 11.814 12.529
10.2917 13.511 13.56 13.485 13.292 13.15 13.011 13.371 13.27 13.147 13.005 12.865 12.716 13.275 13.102 12.93 12.81 12.699 13.038 12.896 12.776 12.677 12.509 12.933 13.028 12.875 12.487 12.318 12.127 12.842
10.5399 13.824 13.874 13.799 13.606 13.463 13.324 13.685 13.583 13.461 13.319 13.179 13.03 13.588 13.416 13.244 13.123 13.013 13.352 13.209 13.09 12.991 12.822 13.246 13.341 13.189 12.801 12.631 12.441 13.156
10.7942 14.138 14.187 14.112 13.919 13.777 13.638 13.999 13.897 13.774 13.633 13.492 13.344 13.902 13.729 13.558 13.437 13.326 13.666 13.523 13.403 13.304 13.136 13.56 13.655 13.502 13.114 12.945 12.755 13.47
11.0546 14.451 14.501 14.426 14.233 14.09 13.951 14.312 14.21 14.088 13.946 13.806 13.657 14.216 14.043 13.871 13.75 13.64 13.979 13.837 13.717 13.618 13.449 13.873 13.969 13.816 13.428 13.258 13.068 13.783
11.3212 14.765 14.814 14.739 14.546 14.404 14.265 14.626 14.524 14.402 14.26 14.119 13.971 14.529 14.356 14.185 14.064 13.953 14.293 14.15 14.03 13.931 13.763 14.187 14.282 14.129 13.741 13.572 13.382 14.097
11.5943 15.078 15.128 15.053 14.86 14.718 14.578 14.939 14.838 14.715 14.573 14.433 14.284 14.843 14.67 14.498 14.378 14.267 14.606 14.464 14.344 14.245 14.077 14.5 14.596 14.443 14.055 13.886 13.695 14.41
11.874 15.392 15.441 15.367 15.174 15.031 14.892 15.253 15.151 15.029 14.887 14.746 14.598 15.156 14.984 14.812 14.691 14.58 14.92 14.777 14.657 14.558 14.39 14.814 14.909 14.756 14.368 14.199 14.009 14.724
12.1605 15.705 15.755 15.68 15.487 15.345 15.206 15.566 15.465 15.342 15.2 15.06 14.911 15.47 15.297 15.125 15.005 14.894 15.233 15.091 14.971 14.872 14.704 15.128 15.223 15.07 14.682 14.513 14.322 15.037
12.4538 16.019 16.069 15.994 15.801 15.658 15.519 15.88 15.778 15.656 15.514 15.374 15.225 15.783 15.611 15.439 15.318 15.208 15.547 15.404 15.285 15.186 15.017 15.441 15.536 15.384 14.996 14.826 14.636 15.351
12.7542 16.333 16.382 16.307 16.114 15.972 15.833 16.194 16.092 15.969 15.828 15.687 15.539 16.097 15.924 15.752 15.632 15.521 15.861 15.718 15.598 15.499 15.331 15.755 15.85 15.697 15.309 15.14 14.95 15.665
13.0619 16.646 16.696 16.621 16.428 16.285 16.146 16.507 16.405 16.283 16.141 16.001 15.852 16.41 16.238 16.066 15.945 15.835 16.174 16.032 15.912 15.813 15.644 16.068 16.164 16.011 15.623 15.453 15.263 15.978
13.377 16.96 17.009 16.934 16.741 16.599 16.46 16.821 16.719 16.597 16.455 16.314 16.166 16.724 16.551 16.38 16.259 16.148 16.488 16.345 16.225 16.126 15.958 16.382 16.477 16.324 15.936 15.767 15.577 16.292
13.6997 17.273 17.323 17.248 17.055 16.913 16.773 17.134 17.033 16.91 16.768 16.628 16.479 17.038 16.865 16.693 16.572 16.462 16.801 16.659 16.539 16.44 16.272 16.695 16.791 16.638 16.25 16.081 15.89 16.605
14.0302 17.587 17.636 17.561 17.369 17.226 17.087 17.448 17.346 17.224 17.082 16.941 16.793 17.351 17.179 17.007 16.886 16.775 17.115 16.972 16.852 16.753 16.585 17.009 17.104 16.951 16.563 16.394 16.204 16.919
14.3686 17.9 17.95 17.875 17.682 17.54 17.401 17.761 17.66 17.537 17.395 17.255 17.106 17.665 17.492 17.32 17.2 17.089 17.428 17.286 17.166 17.067 16.899 17.323 17.418 17.265 16.877 16.708 16.517 17.232
14.7153 18.214 18.263 18.189 17.996 17.853 17.714 18.075 17.973 17.851 17.709 17.569 17.42 17.978 17.806 17.634 17.513 17.403 17.742 17.599 17.48 17.381 17.212 17.636 17.731 17.579 17.191 17.021 16.831 17.546
15.0702 18.528 18.577 18.502 18.309 18.167 18.028 18.389 18.287 18.164 18.023 17.882 17.734 18.292 18.119 17.947 17.827 17.716 18.056 17.913 17.793 17.694 17.526 17.95 18.045 17.892 17.504 17.335 17.144 17.859
15.4338 18.841 18.891 18.816 18.623 18.48 18.341 18.702 18.6 18.478 18.336 18.196 18.047 18.605 18.433 18.261 18.14 18.03 18.369 18.227 18.107 18.008 17.839 18.263 18.358 18.206 17.818 17.648 17.458 18.173
15.8061 19.155 19.204 19.129 18.936 18.794 18.655 19.016 18.914 18.792 18.65 18.509 18.361 18.919 18.746 18.575 18.454 18.343 18.683 18.54 18.42 18.321 18.153 18.577 18.672 18.519 18.131 17.962 17.772 18.487
16.1874 19.468 19.518 19.443 19.25 19.108 18.968 19.329 19.228 19.105 18.963 18.823 18.674 19.233 19.06 18.888 18.767 18.657 18.996 18.854 18.734 18.635 18.467 18.89 18.986 18.833 18.445 18.276 18.085 18.8
16.5779 19.782 19.831 19.756 19.564 19.421 19.282 19.643 19.541 19.419 19.277 19.136 18.988 19.546 19.374 19.202 19.081 18.97 19.31 19.167 19.047 18.948 18.78 19.204 19.299 19.146 18.758 18.589 18.399 19.114
16.9778 20.095 20.145 20.07 19.877 19.735 19.596 19.956 19.855 19.732 19.59 19.45 19.301 19.86 19.687 19.515 19.395 19.284 19.623 19.481 19.361 19.262 19.094 19.518 19.613 19.46 19.072 18.903 18.712 19.427
17.3873 20.409 20.458 20.384 20.191 20.048 19.909 20.27 20.168 20.046 19.904 19.763 19.615 20.173 20.001 19.829 19.708 19.598 19.937 19.794 19.675 19.576 19.407 19.831 19.926 19.774 19.386 19.216 19.026 19.741
17.8068 20.723 20.772 20.697 20.504 20.362 20.223 20.583 20.482 20.359 20.218 20.077 19.928 20.487 20.314 20.142 20.022 19.911 20.251 20.108 19.988 19.889 19.721 20.145 20.24 20.087 19.699 19.53 19.339 20.054
18.2363 21.036 21.086 21.011 20.818 20.675 20.536 20.897 20.795 20.673 20.531 20.391 20.242 20.8 20.628 20.456 20.335 20.225 20.564 20.422 20.302 20.203 20.034 20.458 20.553 20.401 20.013 19.843 19.653 20.368
18.6762 21.35 21.399 21.324 21.131 20.989 20.85 21.211 21.109 20.987 20.845 20.704 20.556 21.114 20.941 20.77 20.649 20.538 20.878 20.735 20.615 20.516 20.348 20.772 20.867 20.714 20.326 20.157 19.967 20.682
19.1268 21.663 21.713 21.638 21.445 21.303 21.163 21.524 21.423 21.3 21.158 21.018 20.869 21.428 21.255 21.083 20.962 20.852 21.191 21.049 20.929 20.83 20.662 21.085 21.181 21.028 20.64 20.471 20.28 20.995
19.5882 21.977 22.026 21.951 21.758 21.616 21.477 21.838 21.736 21.614 21.472 21.331 21.183 21.741 21.569 21.397 21.276 21.165 21.505 21.362 21.242 21.143 20.975 21.399 21.494 21.341 20.953 20.784 20.594 21.309
20.0607 22.29 22.34 22.265 22.072 21.93 21.791 22.151 22.05 21.927 21.785 21.645 21.496 22.055 21.882 21.71 21.59 21.479 21.818 21.676 21.556 21.457 21.289 21.713 21.808 21.655 21.267 21.098 20.907 21.622
20.5446 22.604 22.653 22.579 22.386 22.243 22.104 22.465 22.363 22.241 22.099 21.958 21.81 22.368 22.196 22.024 21.903 21.792 22.132 21.989 21.87 21.771 21.602 22.026 22.121 21.969 21.581 21.411 21.221 21.936
21.0402 22.918 22.967 22.892 22.699 22.557 22.418 22.778 22.677 22.554 22.413 22.272 22.123 22.682 22.509 22.337 22.217 22.106 22.445 22.303 22.183 22.084 21.916 22.34 22.435 22.282 21.894 21.725 21.534 22.249
21.5478 23.231 23.281 23.206 23.013 22.87 22.731 23.092 22.99 22.868 22.726 22.586 22.437 22.995 22.823 22.651 22.53 22.42 22.759 22.616 22.497 22.398 22.229 22.653 22.748 22.596 22.208 22.038 21.848 22.563
22.0676 23.545 23.594 23.519 23.326 23.184 23.045 23.406 23.304 23.182 23.04 22.899 22.751 23.309 23.136 22.965 22.844 22.733 23.073 22.93 22.81 22.711 22.543 22.967 23.062 22.909 22.521 22.352 22.162 22.877
22.5999 23.858 23.908 23.833 23.64 23.497 23.358 23.719 23.618 23.495 23.353 23.213 23.064 23.623 23.45 23.278 23.157 23.047 23.386 23.244 23.124 23.025 22.857 23.28 23.376 23.223 22.835 22.665 22.475 23.19
23.1451 24.172 24.221 24.146 23.953 23.811 23.672 24.033 23.931 23.809 23.667 23.526 23.378 23.936 23.764 23.592 23.471 23.36 23.7 23.557 23.437 23.338 23.17 23.594 23.689 23.536 23.148 22.979 22.789 23.504
23.7034 24.485 24.535 24.46 24.267 24.125 23.985 24.346 24.245 24.122 23.98 23.84 23.691 24.25 24.077 23.905 23.785 23.674 24.013 23.871 23.751 23.652 23.484 23.908 24.003 23.85 23.462 23.293 23.102 23.817
24.2752 24.799 24.848 24.774 24.581 24.438 24.299 24.66 24.558 24.436 24.294 24.153 24.005 24.563 24.391 24.219 24.098 23.987 24.327 24.184 24.065 23.965 23.797 24.221 24.316 24.163 23.776 23.606 23.416 24.131
24.8608 25.113 25.162 25.087 24.894 24.752 24.613 24.973 24.872 24.749 24.607 24.467 24.318 24.877 24.704 24.532 24.412 24.301 24.64 24.498 24.378 24.279 24.111 24.535 24.63 24.477 24.089 23.92 23.729 24.444
25.4606 25.426 25.476 25.401 25.208 25.065 24.926 25.287 25.185 25.063 24.921 24.781 24.632 25.19 25.018 24.846 24.725 24.615 24.954 24.811 24.692 24.593 24.424 24.848 24.943 24.791 24.403 24.233 24.043 24.758
26.0748 25.74 25.789 25.714 25.521 25.379 25.24 25.601 25.499 25.376 25.235 25.094 24.946 25.504 25.331 25.16 25.039 24.928 25.268 25.125 25.005 24.906 24.738 25.162 25.257 25.104 24.716 24.547 24.357 25.072
26.7038 26.053 26.103 26.028 25.835 25.692 25.553 25.914 25.812 25.69 25.548 25.408 25.259 25.818 25.645 25.473 25.352 25.242 25.581 25.439 25.319 25.22 25.051 25.475 25.571 25.418 25.03 24.86 24.67 25.385
27.3479 26.367 26.416 26.341 26.148 26.006 25.867 26.228 26.126 26.004 25.862 25.721 25.573 26.131 25.958 25.787 25.666 25.555 25.895 25.752 25.632 25.533 25.365 25.789 25.884 25.731 25.343 25.174 24.984 25.699
28.0077 26.68 26.73 26.655 26.462 26.32 26.18 26.541 26.44 26.317 26.175 26.035 25.886 26.445 26.272 26.1 25.98 25.869 26.208 26.066 25.946 25.847 25.679 26.102 26.198 26.045 25.657 25.488 25.297 26.012
28.6833 26.994 27.043 26.969 26.776 26.633 26.494 26.855 26.753 26.631 26.489 26.348 26.2 26.758 26.586 26.414 26.293 26.182 26.522 26.379 26.259 26.16 25.992 26.416 26.511 26.358 25.97 25.801 25.611 26.326
29.3752 27.307 27.357 27.282 27.089 26.947 26.808 27.168 27.067 26.944 26.802 26.662 26.513 27.072 26.899 26.727 26.607 26.496 26.835 26.693 26.573 26.474 26.306 26.73 26.825 26.672 26.284 26.115 25.924 26.639
30.0838 27.621 27.671 27.596 27.403 27.26 27.121 27.482 27.38 27.258 27.116 26.976 26.827 27.385 27.213 27.041 26.92 26.81 27.149 27.006 26.887 26.788 26.619 27.043 27.138 26.986 26.598 26.428 26.238 26.953
30.8096 27.935 27.984 27.909 27.716 27.574 27.435 27.796 27.694 27.571 27.43 27.289 27.141 27.699 27.526 27.354 27.234 27.123 27.463 27.32 27.2 27.101 26.933 27.357 27.452 27.299 26.911 26.742 26.552 27.267
31.5528 28.248 28.298 28.223 28.03 27.887 27.748 28.109 28.007 27.885 27.743 27.603 27.454 28.012 27.84 27.668 27.547 27.437 27.776 27.634 27.514 27.415 27.246 27.67 27.766 27.613 27.225 27.055 26.865 27.58
32.3139 28.562 28.611 28.536 28.343 28.201 28.062 28.423 28.321 28.199 28.057 27.916 27.768 28.326 28.153 27.982 27.861 27.75 28.09 27.947 27.827 27.728 27.56 27.984 28.079 27.926 27.538 27.369 27.179 27.894
33.0935 28.875 28.925 28.85 28.657 28.515 28.375 28.736 28.635 28.512 28.37 28.23 28.081 28.64 28.467 28.295 28.174 28.064 28.403 28.261 28.141 28.042 27.874 28.297 28.393 28.24 27.852 27.683 27.492 28.207
33.8918 29.189 29.238 29.163 28.971 28.828 28.689 29.05 28.948 28.826 28.684 28.543 28.395 28.953 28.781 28.609 28.488 28.377 28.717 28.574 28.454 28.355 28.187 28.611 28.706 28.553 28.165 27.996 27.806 28.521
34.7093 29.502 29.552 29.477 29.284 29.142 29.003 29.363 29.262 29.139 28.997 28.857 28.708 29.267 29.094 28.922 28.802 28.691 29.03 28.888 28.768 28.669 28.501 28.925 29.02 28.867 28.479 28.31 28.119 28.834
35.5466 29.816 29.865 29.791 29.598 29.455 29.316 29.677 29.575 29.453 29.311 29.171 29.022 29.58 29.408 29.236 29.115 29.005 29.344 29.201 29.082 28.983 28.814 29.238 29.333 29.181 28.793 28.623 28.433 29.148
36.4041 30.13 30.179 30.104 29.911 29.769 29.63 29.991 29.889 29.766 29.625 29.484 29.335 29.894 29.721 29.549 29.429 29.318 29.658 29.515 29.395 29.296 29.128 29.552 29.647 29.494 29.106 28.937 28.746 29.461
37.2823 30.443 30.493 30.418 30.225 30.082 29.943 30.304 30.202 30.08 29.938 29.798 29.649 30.207 30.035 29.863 29.742 29.632 29.971 29.829 29.709 29.61 29.441 29.865 29.96 29.808 29.42 29.25 29.06 29.775
38.1817 30.757 30.806 30.731 30.538 30.396 30.257 30.618 30.516 30.394 30.252 30.111 29.963 30.521 30.348 30.177 30.056 29.945 30.285 30.142 30.022 29.923 29.755 30.179 30.274 30.121 29.733 29.564 29.374 30.089
39.1028 31.07 31.12 31.045 30.852 30.71 30.57 30.931 30.83 30.707 30.565 30.425 30.276 30.835 30.662 30.49 30.369 30.259 30.598 30.456 30.336 30.237 30.069 30.492 30.588 30.435 30.047 29.878 29.687 30.402
