web/models/grb/offaxis/16/grb_0.2967_37.2759_0.2511886.dat
# %ECSV 1.0
# ---
# datatype:
# - {name: time, datatype: float64}
# - {name: swift_uvot_uvw2, datatype: float64}
# - {name: swift_uvot_uvm2, datatype: float64}
# - {name: swift_uvot_uvw1, datatype: float64}
# - {name: swift_uvot_U, datatype: float64}
# - {name: swift_uvot_B, datatype: float64}
# - {name: swift_uvot_V, datatype: float64}
# - {name: swift_uvot_W, datatype: float64}
# - {name: johnson_U, datatype: float64}
# - {name: johnson_B, datatype: float64}
# - {name: johnson_V, datatype: float64}
# - {name: johnson_R, datatype: float64}
# - {name: johnson_I, datatype: float64}
# - {name: sdss_u, datatype: float64}
# - {name: sdss_g, datatype: float64}
# - {name: sdss_r, datatype: float64}
# - {name: sdss_i, datatype: float64}
# - {name: sdss_z, datatype: float64}
# - {name: PS1_g, datatype: float64}
# - {name: PS1_r, datatype: float64}
# - {name: PS1_i, datatype: float64}
# - {name: PS1_z, datatype: float64}
# - {name: PS1_Y, datatype: float64}
# - {name: PS1_w, datatype: float64}
# - {name: ATLAS_c, datatype: float64}
# - {name: ATLAS_o, datatype: float64}
# - {name: ukirt_J, datatype: float64}
# - {name: ukirt_H, datatype: float64}
# - {name: ukirt_K, datatype: float64}
# - {name: Clear, datatype: float64}
# meta: !!omap
# - comment: [E = 0.016176451642579408, Eta0 = 8.02, GammaB = 12.0, dL = 0.012188, epsb = 6.760829753919819e-06, epse = 0.1, n = 0.25118864315095824,
#     p = 2.15, theta_obs = 0.29670597283903605, xiN = 1.0, z = 0.0, type = grb, E_kiso = 37.27593720314942]
# schema: astropy-2.0
time swift_uvot_uvw2 swift_uvot_uvm2 swift_uvot_uvw1 swift_uvot_U swift_uvot_B swift_uvot_V swift_uvot_W johnson_U johnson_B johnson_V johnson_R johnson_I sdss_u sdss_g sdss_r sdss_i sdss_z PS1_g PS1_r PS1_i PS1_z PS1_Y PS1_w ATLAS_c ATLAS_o ukirt_J ukirt_H ukirt_K Clear
[from data line 157]
0.422 -4.074 -4.024 -4.099 -4.292 -4.435 -4.574 -4.213 -4.315 -4.437 -4.579 -4.719 -4.868 -4.31 -4.482 -4.654 -4.775 -4.885 -4.546 -4.688 -4.808 -4.907 -5.076 -4.652 -4.557 -4.709 -5.097 -5.267 -5.457 -4.742
0.4322 -4.087 -4.038 -4.113 -4.306 -4.448 -4.587 -4.226 -4.328 -4.45 -4.592 -4.733 -4.881 -4.323 -4.495 -4.667 -4.788 -4.899 -4.559 -4.702 -4.822 -4.921 -5.089 -4.665 -4.57 -4.723 -5.111 -5.28 -5.47 -4.755
0.4426 -4.101 -4.052 -4.127 -4.32 -4.462 -4.601 -4.24 -4.342 -4.464 -4.606 -4.747 -4.895 -4.337 -4.509 -4.681 -4.802 -4.913 -4.573 -4.716 -4.836 -4.935 -5.103 -4.679 -4.584 -4.737 -5.125 -5.294 -5.484 -4.769
0.4533 -4.117 -4.068 -4.143 -4.336 -4.478 -4.617 -4.256 -4.358 -4.48 -4.622 -4.763 -4.911 -4.353 -4.526 -4.697 -4.818 -4.929 -4.589 -4.732 -4.852 -4.951 -5.119 -4.695 -4.6 -4.753 -5.141 -5.31 -5.5 -4.785
0.4642 -4.133 -4.084 -4.159 -4.352 -4.494 -4.633 -4.272 -4.374 -4.497 -4.638 -4.779 -4.927 -4.369 -4.542 -4.713 -4.834 -4.945 -4.605 -4.748 -4.868 -4.967 -5.135 -4.711 -4.616 -4.769 -5.157 -5.326 -5.516 -4.801
0.4754 -4.149 -4.1 -4.175 -4.368 -4.51 -4.649 -4.289 -4.39 -4.513 -4.654 -4.795 -4.944 -4.385 -4.558 -4.73 -4.85 -4.961 -4.621 -4.764 -4.884 -4.983 -5.151 -4.727 -4.632 -4.785 -5.173 -5.342 -5.533 -4.818
0.4869 -4.166 -4.116 -4.191 -4.384 -4.526 -4.665 -4.305 -4.406 -4.529 -4.671 -4.811 -4.96 -4.401 -4.574 -4.746 -4.866 -4.977 -4.638 -4.78 -4.9 -4.999 -5.167 -4.743 -4.648 -4.801 -5.189 -5.358 -5.549 -4.834
0.4986 -4.182 -4.132 -4.207 -4.4 -4.542 -4.682 -4.321 -4.422 -4.545 -4.687 -4.827 -4.976 -4.417 -4.59 -4.762 -4.882 -4.993 -4.654 -4.796 -4.916 -5.015 -5.183 -4.76 -4.664 -4.817 -5.205 -5.374 -5.565 -4.85
0.5106 -4.198 -4.148 -4.223 -4.416 -4.559 -4.698 -4.337 -4.438 -4.561 -4.703 -4.843 -4.992 -4.433 -4.606 -4.778 -4.899 -5.009 -4.67 -4.812 -4.932 -5.031 -5.199 -4.776 -4.68 -4.833 -5.221 -5.391 -5.581 -4.866
0.523 -4.214 -4.164 -4.239 -4.432 -4.575 -4.714 -4.353 -4.455 -4.577 -4.719 -4.859 -5.008 -4.45 -4.622 -4.794 -4.915 -5.025 -4.686 -4.828 -4.948 -5.047 -5.216 -4.792 -4.697 -4.849 -5.237 -5.407 -5.597 -4.882
0.5356 -4.23 -4.18 -4.255 -4.448 -4.591 -4.73 -4.369 -4.471 -4.593 -4.735 -4.875 -5.024 -4.466 -4.638 -4.81 -4.931 -5.041 -4.702 -4.845 -4.964 -5.063 -5.232 -4.808 -4.713 -4.865 -5.253 -5.423 -5.613 -4.898
0.5485 -4.246 -4.197 -4.271 -4.464 -4.607 -4.746 -4.385 -4.487 -4.609 -4.751 -4.892 -5.04 -4.482 -4.654 -4.826 -4.947 -5.058 -4.718 -4.861 -4.98 -5.08 -5.248 -4.824 -4.729 -4.882 -5.269 -5.439 -5.629 -4.914
0.5617 -4.261 -4.211 -4.286 -4.479 -4.622 -4.761 -4.4 -4.502 -4.624 -4.766 -4.906 -5.055 -4.497 -4.669 -4.841 -4.962 -5.072 -4.733 -4.875 -4.995 -5.094 -5.263 -4.839 -4.744 -4.896 -5.284 -5.454 -5.644 -4.929
0.5753 -4.273 -4.224 -4.299 -4.492 -4.634 -4.773 -4.412 -4.514 -4.637 -4.778 -4.919 -5.067 -4.509 -4.682 -4.854 -4.974 -5.085 -4.745 -4.888 -5.008 -5.107 -5.275 -4.851 -4.756 -4.909 -5.297 -5.466 -5.656 -4.941
0.5891 -4.286 -4.236 -4.311 -4.504 -4.647 -4.786 -4.425 -4.527 -4.649 -4.791 -4.931 -5.08 -4.522 -4.694 -4.866 -4.987 -5.097 -4.758 -4.901 -5.02 -5.119 -5.288 -4.864 -4.769 -4.921 -5.309 -5.479 -5.669 -4.954
0.6034 -4.298 -4.249 -4.324 -4.517 -4.659 -4.798 -4.437 -4.539 -4.662 -4.803 -4.944 -5.093 -4.534 -4.707 -4.879 -4.999 -5.11 -4.77 -4.913 -5.033 -5.132 -5.3 -4.876 -4.781 -4.934 -5.322 -5.491 -5.682 -4.967
0.6179 -4.311 -4.261 -4.336 -4.529 -4.672 -4.811 -4.45 -4.552 -4.674 -4.816 -4.956 -5.105 -4.547 -4.719 -4.891 -5.012 -5.122 -4.783 -4.926 -5.045 -5.144 -5.313 -4.889 -4.794 -4.946 -5.334 -5.504 -5.694 -4.979
0.6328 -4.323 -4.274 -4.349 -4.542 -4.684 -4.823 -4.463 -4.564 -4.687 -4.828 -4.969 -5.118 -4.559 -4.732 -4.904 -5.024 -5.135 -4.795 -4.938 -5.058 -5.157 -5.325 -4.901 -4.806 -4.959 -5.347 -5.516 -5.707 -4.992
0.6481 -4.336 -4.287 -4.361 -4.554 -4.697 -4.836 -4.475 -4.577 -4.699 -4.841 -4.981 -5.13 -4.572 -4.744 -4.916 -5.037 -5.147 -4.808 -4.951 -5.07 -5.169 -5.338 -4.914 -4.819 -4.971 -5.359 -5.529 -5.719 -5.004
0.6637 -4.348 -4.299 -4.374 -4.567 -4.709 -4.848 -4.488 -4.589 -4.712 -4.854 -4.994 -5.143 -4.584 -4.757 -4.929 -5.049 -5.16 -4.821 -4.963 -5.083 -5.182 -5.35 -4.926 -4.831 -4.984 -5.372 -5.541 -5.732 -5.017
0.6797 -4.361 -4.312 -4.386 -4.579 -4.722 -4.861 -4.5 -4.602 -4.724 -4.866 -5.007 -5.155 -4.597 -4.769 -4.941 -5.062 -5.172 -4.833 -4.976 -5.095 -5.194 -5.363 -4.939 -4.844 -4.996 -5.384 -5.554 -5.744 -5.029
0.6961 -4.374 -4.324 -4.399 -4.592 -4.734 -4.873 -4.513 -4.614 -4.737 -4.879 -5.019 -5.168 -4.609 -4.782 -4.954 -5.074 -5.185 -4.846 -4.988 -5.108 -5.207 -5.375 -4.951 -4.856 -5.009 -5.397 -5.566 -5.757 -5.042
0.7129 -4.383 -4.334 -4.409 -4.602 -4.744 -4.883 -4.522 -4.624 -4.747 -4.888 -5.029 -5.177 -4.619 -4.792 -4.964 -5.084 -5.195 -4.855 -4.998 -5.118 -5.217 -5.385 -4.961 -4.866 -5.019 -5.407 -5.576 -5.766 -5.051
0.7301 -4.391 -4.341 -4.416 -4.609 -4.751 -4.89 -4.53 -4.631 -4.754 -4.896 -5.036 -5.185 -4.626 -4.799 -4.971 -5.091 -5.202 -4.863 -5.005 -5.125 -5.224 -5.392 -4.968 -4.873 -5.026 -5.414 -5.583 -5.774 -5.059
0.7477 -4.398 -4.348 -4.423 -4.616 -4.759 -4.898 -4.537 -4.639 -4.761 -4.903 -5.043 -5.192 -4.634 -4.806 -4.978 -5.099 -5.209 -4.87 -5.012 -5.132 -5.231 -5.4 -4.976 -4.88 -5.033 -5.421 -5.591 -5.781 -5.066
0.7658 -4.405 -4.356 -4.43 -4.623 -4.766 -4.905 -4.544 -4.646 -4.768 -4.91 -5.051 -5.199 -4.641 -4.813 -4.985 -5.106 -5.217 -4.877 -5.02 -5.139 -5.238 -5.407 -4.983 -4.888 -5.04 -5.428 -5.598 -5.788 -5.073
0.7842 -4.412 -4.363 -4.438 -4.631 -4.773 -4.912 -4.551 -4.653 -4.775 -4.917 -5.058 -5.206 -4.648 -4.821 -4.992 -5.113 -5.224 -4.884 -5.027 -5.147 -5.246 -5.414 -4.99 -4.895 -5.048 -5.436 -5.605 -5.795 -5.08
0.8032 -4.419 -4.37 -4.445 -4.638 -4.78 -4.919 -4.559 -4.66 -4.783 -4.924 -5.065 -5.214 -4.655 -4.828 -5.0 -5.12 -5.231 -4.891 -5.034 -5.154 -5.253 -5.421 -4.997 -4.902 -5.055 -5.443 -5.612 -5.803 -5.088
0.8225 -4.427 -4.377 -4.452 -4.645 -4.787 -4.927 -4.566 -4.667 -4.79 -4.932 -5.072 -5.221 -4.662 -4.835 -5.007 -5.128 -5.238 -4.899 -5.041 -5.161 -5.26 -5.428 -5.005 -4.909 -5.062 -5.45 -5.619 -5.81 -5.095
0.8424 -4.434 -4.384 -4.459 -4.652 -4.795 -4.934 -4.573 -4.675 -4.797 -4.939 -5.079 -5.228 -4.67 -4.842 -5.014 -5.135 -5.245 -4.906 -5.048 -5.168 -5.267 -5.436 -5.012 -4.917 -5.069 -5.457 -5.627 -5.817 -5.102
0.8627 -4.441 -4.392 -4.466 -4.659 -4.802 -4.941 -4.58 -4.682 -4.804 -4.946 -5.087 -5.235 -4.677 -4.849 -5.021 -5.142 -5.253 -4.913 -5.056 -5.176 -5.275 -5.443 -5.019 -4.924 -5.077 -5.465 -5.634 -5.824 -5.109
0.8835 -4.448 -4.399 -4.474 -4.667 -4.809 -4.948 -4.587 -4.689 -4.811 -4.953 -5.094 -5.242 -4.684 -4.857 -5.028 -5.149 -5.26 -4.92 -5.063 -5.183 -5.282 -5.45 -5.026 -4.931 -5.084 -5.472 -5.641 -5.831 -5.116
0.9048 -4.459 -4.409 -4.484 -4.677 -4.82 -4.959 -4.598 -4.699 -4.822 -4.964 -5.104 -5.253 -4.694 -4.867 -5.039 -5.16 -5.27 -4.931 -5.073 -5.193 -5.292 -5.46 -5.037 -4.941 -5.094 -5.482 -5.652 -5.842 -5.127
0.9266 -4.471 -4.422 -4.496 -4.689 -4.832 -4.971 -4.61 -4.712 -4.834 -4.976 -5.117 -5.265 -4.707 -4.879 -5.051 -5.172 -5.282 -4.943 -5.086 -5.205 -5.304 -5.473 -5.049 -4.954 -5.106 -5.494 -5.664 -5.854 -5.139
0.949 -4.483 -4.434 -4.509 -4.702 -4.844 -4.983 -4.622 -4.724 -4.846 -4.988 -5.129 -5.277 -4.719 -4.892 -5.063 -5.184 -5.295 -4.955 -5.098 -5.218 -5.317 -5.485 -5.061 -4.966 -5.119 -5.507 -5.676 -5.866 -5.151
0.9719 -4.496 -4.446 -4.521 -4.714 -4.856 -4.995 -4.635 -4.736 -4.859 -5.001 -5.141 -5.29 -4.731 -4.904 -5.076 -5.196 -5.307 -4.968 -5.11 -5.23 -5.329 -5.497 -5.073 -4.978 -5.131 -5.519 -5.688 -5.879 -5.164
0.9953 -4.508 -4.458 -4.533 -4.726 -4.869 -5.008 -4.647 -4.748 -4.871 -5.013 -5.153 -5.302 -4.743 -4.916 -5.088 -5.209 -5.319 -4.98 -5.122 -5.242 -5.341 -5.509 -5.086 -4.99 -5.143 -5.531 -5.701 -5.891 -5.176
1.0194 -4.52 -4.471 -4.545 -4.738 -4.881 -5.02 -4.659 -4.761 -4.883 -5.025 -5.166 -5.314 -4.756 -4.928 -5.1 -5.221 -5.331 -4.992 -5.135 -5.254 -5.353 -5.522 -5.098 -5.003 -5.155 -5.543 -5.713 -5.903 -5.188
1.0439 -4.532 -4.483 -4.558 -4.751 -4.893 -5.032 -4.671 -4.773 -4.895 -5.037 -5.178 -5.326 -4.768 -4.941 -5.112 -5.233 -5.344 -5.004 -5.147 -5.267 -5.366 -5.534 -5.11 -5.015 -5.168 -5.556 -5.725 -5.915 -5.2
1.0691 -4.544 -4.495 -4.57 -4.763 -4.905 -5.044 -4.684 -4.785 -4.908 -5.05 -5.19 -5.339 -4.78 -4.953 -5.125 -5.245 -5.356 -5.017 -5.159 -5.279 -5.378 -5.546 -5.122 -5.027 -5.18 -5.568 -5.737 -5.928 -5.213
1.0949 -4.557 -4.507 -4.582 -4.775 -4.918 -5.057 -4.696 -4.797 -4.92 -5.062 -5.202 -5.351 -4.792 -4.965 -5.137 -5.258 -5.368 -5.029 -5.171 -5.291 -5.39 -5.558 -5.135 -5.039 -5.192 -5.58 -5.75 -5.94 -5.225
1.1213 -4.569 -4.52 -4.594 -4.787 -4.93 -5.069 -4.708 -4.81 -4.932 -5.074 -5.215 -5.363 -4.805 -4.977 -5.149 -5.27 -5.38 -5.041 -5.184 -5.303 -5.402 -5.571 -5.147 -5.052 -5.204 -5.592 -5.762 -5.952 -5.237
1.1484 -4.577 -4.528 -4.603 -4.796 -4.938 -5.077 -4.716 -4.818 -4.94 -5.082 -5.223 -5.371 -4.813 -4.985 -5.157 -5.278 -5.389 -5.049 -5.192 -5.312 -5.411 -5.579 -5.155 -5.06 -5.213 -5.601 -5.77 -5.96 -5.245
1.1761 -4.584 -4.535 -4.61 -4.803 -4.945 -5.084 -4.723 -4.825 -4.947 -5.089 -5.23 -5.378 -4.82 -4.993 -5.164 -5.285 -5.396 -5.056 -5.199 -5.319 -5.418 -5.586 -5.162 -5.067 -5.22 -5.608 -5.777 -5.967 -5.252
1.2044 -4.591 -4.542 -4.617 -4.81 -4.952 -5.091 -4.731 -4.832 -4.955 -5.096 -5.237 -5.386 -4.827 -5.0 -5.172 -5.292 -5.403 -5.063 -5.206 -5.326 -5.425 -5.593 -5.169 -5.074 -5.227 -5.615 -5.784 -5.975 -5.26
1.2335 -4.599 -4.549 -4.624 -4.817 -4.959 -5.098 -4.738 -4.839 -4.962 -5.104 -5.244 -5.393 -4.834 -5.007 -5.179 -5.299 -5.41 -5.071 -5.213 -5.333 -5.432 -5.6 -5.176 -5.081 -5.234 -5.622 -5.791 -5.982 -5.267
1.2633 -4.606 -4.556 -4.631 -4.824 -4.966 -5.106 -4.745 -4.846 -4.969 -5.111 -5.251 -5.4 -4.841 -5.014 -5.186 -5.307 -5.417 -5.078 -5.22 -5.34 -5.439 -5.607 -5.184 -5.088 -5.241 -5.629 -5.798 -5.989 -5.274
1.2937 -4.613 -4.563 -4.638 -4.831 -4.974 -5.113 -4.752 -4.854 -4.976 -5.118 -5.258 -5.407 -4.849 -5.021 -5.193 -5.314 -5.424 -5.085 -5.227 -5.347 -5.446 -5.615 -5.191 -5.096 -5.248 -5.636 -5.806 -5.996 -5.281
1.3249 -4.62 -4.57 -4.645 -4.838 -4.981 -5.12 -4.759 -4.861 -4.983 -5.125 -5.265 -5.414 -4.856 -5.028 -5.2 -5.321 -5.431 -5.092 -5.235 -5.354 -5.453 -5.622 -5.198 -5.103 -5.255 -5.643 -5.813 -6.003 -5.288
1.3569 -4.627 -4.578 -4.652 -4.845 -4.988 -5.127 -4.766 -4.868 -4.99 -5.132 -5.273 -5.421 -4.863 -5.035 -5.207 -5.328 -5.439 -5.099 -5.242 -5.362 -5.461 -5.629 -5.205 -5.11 -5.263 -5.65 -5.82 -6.01 -5.295
1.3896 -4.634 -4.585 -4.66 -4.853 -4.995 -5.134 -4.773 -4.875 -4.997 -5.139 -5.28 -5.428 -4.87 -5.042 -5.214 -5.335 -5.446 -5.106 -5.249 -5.369 -5.468 -5.636 -5.212 -5.117 -5.27 -5.658 -5.827 -6.017 -5.302
1.4232 -4.641 -4.592 -4.667 -4.86 -5.002 -5.141 -4.78 -4.882 -5.004 -5.146 -5.287 -5.435 -4.877 -5.05 -5.221 -5.342 -5.453 -5.113 -5.256 -5.376 -5.475 -5.643 -5.219 -5.124 -5.277 -5.665 -5.834 -6.024 -5.309
1.4575 -4.644 -4.595 -4.67 -4.863 -5.005 -5.144 -4.783 -4.885 -5.007 -5.149 -5.29 -5.438 -4.88 -5.052 -5.224 -5.345 -5.456 -5.116 -5.259 -5.379 -5.478 -5.646 -5.222 -5.127 -5.28 -5.668 -5.837 -6.027 -5.312
1.4927 -4.647 -4.597 -4.672 -4.865 -5.007 -5.147 -4.786 -4.887 -5.01 -5.152 -5.292 -5.441 -4.882 -5.055 -5.227 -5.348 -5.458 -5.119 -5.261 -5.381 -5.48 -5.648 -5.225 -5.129 -5.282 -5.67 -5.839 -6.03 -5.315
1.5287 -4.649 -4.6 -4.675 -4.868 -5.01 -5.149 -4.788 -4.89 -5.012 -5.154 -5.295 -5.443 -4.885 -5.058 -5.229 -5.35 -5.461 -5.121 -5.264 -5.384 -5.483 -5.651 -5.227 -5.132 -5.285 -5.673 -5.842 -6.032 -5.317
1.5655 -4.652 -4.602 -4.677 -4.87 -5.013 -5.152 -4.791 -4.893 -5.015 -5.157 -5.297 -5.446 -4.888 -5.06 -5.232 -5.353 -5.463 -5.124 -5.266 -5.386 -5.485 -5.654 -5.23 -5.135 -5.287 -5.675 -5.845 -6.035 -5.32
1.6033 -4.654 -4.605 -4.68 -4.873 -5.015 -5.154 -4.793 -4.895 -5.018 -5.159 -5.3 -5.448 -4.89 -5.063 -5.235 -5.355 -5.466 -5.126 -5.269 -5.389 -5.488 -5.656 -5.232 -5.137 -5.29 -5.678 -5.847 -6.037 -5.322
1.642 -4.657 -4.607 -4.682 -4.875 -5.018 -5.157 -4.796 -4.898 -5.02 -5.162 -5.302 -5.451 -4.893 -5.065 -5.237 -5.358 -5.468 -5.129 -5.272 -5.391 -5.49 -5.659 -5.235 -5.14 -5.292 -5.68 -5.85 -6.04 -5.325
1.6816 -4.659 -4.61 -4.685 -4.878 -5.02 -5.159 -4.799 -4.9 -5.023 -5.165 -5.305 -5.454 -4.895 -5.068 -5.24 -5.36 -5.471 -5.132 -5.274 -5.394 -5.493 -5.661 -5.237 -5.142 -5.295 -5.683 -5.852 -6.043 -5.328
1.7222 -4.662 -4.613 -4.687 -4.88 -5.023 -5.162 -4.801 -4.903 -5.025 -5.167 -5.308 -5.456 -4.898 -5.07 -5.242 -5.363 -5.474 -5.134 -5.277 -5.396 -5.496 -5.664 -5.24 -5.145 -5.298 -5.685 -5.855 -6.045 -5.33
1.7637 -4.665 -4.615 -4.69 -4.883 -5.025 -5.164 -4.804 -4.905 -5.028 -5.17 -5.31 -5.459 -4.9 -5.073 -5.245 -5.365 -5.476 -5.137 -5.279 -5.399 -5.498 -5.666 -5.242 -5.147 -5.3 -5.688 -5.857 -6.048 -5.333
1.8062 -4.669 -4.62 -4.695 -4.887 -5.03 -5.169 -4.808 -4.91 -5.032 -5.174 -5.315 -5.463 -4.905 -5.077 -5.249 -5.37 -5.481 -5.141 -5.284 -5.404 -5.503 -5.671 -5.247 -5.152 -5.305 -5.693 -5.862 -6.052 -5.337
1.8498 -4.699 -4.65 -4.724 -4.917 -5.06 -5.199 -4.838 -4.94 -5.062 -5.204 -5.345 -5.493 -4.935 -5.107 -5.279 -5.4 -5.511 -5.171 -5.314 -5.434 -5.533 -5.701 -5.277 -5.182 -5.335 -5.723 -5.892 -6.082 -5.367
1.8944 -4.729 -4.68 -4.754 -4.947 -5.09 -5.229 -4.868 -4.97 -5.092 -5.234 -5.375 -5.523 -4.965 -5.137 -5.309 -5.43 -5.541 -5.201 -5.344 -5.463 -5.562 -5.731 -5.307 -5.212 -5.365 -5.752 -5.922 -6.112 -5.397
1.9401 -4.759 -4.71 -4.784 -4.977 -5.12 -5.259 -4.898 -5.0 -5.122 -5.264 -5.405 -5.553 -4.995 -5.167 -5.339 -5.46 -5.57 -5.231 -5.374 -5.493 -5.592 -5.761 -5.337 -5.242 -5.394 -5.782 -5.952 -6.142 -5.427
1.9869 -4.789 -4.739 -4.814 -5.007 -5.15 -5.289 -4.928 -5.03 -5.152 -5.294 -5.434 -5.583 -5.025 -5.197 -5.369 -5.49 -5.6 -5.261 -5.404 -5.523 -5.622 -5.791 -5.367 -5.272 -5.424 -5.812 -5.982 -6.172 -5.457
2.0349 -4.819 -4.769 -4.844 -5.037 -5.18 -5.319 -4.958 -5.06 -5.182 -5.324 -5.464 -5.613 -5.055 -5.227 -5.399 -5.52 -5.63 -5.291 -5.433 -5.553 -5.652 -5.821 -5.397 -5.302 -5.454 -5.842 -6.012 -6.202 -5.487
2.084 -4.849 -4.799 -4.874 -5.067 -5.21 -5.349 -4.988 -5.09 -5.212 -5.354 -5.494 -5.643 -5.085 -5.257 -5.429 -5.55 -5.66 -5.321 -5.463 -5.583 -5.682 -5.851 -5.427 -5.332 -5.484 -5.872 -6.042 -6.232 -5.517
2.1342 -4.879 -4.829 -4.904 -5.097 -5.24 -5.379 -5.018 -5.12 -5.242 -5.384 -5.524 -5.673 -5.114 -5.287 -5.459 -5.58 -5.69 -5.351 -5.493 -5.613 -5.712 -5.881 -5.457 -5.361 -5.514 -5.902 -6.072 -6.262 -5.547
2.1857 -4.909 -4.859 -4.934 -5.127 -5.269 -5.409 -5.048 -5.149 -5.272 -5.414 -5.554 -5.703 -5.144 -5.317 -5.489 -5.61 -5.72 -5.381 -5.523 -5.643 -5.742 -5.91 -5.487 -5.391 -5.544 -5.932 -6.101 -6.292 -5.577
2.2384 -4.939 -4.889 -4.964 -5.157 -5.299 -5.439 -5.078 -5.179 -5.302 -5.444 -5.584 -5.733 -5.174 -5.347 -5.519 -5.64 -5.75 -5.411 -5.553 -5.673 -5.772 -5.94 -5.517 -5.421 -5.574 -5.962 -6.131 -6.322 -5.607
2.2924 -4.962 -4.913 -4.987 -5.18 -5.323 -5.462 -5.101 -5.203 -5.325 -5.467 -5.608 -5.756 -5.198 -5.37 -5.542 -5.663 -5.774 -5.434 -5.577 -5.696 -5.796 -5.964 -5.54 -5.445 -5.598 -5.985 -6.155 -6.345 -5.63
2.3477 -4.962 -4.912 -4.987 -5.18 -5.322 -5.461 -5.101 -5.202 -5.325 -5.467 -5.607 -5.756 -5.197 -5.37 -5.542 -5.662 -5.773 -5.434 -5.576 -5.696 -5.795 -5.963 -5.539 -5.444 -5.597 -5.985 -6.154 -6.345 -5.63
2.4044 -4.961 -4.912 -4.986 -5.179 -5.322 -5.461 -5.1 -5.202 -5.324 -5.466 -5.606 -5.755 -5.197 -5.369 -5.541 -5.662 -5.772 -5.433 -5.576 -5.695 -5.794 -5.963 -5.539 -5.444 -5.596 -5.984 -6.154 -6.344 -5.629
2.4624 -4.96 -4.911 -4.986 -5.179 -5.321 -5.46 -5.1 -5.201 -5.324 -5.465 -5.606 -5.755 -5.196 -5.369 -5.541 -5.661 -5.772 -5.432 -5.575 -5.695 -5.794 -5.962 -5.538 -5.443 -5.596 -5.984 -6.153 -6.344 -5.629
2.5218 -4.96 -4.91 -4.985 -5.178 -5.321 -5.46 -5.099 -5.201 -5.323 -5.465 -5.605 -5.754 -5.196 -5.368 -5.54 -5.661 -5.771 -5.432 -5.574 -5.694 -5.793 -5.962 -5.538 -5.443 -5.595 -5.983 -6.153 -6.343 -5.628
