web/models/grb/offaxis/16/grb_0.2967_5.1795_0.1584893.dat
# %ECSV 1.0
# ---
# datatype:
# - {name: time, datatype: float64}
# - {name: swift_uvot_uvw2, datatype: float64}
# - {name: swift_uvot_uvm2, datatype: float64}
# - {name: swift_uvot_uvw1, datatype: float64}
# - {name: swift_uvot_U, datatype: float64}
# - {name: swift_uvot_B, datatype: float64}
# - {name: swift_uvot_V, datatype: float64}
# - {name: swift_uvot_W, datatype: float64}
# - {name: johnson_U, datatype: float64}
# - {name: johnson_B, datatype: float64}
# - {name: johnson_V, datatype: float64}
# - {name: johnson_R, datatype: float64}
# - {name: johnson_I, datatype: float64}
# - {name: sdss_u, datatype: float64}
# - {name: sdss_g, datatype: float64}
# - {name: sdss_r, datatype: float64}
# - {name: sdss_i, datatype: float64}
# - {name: sdss_z, datatype: float64}
# - {name: PS1_g, datatype: float64}
# - {name: PS1_r, datatype: float64}
# - {name: PS1_i, datatype: float64}
# - {name: PS1_z, datatype: float64}
# - {name: PS1_Y, datatype: float64}
# - {name: PS1_w, datatype: float64}
# - {name: ATLAS_c, datatype: float64}
# - {name: ATLAS_o, datatype: float64}
# - {name: ukirt_J, datatype: float64}
# - {name: ukirt_H, datatype: float64}
# - {name: ukirt_K, datatype: float64}
# - {name: Clear, datatype: float64}
# meta: !!omap
# - comment: [E = 0.0022477106672309025, Eta0 = 8.02, GammaB = 12.0, dL = 0.012188, epsb = 6.760829753919819e-06, epse = 0.1, n = 0.15848931924611143,
#     p = 2.15, theta_obs = 0.29670597283903605, xiN = 1.0, z = 0.0, type = grb, E_kiso = 5.1794746792312125]
# schema: astropy-2.0
time swift_uvot_uvw2 swift_uvot_uvm2 swift_uvot_uvw1 swift_uvot_U swift_uvot_B swift_uvot_V swift_uvot_W johnson_U johnson_B johnson_V johnson_R johnson_I sdss_u sdss_g sdss_r sdss_i sdss_z PS1_g PS1_r PS1_i PS1_z PS1_Y PS1_w ATLAS_c ATLAS_o ukirt_J ukirt_H ukirt_K Clear
[from data line 237]
2.841 -2.382 -2.333 -2.408 -2.601 -2.743 -2.882 -2.522 -2.623 -2.746 -2.887 -3.028 -3.177 -2.618 -2.791 -2.963 -3.083 -3.194 -2.854 -2.997 -3.117 -3.216 -3.384 -2.96 -2.865 -3.018 -3.406 -3.575 -3.766 -3.051
2.9095 -2.343 -2.294 -2.369 -2.561 -2.704 -2.843 -2.482 -2.584 -2.706 -2.848 -2.989 -3.137 -2.579 -2.751 -2.923 -3.044 -3.155 -2.815 -2.958 -3.078 -3.177 -3.345 -2.921 -2.826 -2.979 -3.367 -3.536 -3.726 -3.011
2.9797 -2.304 -2.254 -2.329 -2.522 -2.665 -2.804 -2.443 -2.545 -2.667 -2.809 -2.949 -3.098 -2.54 -2.712 -2.884 -3.005 -3.115 -2.776 -2.918 -3.038 -3.137 -3.306 -2.882 -2.786 -2.939 -3.327 -3.497 -3.687 -2.972
3.0516 -2.264 -2.215 -2.29 -2.483 -2.625 -2.764 -2.404 -2.505 -2.628 -2.77 -2.91 -3.059 -2.5 -2.673 -2.845 -2.965 -3.076 -2.737 -2.879 -2.999 -3.098 -3.266 -2.842 -2.747 -2.9 -3.288 -3.457 -3.648 -2.933
3.1252 -2.225 -2.176 -2.251 -2.444 -2.586 -2.725 -2.364 -2.466 -2.588 -2.73 -2.871 -3.019 -2.461 -2.633 -2.805 -2.926 -3.037 -2.697 -2.84 -2.96 -3.059 -3.227 -2.803 -2.708 -2.861 -3.249 -3.418 -3.608 -2.893
3.2006 -2.186 -2.136 -2.211 -2.404 -2.547 -2.686 -2.325 -2.427 -2.549 -2.691 -2.831 -2.98 -2.422 -2.594 -2.766 -2.887 -2.997 -2.658 -2.8 -2.92 -3.019 -3.188 -2.764 -2.669 -2.821 -3.209 -3.379 -3.569 -2.854
3.2778 -2.147 -2.097 -2.172 -2.365 -2.507 -2.646 -2.286 -2.387 -2.51 -2.652 -2.792 -2.941 -2.382 -2.555 -2.727 -2.847 -2.958 -2.619 -2.761 -2.881 -2.98 -3.148 -2.724 -2.629 -2.782 -3.17 -3.339 -3.53 -2.815
3.3569 -2.107 -2.058 -2.133 -2.326 -2.468 -2.607 -2.246 -2.348 -2.47 -2.612 -2.753 -2.901 -2.343 -2.515 -2.687 -2.808 -2.919 -2.579 -2.722 -2.842 -2.941 -3.109 -2.685 -2.59 -2.743 -3.131 -3.3 -3.49 -2.775
3.4378 -2.068 -2.018 -2.093 -2.286 -2.429 -2.568 -2.207 -2.309 -2.431 -2.573 -2.713 -2.862 -2.304 -2.476 -2.648 -2.769 -2.879 -2.54 -2.682 -2.802 -2.901 -3.07 -2.646 -2.551 -2.703 -3.091 -3.261 -3.451 -2.736
3.5208 -2.029 -1.979 -2.054 -2.247 -2.389 -2.528 -2.168 -2.269 -2.392 -2.534 -2.674 -2.823 -2.264 -2.437 -2.609 -2.729 -2.84 -2.501 -2.643 -2.763 -2.862 -3.03 -2.606 -2.511 -2.664 -3.052 -3.221 -3.412 -2.697
3.6057 -1.967 -1.918 -1.993 -2.185 -2.328 -2.467 -2.106 -2.208 -2.33 -2.472 -2.613 -2.761 -2.203 -2.375 -2.547 -2.668 -2.779 -2.439 -2.582 -2.702 -2.801 -2.969 -2.545 -2.45 -2.603 -2.991 -3.16 -3.35 -2.635
3.6927 -1.904 -1.855 -1.93 -2.123 -2.265 -2.404 -2.044 -2.145 -2.268 -2.409 -2.55 -2.699 -2.14 -2.313 -2.485 -2.605 -2.716 -2.376 -2.519 -2.639 -2.738 -2.906 -2.482 -2.387 -2.54 -2.928 -3.097 -3.288 -2.573
3.7818 -1.842 -1.792 -1.867 -2.06 -2.203 -2.342 -1.981 -2.082 -2.205 -2.347 -2.487 -2.636 -2.077 -2.25 -2.422 -2.543 -2.653 -2.314 -2.456 -2.576 -2.675 -2.843 -2.42 -2.324 -2.477 -2.865 -3.035 -3.225 -2.51
3.873 -1.779 -1.73 -1.804 -1.997 -2.14 -2.279 -1.918 -2.02 -2.142 -2.284 -2.425 -2.573 -2.015 -2.187 -2.359 -2.48 -2.591 -2.251 -2.394 -2.514 -2.613 -2.781 -2.357 -2.262 -2.415 -2.803 -2.972 -3.162 -2.447
3.9664 -1.716 -1.667 -1.742 -1.935 -2.077 -2.216 -1.855 -1.957 -2.08 -2.221 -2.362 -2.51 -1.952 -2.125 -2.297 -2.417 -2.528 -2.188 -2.331 -2.451 -2.55 -2.718 -2.294 -2.199 -2.352 -2.74 -2.909 -3.1 -2.385
4.0621 -1.654 -1.604 -1.679 -1.872 -2.014 -2.154 -1.793 -1.894 -2.017 -2.159 -2.299 -2.448 -1.889 -2.062 -2.234 -2.355 -2.465 -2.126 -2.268 -2.388 -2.487 -2.655 -2.232 -2.136 -2.289 -2.677 -2.846 -3.037 -2.322
4.1601 -1.591 -1.542 -1.616 -1.809 -1.952 -2.091 -1.73 -1.832 -1.954 -2.096 -2.237 -2.385 -1.827 -1.999 -2.171 -2.292 -2.403 -2.063 -2.206 -2.325 -2.425 -2.593 -2.169 -2.074 -2.227 -2.614 -2.784 -2.974 -2.259
4.2604 -1.528 -1.479 -1.554 -1.747 -1.889 -2.028 -1.667 -1.769 -1.892 -2.033 -2.174 -2.322 -1.764 -1.937 -2.109 -2.229 -2.34 -2.0 -2.143 -2.263 -2.362 -2.53 -2.106 -2.011 -2.164 -2.552 -2.721 -2.911 -2.196
4.3632 -1.466 -1.416 -1.491 -1.684 -1.826 -1.966 -1.605 -1.706 -1.829 -1.971 -2.111 -2.26 -1.701 -1.874 -2.046 -2.167 -2.277 -1.938 -2.08 -2.2 -2.299 -2.467 -2.044 -1.948 -2.101 -2.489 -2.658 -2.849 -2.134
4.4685 -1.402 -1.353 -1.428 -1.621 -1.763 -1.902 -1.541 -1.643 -1.765 -1.907 -2.048 -2.196 -1.638 -1.81 -1.982 -2.103 -2.214 -1.874 -2.017 -2.137 -2.236 -2.404 -1.98 -1.885 -2.038 -2.426 -2.595 -2.785 -2.07
4.5763 -1.33 -1.281 -1.356 -1.549 -1.691 -1.83 -1.47 -1.571 -1.694 -1.836 -1.976 -2.125 -1.566 -1.739 -1.911 -2.031 -2.142 -1.803 -1.945 -2.065 -2.164 -2.332 -1.908 -1.813 -1.966 -2.354 -2.523 -2.714 -1.999
4.6867 -1.259 -1.209 -1.284 -1.477 -1.62 -1.759 -1.398 -1.499 -1.622 -1.764 -1.904 -2.053 -1.494 -1.667 -1.839 -1.96 -2.07 -1.731 -1.873 -1.993 -2.092 -2.26 -1.837 -1.741 -1.894 -2.282 -2.452 -2.642 -1.927
4.7997 -1.187 -1.138 -1.212 -1.405 -1.548 -1.687 -1.326 -1.428 -1.55 -1.692 -1.833 -1.981 -1.423 -1.595 -1.767 -1.888 -1.998 -1.659 -1.802 -1.921 -2.02 -2.189 -1.765 -1.67 -1.822 -2.21 -2.38 -2.57 -1.855
4.9155 -1.115 -1.066 -1.141 -1.334 -1.476 -1.615 -1.254 -1.356 -1.478 -1.62 -1.761 -1.909 -1.351 -1.524 -1.695 -1.816 -1.927 -1.587 -1.73 -1.85 -1.949 -2.117 -1.693 -1.598 -1.751 -2.139 -2.308 -2.498 -1.783
5.0341 -1.044 -0.994 -1.069 -1.262 -1.404 -1.543 -1.183 -1.284 -1.407 -1.549 -1.689 -1.838 -1.279 -1.452 -1.624 -1.744 -1.855 -1.516 -1.658 -1.778 -1.877 -2.045 -1.621 -1.526 -1.679 -2.067 -2.236 -2.427 -1.712
5.1555 -0.972 -0.922 -0.997 -1.19 -1.333 -1.472 -1.111 -1.213 -1.335 -1.477 -1.617 -1.766 -1.208 -1.38 -1.552 -1.673 -1.783 -1.444 -1.586 -1.706 -1.805 -1.974 -1.55 -1.454 -1.607 -1.995 -2.165 -2.355 -1.64
5.2799 -0.9 -0.851 -0.925 -1.118 -1.261 -1.4 -1.039 -1.141 -1.263 -1.405 -1.546 -1.694 -1.136 -1.308 -1.48 -1.601 -1.712 -1.372 -1.515 -1.635 -1.734 -1.902 -1.478 -1.383 -1.536 -1.924 -2.093 -2.283 -1.568
5.4072 -0.828 -0.779 -0.854 -1.047 -1.189 -1.328 -0.967 -1.069 -1.192 -1.333 -1.474 -1.622 -1.064 -1.237 -1.408 -1.529 -1.64 -1.3 -1.443 -1.563 -1.662 -1.83 -1.406 -1.311 -1.464 -1.852 -2.021 -2.211 -1.496
5.5377 -0.757 -0.707 -0.782 -0.975 -1.117 -1.257 -0.896 -0.997 -1.12 -1.262 -1.402 -1.551 -0.992 -1.165 -1.337 -1.457 -1.568 -1.229 -1.371 -1.491 -1.59 -1.758 -1.334 -1.239 -1.392 -1.78 -1.949 -2.14 -1.425
5.6713 -0.685 -0.635 -0.71 -0.903 -1.045 -1.185 -0.824 -0.925 -1.048 -1.19 -1.33 -1.479 -0.92 -1.093 -1.265 -1.386 -1.496 -1.157 -1.299 -1.419 -1.518 -1.686 -1.263 -1.167 -1.32 -1.708 -1.877 -2.068 -1.353
5.8081 -0.612 -0.563 -0.638 -0.831 -0.973 -1.112 -0.751 -0.853 -0.975 -1.117 -1.258 -1.406 -0.848 -1.02 -1.192 -1.313 -1.424 -1.084 -1.227 -1.347 -1.446 -1.614 -1.19 -1.095 -1.248 -1.636 -1.805 -1.995 -1.28
5.9482 -0.54 -0.49 -0.565 -0.758 -0.9 -1.04 -0.679 -0.78 -0.903 -1.045 -1.185 -1.334 -0.775 -0.948 -1.12 -1.24 -1.351 -1.012 -1.154 -1.274 -1.373 -1.541 -1.118 -1.022 -1.175 -1.563 -1.732 -1.923 -1.208
6.0917 -0.467 -0.418 -0.493 -0.685 -0.828 -0.967 -0.606 -0.708 -0.83 -0.972 -1.113 -1.261 -0.703 -0.875 -1.047 -1.168 -1.279 -0.939 -1.082 -1.202 -1.301 -1.469 -1.045 -0.95 -1.103 -1.491 -1.66 -1.85 -1.135
6.2386 -0.395 -0.345 -0.42 -0.613 -0.755 -0.894 -0.534 -0.635 -0.758 -0.9 -1.04 -1.189 -0.63 -0.803 -0.975 -1.095 -1.206 -0.867 -1.009 -1.129 -1.228 -1.396 -0.972 -0.877 -1.03 -1.418 -1.587 -1.778 -1.063
6.3891 -0.322 -0.273 -0.347 -0.54 -0.683 -0.822 -0.461 -0.563 -0.685 -0.827 -0.968 -1.116 -0.558 -0.73 -0.902 -1.023 -1.134 -0.794 -0.937 -1.056 -1.156 -1.324 -0.9 -0.805 -0.958 -1.345 -1.515 -1.705 -0.99
6.5433 -0.25 -0.2 -0.275 -0.468 -0.61 -0.749 -0.389 -0.49 -0.613 -0.755 -0.895 -1.044 -0.485 -0.658 -0.83 -0.95 -1.061 -0.722 -0.864 -0.984 -1.083 -1.251 -0.827 -0.732 -0.885 -1.273 -1.442 -1.633 -0.918
6.7011 -0.177 -0.128 -0.202 -0.395 -0.538 -0.677 -0.316 -0.418 -0.54 -0.682 -0.823 -0.971 -0.413 -0.585 -0.757 -0.878 -0.988 -0.649 -0.792 -0.911 -1.01 -1.179 -0.755 -0.66 -0.812 -1.2 -1.37 -1.56 -0.845
6.8627 -0.104 -0.055 -0.13 -0.323 -0.465 -0.604 -0.244 -0.345 -0.468 -0.61 -0.75 -0.899 -0.34 -0.513 -0.685 -0.805 -0.916 -0.577 -0.719 -0.839 -0.938 -1.106 -0.682 -0.587 -0.74 -1.128 -1.297 -1.488 -0.773
7.0283 -0.032 0.018 -0.057 -0.25 -0.393 -0.532 -0.171 -0.273 -0.395 -0.537 -0.677 -0.826 -0.268 -0.44 -0.612 -0.733 -0.843 -0.504 -0.647 -0.766 -0.865 -1.034 -0.61 -0.515 -0.667 -1.055 -1.225 -1.415 -0.7
7.1978 0.038 0.087 0.013 -0.18 -0.323 -0.462 -0.101 -0.203 -0.325 -0.467 -0.607 -0.756 -0.198 -0.37 -0.542 -0.663 -0.773 -0.434 -0.577 -0.696 -0.795 -0.964 -0.54 -0.445 -0.597 -0.985 -1.155 -1.345 -0.63
7.3715 0.104 0.153 0.078 -0.115 -0.257 -0.396 -0.035 -0.137 -0.259 -0.401 -0.542 -0.69 -0.132 -0.305 -0.476 -0.597 -0.708 -0.368 -0.511 -0.631 -0.73 -0.898 -0.474 -0.379 -0.532 -0.92 -1.089 -1.279 -0.564
7.5493 0.169 0.219 0.144 -0.049 -0.191 -0.33 0.03 -0.071 -0.194 -0.336 -0.476 -0.625 -0.066 -0.239 -0.411 -0.531 -0.642 -0.303 -0.445 -0.565 -0.664 -0.832 -0.408 -0.313 -0.466 -0.854 -1.023 -1.214 -0.499
7.7314 0.235 0.285 0.21 0.017 -0.126 -0.265 0.096 -0.006 -0.128 -0.27 -0.41 -0.559 -0.001 -0.173 -0.345 -0.466 -0.576 -0.237 -0.379 -0.499 -0.598 -0.767 -0.343 -0.247 -0.4 -0.788 -0.958 -1.148 -0.433
7.9179 0.301 0.35 0.276 0.083 -0.06 -0.199 0.162 0.06 -0.062 -0.204 -0.345 -0.493 0.065 -0.107 -0.279 -0.4 -0.511 -0.171 -0.314 -0.434 -0.533 -0.701 -0.277 -0.182 -0.335 -0.723 -0.892 -1.082 -0.367
8.1089 0.367 0.416 0.341 0.148 0.006 -0.133 0.228 0.126 0.003 -0.138 -0.279 -0.427 0.131 -0.042 -0.214 -0.334 -0.445 -0.105 -0.248 -0.368 -0.467 -0.635 -0.211 -0.116 -0.269 -0.657 -0.826 -1.016 -0.301
8.3045 0.432 0.482 0.407 0.214 0.072 -0.068 0.293 0.192 0.069 -0.073 -0.213 -0.362 0.197 0.024 -0.148 -0.268 -0.379 -0.04 -0.182 -0.302 -0.401 -0.569 -0.146 -0.05 -0.203 -0.591 -0.76 -0.951 -0.236
8.5049 0.498 0.548 0.473 0.28 0.137 -0.002 0.359 0.257 0.135 -0.007 -0.147 -0.296 0.262 0.09 -0.082 -0.203 -0.313 0.026 -0.117 -0.236 -0.335 -0.504 -0.08 0.015 -0.137 -0.525 -0.695 -0.885 -0.17
8.71 0.564 0.613 0.538 0.345 0.203 0.064 0.425 0.323 0.201 0.059 -0.082 -0.23 0.328 0.155 -0.016 -0.137 -0.248 0.092 -0.051 -0.171 -0.27 -0.438 -0.014 0.081 -0.072 -0.46 -0.629 -0.819 -0.104
8.9201 0.63 0.679 0.604 0.411 0.269 0.13 0.49 0.389 0.266 0.124 -0.016 -0.165 0.394 0.221 0.049 -0.071 -0.182 0.157 0.015 -0.105 -0.204 -0.372 0.052 0.147 -0.006 -0.394 -0.563 -0.754 -0.039
9.1353 0.69 0.74 0.665 0.472 0.329 0.19 0.551 0.449 0.327 0.185 0.045 -0.104 0.455 0.282 0.11 -0.011 -0.121 0.218 0.076 -0.044 -0.143 -0.312 0.112 0.208 0.055 -0.333 -0.503 -0.693 0.022
9.3557 0.746 0.796 0.721 0.528 0.386 0.246 0.607 0.506 0.383 0.241 0.101 -0.048 0.511 0.338 0.166 0.045 -0.065 0.274 0.132 0.012 -0.087 -0.255 0.168 0.264 0.111 -0.277 -0.446 -0.637 0.078
9.5814 0.802 0.852 0.777 0.584 0.442 0.302 0.663 0.562 0.439 0.297 0.157 0.008 0.567 0.394 0.222 0.102 -0.009 0.33 0.188 0.068 -0.031 -0.199 0.225 0.32 0.167 -0.221 -0.39 -0.581 0.134
9.8125 0.858 0.908 0.833 0.64 0.498 0.359 0.719 0.618 0.495 0.353 0.213 0.064 0.623 0.45 0.278 0.158 0.047 0.386 0.244 0.124 0.025 -0.143 0.281 0.376 0.223 -0.165 -0.334 -0.525 0.19
10.0492 0.915 0.964 0.889 0.696 0.554 0.415 0.775 0.674 0.551 0.41 0.269 0.12 0.679 0.506 0.334 0.214 0.103 0.443 0.3 0.18 0.081 -0.087 0.337 0.432 0.279 -0.109 -0.278 -0.469 0.246
10.2917 0.971 1.02 0.945 0.752 0.61 0.471 0.832 0.73 0.607 0.466 0.325 0.177 0.735 0.562 0.391 0.27 0.159 0.499 0.356 0.236 0.137 -0.031 0.393 0.488 0.335 -0.053 -0.222 -0.412 0.303
10.5399 1.027 1.076 1.001 0.808 0.666 0.527 0.888 0.786 0.664 0.522 0.381 0.233 0.791 0.618 0.447 0.326 0.215 0.555 0.412 0.292 0.193 0.025 0.449 0.544 0.391 0.003 -0.166 -0.356 0.359
10.7942 1.083 1.132 1.057 0.864 0.722 0.583 0.944 0.842 0.72 0.578 0.437 0.289 0.847 0.675 0.503 0.382 0.271 0.611 0.468 0.348 0.249 0.081 0.505 0.6 0.447 0.059 -0.11 -0.3 0.415
11.0546 1.139 1.188 1.113 0.921 0.778 0.639 1.0 0.898 0.776 0.634 0.493 0.345 0.903 0.731 0.559 0.438 0.327 0.667 0.524 0.404 0.305 0.137 0.561 0.656 0.503 0.115 -0.054 -0.244 0.471
11.3212 1.195 1.244 1.17 0.977 0.834 0.695 1.056 0.954 0.832 0.69 0.549 0.401 0.959 0.787 0.615 0.494 0.384 0.723 0.58 0.461 0.362 0.193 0.617 0.712 0.56 0.172 0.002 -0.188 0.527
11.5943 1.25 1.299 1.224 1.031 0.889 0.75 1.111 1.009 0.887 0.745 0.604 0.456 1.014 0.842 0.67 0.549 0.438 0.778 0.635 0.515 0.416 0.248 0.672 0.767 0.614 0.226 0.057 -0.133 0.582
11.874 1.304 1.354 1.279 1.086 0.943 0.804 1.165 1.063 0.941 0.799 0.659 0.51 1.068 0.896 0.724 0.603 0.493 0.832 0.689 0.57 0.471 0.302 0.726 0.821 0.669 0.281 0.111 -0.079 0.636
12.1605 1.358 1.408 1.333 1.14 0.998 0.858 1.219 1.118 0.995 0.853 0.713 0.564 1.123 0.95 0.778 0.657 0.547 0.886 0.744 0.624 0.525 0.357 0.78 0.876 0.723 0.335 0.166 -0.025 0.69
12.4538 1.413 1.462 1.387 1.194 1.052 0.913 1.273 1.172 1.049 0.907 0.767 0.618 1.177 1.004 0.832 0.712 0.601 0.94 0.798 0.678 0.579 0.411 0.835 0.93 0.777 0.389 0.22 0.029 0.744
12.7542 1.467 1.516 1.441 1.248 1.106 0.967 1.328 1.226 1.104 0.962 0.821 0.673 1.231 1.058 0.887 0.766 0.655 0.995 0.852 0.732 0.633 0.465 0.889 0.984 0.831 0.443 0.274 0.084 0.799
13.0619 1.521 1.57 1.496 1.303 1.16 1.021 1.382 1.28 1.158 1.016 0.875 0.727 1.285 1.113 0.941 0.82 0.709 1.049 0.906 0.787 0.688 0.519 0.943 1.038 0.885 0.498 0.328 0.138 0.853
13.377 1.575 1.625 1.55 1.357 1.214 1.075 1.436 1.334 1.212 1.07 0.93 0.781 1.339 1.167 0.995 0.874 0.764 1.103 0.961 0.841 0.742 0.573 0.997 1.093 0.94 0.552 0.382 0.192 0.907
13.6997 1.629 1.679 1.604 1.411 1.269 1.13 1.49 1.389 1.266 1.124 0.984 0.835 1.394 1.221 1.049 0.929 0.818 1.157 1.015 0.895 0.796 0.628 1.052 1.147 0.994 0.606 0.437 0.246 0.961
14.0302 1.684 1.733 1.658 1.465 1.323 1.184 1.545 1.443 1.32 1.179 1.038 0.89 1.448 1.275 1.104 0.983 0.872 1.212 1.069 0.949 0.85 0.682 1.106 1.201 1.048 0.66 0.491 0.301 1.016
14.3686 1.738 1.787 1.712 1.52 1.377 1.238 1.599 1.497 1.375 1.233 1.092 0.944 1.502 1.33 1.158 1.037 0.926 1.266 1.123 1.003 0.904 0.736 1.16 1.255 1.102 0.714 0.545 0.355 1.07
14.7153 1.788 1.837 1.762 1.569 1.427 1.288 1.649 1.547 1.425 1.283 1.142 0.994 1.552 1.379 1.208 1.087 0.976 1.316 1.173 1.053 0.954 0.786 1.21 1.305 1.152 0.764 0.595 0.405 1.12
15.0702 1.837 1.886 1.811 1.618 1.476 1.337 1.698 1.596 1.473 1.332 1.191 1.043 1.601 1.428 1.256 1.136 1.025 1.365 1.222 1.102 1.003 0.835 1.259 1.354 1.201 0.813 0.644 0.454 1.169
15.4338 1.885 1.935 1.86 1.667 1.525 1.386 1.746 1.645 1.522 1.38 1.24 1.091 1.65 1.477 1.305 1.185 1.074 1.413 1.271 1.151 1.052 0.884 1.308 1.403 1.25 0.862 0.693 0.502 1.217
15.8061 1.934 1.984 1.909 1.716 1.574 1.434 1.795 1.694 1.571 1.429 1.289 1.14 1.699 1.526 1.354 1.234 1.123 1.462 1.32 1.2 1.101 0.933 1.356 1.452 1.299 0.911 0.742 0.551 1.266
16.1874 1.983 2.033 1.958 1.765 1.622 1.483 1.844 1.742 1.62 1.478 1.338 1.189 1.747 1.575 1.403 1.282 1.172 1.511 1.369 1.249 1.15 0.981 1.405 1.501 1.348 0.96 0.79 0.6 1.315
16.5779 2.032 2.082 2.007 1.814 1.671 1.532 1.893 1.791 1.669 1.527 1.387 1.238 1.796 1.624 1.452 1.331 1.221 1.56 1.417 1.298 1.199 1.03 1.454 1.549 1.397 1.009 0.839 0.649 1.364
16.9778 2.081 2.13 2.056 1.863 1.72 1.581 1.942 1.84 1.718 1.576 1.435 1.287 1.845 1.673 1.501 1.38 1.269 1.609 1.466 1.346 1.247 1.079 1.503 1.598 1.445 1.057 0.888 0.698 1.413
17.3873 2.13 2.179 2.104 1.911 1.769 1.63 1.991 1.889 1.767 1.625 1.484 1.336 1.894 1.721 1.55 1.429 1.318 1.658 1.515 1.395 1.296 1.128 1.552 1.647 1.494 1.106 0.937 0.747 1.462
17.8068 2.179 2.228 2.153 1.96 1.818 1.679 2.04 1.938 1.815 1.674 1.533 1.385 1.943 1.77 1.598 1.478 1.367 1.707 1.564 1.444 1.345 1.177 1.601 1.696 1.543 1.155 0.986 0.796 1.511
18.2363 2.227 2.277 2.202 2.009 1.867 1.728 2.088 1.987 1.864 1.722 1.582 1.433 1.992 1.819 1.647 1.527 1.416 1.755 1.613 1.493 1.394 1.226 1.65 1.745 1.592 1.204 1.035 0.844 1.559
18.6762 2.272 2.322 2.247 2.054 1.912 1.773 2.133 2.032 1.909 1.767 1.627 1.478 2.037 1.864 1.692 1.572 1.461 1.8 1.658 1.538 1.439 1.271 1.695 1.79 1.637 1.249 1.08 0.889 1.604
19.1268 2.317 2.367 2.292 2.099 1.957 1.817 2.178 2.077 1.954 1.812 1.672 1.523 2.082 1.909 1.737 1.616 1.506 1.845 1.703 1.583 1.484 1.316 1.739 1.835 1.682 1.294 1.125 0.934 1.649
