web/models/grb/offaxis/16/grb_0.2967_19.3070_0.0000025.dat
# %ECSV 1.0
# ---
# datatype:
# - {name: time, datatype: float64}
# - {name: swift_uvot_uvw2, datatype: float64}
# - {name: swift_uvot_uvm2, datatype: float64}
# - {name: swift_uvot_uvw1, datatype: float64}
# - {name: swift_uvot_U, datatype: float64}
# - {name: swift_uvot_B, datatype: float64}
# - {name: swift_uvot_V, datatype: float64}
# - {name: swift_uvot_W, datatype: float64}
# - {name: johnson_U, datatype: float64}
# - {name: johnson_B, datatype: float64}
# - {name: johnson_V, datatype: float64}
# - {name: johnson_R, datatype: float64}
# - {name: johnson_I, datatype: float64}
# - {name: sdss_u, datatype: float64}
# - {name: sdss_g, datatype: float64}
# - {name: sdss_r, datatype: float64}
# - {name: sdss_i, datatype: float64}
# - {name: sdss_z, datatype: float64}
# - {name: PS1_g, datatype: float64}
# - {name: PS1_r, datatype: float64}
# - {name: PS1_i, datatype: float64}
# - {name: PS1_z, datatype: float64}
# - {name: PS1_Y, datatype: float64}
# - {name: ukirt_J, datatype: float64}
# - {name: ukirt_H, datatype: float64}
# - {name: ukirt_K, datatype: float64}
# meta: !!omap
# - comment: [E = 0.008378552168254812, Eta0 = 8.02, GammaB = 12.0, dL = 0.012188, epsb = 6.760829753919819e-06, epse = 0.1, n = 2.5118864315095823e-06,
#     p = 2.15, theta_obs = 0.29670597283903605, xiN = 1.0, z = 0.0, type = grb, E_kiso = 19.306977288832496]
# schema: astropy-2.0
time swift_uvot_uvw2 swift_uvot_uvm2 swift_uvot_uvw1 swift_uvot_U swift_uvot_B swift_uvot_V swift_uvot_W johnson_U johnson_B johnson_V johnson_R johnson_I sdss_u sdss_g sdss_r sdss_i sdss_z PS1_g PS1_r PS1_i PS1_z PS1_Y ukirt_J ukirt_H ukirt_K
[from data line 225]
2.1342 7.912 7.962 7.887 7.694 7.552 7.412 7.773 7.672 7.549 7.407 7.267 7.118 7.677 7.504 7.332 7.212 7.101 7.44 7.298 7.178 7.079 6.911 6.889 6.72 6.529
2.1857 7.887 7.937 7.862 7.669 7.527 7.387 7.748 7.647 7.524 7.382 7.242 7.093 7.652 7.479 7.307 7.186 7.076 7.415 7.273 7.153 7.054 6.886 6.864 6.695 6.504
2.2384 7.862 7.912 7.837 7.644 7.501 7.362 7.723 7.621 7.499 7.357 7.217 7.068 7.626 7.454 7.282 7.161 7.051 7.39 7.248 7.128 7.029 6.86 6.839 6.669 6.479
2.2924 7.837 7.887 7.812 7.619 7.476 7.337 7.698 7.596 7.474 7.332 7.192 7.043 7.601 7.429 7.257 7.136 7.026 7.365 7.222 7.103 7.004 6.835 6.814 6.644 6.454
2.3477 7.812 7.861 7.787 7.594 7.451 7.312 7.673 7.571 7.449 7.307 7.167 7.018 7.576 7.404 7.232 7.111 7.001 7.34 7.197 7.078 6.979 6.81 6.789 6.619 6.429
2.4044 7.787 7.836 7.762 7.569 7.426 7.287 7.648 7.546 7.424 7.282 7.141 6.993 7.551 7.379 7.207 7.086 6.975 7.315 7.172 7.053 6.953 6.785 6.764 6.594 6.404
2.4624 7.762 7.811 7.736 7.544 7.401 7.262 7.623 7.521 7.399 7.257 7.116 6.968 7.526 7.354 7.182 7.061 6.95 7.29 7.147 7.027 6.928 6.76 6.738 6.569 6.379
2.5218 7.737 7.786 7.711 7.518 7.376 7.237 7.598 7.496 7.374 7.232 7.091 6.943 7.501 7.329 7.157 7.036 6.925 7.265 7.122 7.002 6.903 6.735 6.713 6.544 6.354
2.5826 7.712 7.761 7.687 7.494 7.351 7.212 7.573 7.471 7.349 7.207 7.066 6.918 7.476 7.304 7.132 7.011 6.9 7.24 7.097 6.977 6.878 6.71 6.688 6.519 6.329
2.6449 7.687 7.736 7.662 7.469 7.326 7.187 7.548 7.446 7.324 7.182 7.041 6.893 7.451 7.279 7.107 6.986 6.876 7.215 7.072 6.953 6.854 6.685 6.664 6.494 6.304
2.7087 7.662 7.712 7.637 7.444 7.301 7.162 7.523 7.421 7.299 7.157 7.017 6.868 7.426 7.254 7.082 6.961 6.851 7.19 7.047 6.928 6.829 6.66 6.639 6.469 6.279
2.7741 7.637 7.687 7.612 7.419 7.276 7.137 7.498 7.396 7.274 7.132 6.992 6.843 7.401 7.229 7.057 6.936 6.826 7.165 7.023 6.903 6.804 6.635 6.614 6.444 6.254
2.841 7.612 7.662 7.587 7.394 7.251 7.112 7.473 7.372 7.249 7.107 6.967 6.818 7.377 7.204 7.032 6.911 6.801 7.14 6.998 6.878 6.779 6.611 6.589 6.419 6.229
2.9095 7.587 7.637 7.562 7.369 7.227 7.087 7.448 7.347 7.224 7.082 6.942 6.793 7.352 7.179 7.007 6.887 6.776 7.115 6.973 6.853 6.754 6.586 6.564 6.395 6.204
2.9797 7.562 7.612 7.537 7.344 7.202 7.063 7.423 7.322 7.199 7.057 6.917 6.768 7.327 7.154 6.982 6.862 6.751 7.09 6.948 6.828 6.729 6.561 6.539 6.37 6.179
3.0516 7.538 7.587 7.512 7.319 7.177 7.038 7.398 7.297 7.174 7.032 6.892 6.743 7.302 7.129 6.957 6.837 6.726 7.065 6.923 6.803 6.704 6.536 6.514 6.345 6.154
3.1252 7.513 7.562 7.487 7.294 7.152 7.013 7.374 7.272 7.149 7.008 6.867 6.719 7.277 7.104 6.932 6.812 6.701 7.041 6.898 6.778 6.679 6.511 6.489 6.32 6.129
3.2006 7.49 7.539 7.464 7.271 7.129 6.99 7.351 7.249 7.126 6.985 6.844 6.696 7.254 7.081 6.909 6.789 6.678 7.018 6.875 6.755 6.656 6.488 6.466 6.297 6.107
3.2778 7.469 7.519 7.444 7.251 7.109 6.969 7.33 7.229 7.106 6.964 6.824 6.675 7.234 7.061 6.889 6.769 6.658 6.997 6.855 6.735 6.636 6.468 6.446 6.277 6.086
3.3569 7.449 7.499 7.424 7.231 7.088 6.949 7.31 7.208 7.086 6.944 6.804 6.655 7.213 7.041 6.869 6.748 6.638 6.977 6.834 6.715 6.616 6.447 6.426 6.256 6.066
3.4378 7.429 7.478 7.403 7.21 7.068 6.929 7.29 7.188 7.066 6.924 6.783 6.635 7.193 7.021 6.849 6.728 6.617 6.957 6.814 6.694 6.595 6.427 6.405 6.236 6.046
3.5208 7.409 7.458 7.383 7.19 7.048 6.909 7.269 7.168 7.045 6.904 6.763 6.614 7.173 7.0 6.828 6.708 6.597 6.937 6.794 6.674 6.575 6.407 6.385 6.216 6.025
3.6057 7.388 7.438 7.363 7.17 7.028 6.888 7.249 7.148 7.025 6.883 6.743 6.594 7.153 6.98 6.808 6.687 6.577 6.916 6.774 6.654 6.555 6.387 6.365 6.196 6.005
3.6927 7.368 7.417 7.343 7.15 7.007 6.868 7.229 7.127 7.005 6.863 6.723 6.574 7.132 6.96 6.788 6.667 6.557 6.896 6.753 6.634 6.535 6.366 6.345 6.175 5.985
3.7818 7.348 7.397 7.322 7.129 6.987 6.848 7.209 7.107 6.985 6.843 6.702 6.554 7.112 6.939 6.768 6.647 6.536 6.876 6.733 6.613 6.514 6.346 6.324 6.155 5.965
3.873 7.328 7.377 7.302 7.109 6.967 6.828 7.188 7.087 6.964 6.822 6.682 6.533 7.092 6.919 6.747 6.627 6.516 6.855 6.713 6.593 6.494 6.326 6.304 6.135 5.944
3.9664 7.307 7.357 7.282 7.089 6.946 6.807 7.168 7.067 6.944 6.802 6.662 6.513 7.072 6.899 6.727 6.606 6.496 6.835 6.693 6.573 6.474 6.306 6.284 6.114 5.924
4.0621 7.289 7.339 7.264 7.071 6.929 6.79 7.15 7.049 6.926 6.784 6.644 6.495 7.054 6.881 6.709 6.589 6.478 6.817 6.675 6.555 6.456 6.288 6.266 6.097 5.906
4.1601 7.274 7.323 7.248 7.055 6.913 6.774 7.134 7.033 6.91 6.769 6.628 6.479 7.038 6.865 6.693 6.573 6.462 6.802 6.659 6.539 6.44 6.272 6.25 6.081 5.89
4.2604 7.258 7.307 7.232 7.039 6.897 6.758 7.119 7.017 6.895 6.753 6.612 6.464 7.022 6.849 6.678 6.557 6.446 6.786 6.643 6.523 6.424 6.256 6.234 6.065 5.875
4.3632 7.242 7.291 7.216 7.023 6.881 6.742 7.103 7.001 6.879 6.737 6.596 6.448 7.006 6.834 6.662 6.541 6.43 6.77 6.627 6.507 6.408 6.24 6.218 6.049 5.859
4.4685 7.226 7.275 7.201 7.008 6.865 6.726 7.087 6.985 6.863 6.721 6.58 6.432 6.99 6.818 6.646 6.525 6.414 6.754 6.611 6.491 6.392 6.224 6.202 6.033 5.843
4.5763 7.21 7.259 7.185 6.992 6.849 6.71 7.071 6.969 6.847 6.705 6.565 6.416 6.974 6.802 6.63 6.509 6.399 6.738 6.595 6.476 6.377 6.208 6.187 6.017 5.827
4.6867 7.194 7.244 7.169 6.976 6.833 6.694 7.055 6.953 6.831 6.689 6.549 6.4 6.958 6.786 6.614 6.493 6.383 6.722 6.58 6.46 6.361 6.192 6.171 6.001 5.811
4.7997 7.178 7.228 7.153 6.96 6.818 6.678 7.039 6.938 6.815 6.673 6.533 6.384 6.943 6.77 6.598 6.477 6.367 6.706 6.564 6.444 6.345 6.177 6.155 5.986 5.795
4.9155 7.162 7.212 7.137 6.944 6.802 6.663 7.023 6.922 6.799 6.657 6.517 6.368 6.927 6.754 6.582 6.462 6.351 6.69 6.548 6.428 6.329 6.161 6.139 5.97 5.779
5.0341 7.147 7.196 7.121 6.928 6.786 6.647 7.007 6.906 6.783 6.641 6.501 6.352 6.911 6.738 6.566 6.446 6.335 6.674 6.532 6.412 6.313 6.145 6.123 5.954 5.763
5.1555 7.132 7.181 7.106 6.913 6.771 6.632 6.993 6.891 6.769 6.627 6.486 6.338 6.896 6.723 6.552 6.431 6.32 6.66 6.517 6.397 6.298 6.13 6.108 5.939 5.749
5.2799 7.117 7.167 7.092 6.899 6.757 6.617 6.978 6.877 6.754 6.612 6.472 6.323 6.882 6.709 6.537 6.417 6.306 6.645 6.503 6.383 6.284 6.116 6.094 5.925 5.734
5.4072 7.103 7.152 7.078 6.885 6.742 6.603 6.964 6.862 6.74 6.598 6.458 6.309 6.867 6.695 6.523 6.402 6.292 6.631 6.488 6.369 6.27 6.101 6.08 5.91 5.72
5.5377 7.089 7.138 7.063 6.87 6.728 6.589 6.95 6.848 6.726 6.584 6.443 6.295 6.853 6.68 6.509 6.388 6.277 6.617 6.474 6.354 6.255 6.087 6.065 5.896 5.706
5.6713 7.074 7.124 7.049 6.856 6.714 6.574 6.935 6.834 6.711 6.569 6.429 6.28 6.839 6.666 6.494 6.374 6.263 6.602 6.46 6.34 6.241 6.073 6.051 5.882 5.691
5.8081 7.06 7.109 7.035 6.842 6.699 6.56 6.921 6.819 6.697 6.555 6.415 6.266 6.824 6.652 6.48 6.359 6.249 6.588 6.445 6.326 6.227 6.058 6.037 5.867 5.677
5.9482 7.046 7.095 7.02 6.827 6.685 6.546 6.907 6.805 6.683 6.541 6.4 6.252 6.81 6.637 6.466 6.345 6.234 6.574 6.431 6.311 6.212 6.044 6.022 5.853 5.663
6.0917 7.031 7.081 7.006 6.813 6.671 6.531 6.892 6.791 6.668 6.526 6.386 6.237 6.796 6.623 6.451 6.331 6.22 6.559 6.417 6.297 6.198 6.03 6.008 5.839 5.648
6.2386 7.017 7.066 6.992 6.799 6.656 6.517 6.878 6.776 6.654 6.512 6.371 6.223 6.781 6.609 6.437 6.316 6.206 6.545 6.402 6.283 6.184 6.015 5.994 5.824 5.634
6.3891 7.003 7.052 6.977 6.784 6.642 6.503 6.864 6.762 6.64 6.498 6.357 6.209 6.767 6.594 6.423 6.302 6.191 6.531 6.388 6.268 6.169 6.001 5.979 5.81 5.62
6.5433 6.991 7.04 6.965 6.772 6.63 6.491 6.851 6.75 6.627 6.485 6.345 6.196 6.755 6.582 6.41 6.29 6.179 6.518 6.376 6.256 6.157 5.989 5.967 5.798 5.607
6.7011 6.979 7.028 6.953 6.76 6.618 6.479 6.84 6.738 6.616 6.474 6.333 6.185 6.743 6.571 6.399 6.278 6.167 6.507 6.364 6.244 6.145 5.977 5.955 5.786 5.596
6.8627 6.967 7.017 6.942 6.749 6.606 6.467 6.828 6.726 6.604 6.462 6.322 6.173 6.731 6.559 6.387 6.266 6.156 6.495 6.352 6.233 6.134 5.965 5.944 5.774 5.584
7.0283 6.955 7.005 6.93 6.737 6.595 6.455 6.816 6.715 6.592 6.45 6.31 6.161 6.72 6.547 6.375 6.254 6.144 6.483 6.341 6.221 6.122 5.954 5.932 5.763 5.572
7.1978 6.944 6.993 6.918 6.725 6.583 6.444 6.805 6.703 6.58 6.439 6.298 6.15 6.708 6.535 6.363 6.243 6.132 6.472 6.329 6.209 6.11 5.942 5.92 5.751 5.56
7.3715 6.932 6.981 6.906 6.714 6.571 6.432 6.793 6.691 6.569 6.427 6.286 6.138 6.696 6.524 6.352 6.231 6.12 6.46 6.317 6.197 6.098 5.93 5.908 5.739 5.549
7.5493 6.92 6.97 6.895 6.702 6.559 6.42 6.781 6.679 6.557 6.415 6.275 6.126 6.684 6.512 6.34 6.219 6.109 6.448 6.306 6.186 6.087 5.918 5.897 5.727 5.537
7.7314 6.908 6.958 6.883 6.69 6.548 6.409 6.769 6.668 6.545 6.403 6.263 6.114 6.673 6.5 6.328 6.208 6.097 6.436 6.294 6.174 6.075 5.907 5.885 5.716 5.525
7.9179 6.897 6.946 6.871 6.678 6.536 6.397 6.758 6.656 6.533 6.392 6.251 6.103 6.661 6.488 6.317 6.196 6.085 6.425 6.282 6.162 6.063 5.895 5.873 5.704 5.514
8.1089 6.885 6.934 6.86 6.667 6.524 6.385 6.746 6.644 6.522 6.38 6.239 6.091 6.649 6.477 6.305 6.184 6.073 6.413 6.27 6.15 6.051 5.883 5.861 5.692 5.502
8.3045 6.872 6.921 6.846 6.654 6.511 6.372 6.733 6.631 6.509 6.367 6.226 6.078 6.636 6.464 6.292 6.171 6.06 6.4 6.257 6.137 6.038 5.87 5.848 5.679 5.489
8.5049 6.859 6.908 6.833 6.64 6.498 6.359 6.72 6.618 6.496 6.354 6.213 6.065 6.623 6.451 6.279 6.158 6.047 6.387 6.244 6.124 6.025 5.857 5.835 5.666 5.476
8.71 6.846 6.895 6.82 6.627 6.485 6.346 6.707 6.605 6.483 6.341 6.2 6.052 6.61 6.437 6.266 6.145 6.034 6.374 6.231 6.111 6.012 5.844 5.822 5.653 5.463
8.9201 6.833 6.882 6.807 6.614 6.472 6.333 6.694 6.592 6.469 6.328 6.187 6.039 6.597 6.424 6.253 6.132 6.021 6.361 6.218 6.098 5.999 5.831 5.809 5.64 5.45
9.1353 6.82 6.869 6.794 6.601 6.459 6.32 6.681 6.579 6.456 6.315 6.174 6.026 6.584 6.411 6.239 6.119 6.008 6.348 6.205 6.085 5.986 5.818 5.796 5.627 5.436
9.3557 6.807 6.856 6.781 6.588 6.446 6.307 6.667 6.566 6.443 6.301 6.161 6.012 6.571 6.398 6.226 6.106 5.995 6.334 6.192 6.072 5.973 5.805 5.783 5.614 5.423
9.5814 6.793 6.843 6.768 6.575 6.433 6.294 6.654 6.553 6.43 6.288 6.148 5.999 6.558 6.385 6.213 6.093 5.982 6.321 6.179 6.059 5.96 5.792 5.77 5.601 5.41
9.8125 6.78 6.83 6.755 6.562 6.42 6.281 6.641 6.54 6.417 6.275 6.135 5.986 6.545 6.372 6.2 6.08 5.969 6.308 6.166 6.046 5.947 5.779 5.757 5.588 5.397
10.0492 6.767 6.817 6.742 6.549 6.407 6.267 6.628 6.527 6.404 6.262 6.122 5.973 6.532 6.359 6.187 6.066 5.956 6.295 6.153 6.033 5.934 5.766 5.744 5.575 5.384
10.2917 6.754 6.803 6.728 6.535 6.393 6.254 6.615 6.513 6.391 6.249 6.108 5.96 6.518 6.345 6.174 6.053 5.942 6.282 6.139 6.019 5.92 5.752 5.73 5.561 5.371
10.5399 6.737 6.787 6.712 6.519 6.376 6.237 6.598 6.496 6.374 6.232 6.092 5.943 6.501 6.329 6.157 6.036 5.926 6.265 6.123 6.003 5.904 5.735 5.714 5.544 5.354
10.7942 6.721 6.77 6.695 6.502 6.36 6.221 6.581 6.48 6.357 6.216 6.075 5.926 6.485 6.312 6.14 6.02 5.909 6.249 6.106 5.986 5.887 5.719 5.697 5.528 5.337
11.0546 6.704 6.753 6.679 6.486 6.343 6.204 6.565 6.463 6.341 6.199 6.058 5.91 6.468 6.296 6.124 6.003 5.892 6.232 6.089 5.969 5.87 5.702 5.68 5.511 5.321
11.3212 6.687 6.737 6.662 6.469 6.327 6.187 6.548 6.447 6.324 6.182 6.042 5.893 6.452 6.279 6.107 5.986 5.876 6.215 6.073 5.953 5.854 5.686 5.664 5.495 5.304
11.5943 6.671 6.72 6.645 6.452 6.31 6.171 6.532 6.43 6.308 6.166 6.025 5.877 6.435 6.262 6.091 5.97 5.859 6.199 6.056 5.936 5.837 5.669 5.647 5.478 5.288
11.874 6.654 6.704 6.629 6.436 6.293 6.154 6.515 6.413 6.291 6.149 6.009 5.86 6.418 6.246 6.074 5.953 5.843 6.182 6.039 5.92 5.821 5.652 5.631 5.461 5.271
12.1605 6.637 6.687 6.612 6.419 6.277 6.138 6.498 6.397 6.274 6.132 5.992 5.843 6.402 6.229 6.057 5.937 5.826 6.165 6.023 5.903 5.804 5.636 5.614 5.445 5.254
12.4538 6.621 6.67 6.595 6.402 6.26 6.121 6.482 6.38 6.258 6.116 5.975 5.827 6.385 6.213 6.041 5.92 5.809 6.149 6.006 5.886 5.787 5.619 5.597 5.428 5.238
12.7542 6.604 6.654 6.579 6.386 6.243 6.104 6.465 6.363 6.241 6.099 5.959 5.81 6.369 6.196 6.024 5.903 5.793 6.132 5.99 5.87 5.771 5.602 5.581 5.411 5.221
13.0619 6.588 6.638 6.563 6.37 6.228 6.089 6.449 6.348 6.225 6.083 5.943 5.794 6.353 6.18 6.008 5.888 5.777 6.116 5.974 5.854 5.755 5.587 5.565 5.396 5.205
13.377 6.575 6.625 6.55 6.357 6.214 6.075 6.436 6.334 6.212 6.07 5.93 5.781 6.339 6.167 5.995 5.874 5.764 6.103 5.961 5.841 5.742 5.573 5.552 5.382 5.192
13.6997 6.562 6.611 6.536 6.343 6.201 6.062 6.423 6.321 6.199 6.057 5.916 5.768 6.326 6.153 5.982 5.861 5.75 6.09 5.947 5.827 5.728 5.56 5.538 5.369 5.179
14.0302 6.548 6.598 6.523 6.33 6.188 6.048 6.409 6.308 6.185 6.043 5.903 5.754 6.313 6.14 5.968 5.848 5.737 6.076 5.934 5.814 5.715 5.547 5.525 5.356 5.165
14.3686 6.535 6.584 6.51 6.317 6.174 6.035 6.396 6.294 6.172 6.03 5.889 5.741 6.299 6.127 5.955 5.834 5.724 6.063 5.92 5.801 5.702 5.533 5.512 5.342 5.152
14.7153 6.522 6.571 6.496 6.303 6.161 6.022 6.383 6.281 6.158 6.017 5.876 5.728 6.286 6.113 5.941 5.821 5.71 6.05 5.907 5.787 5.688 5.52 5.498 5.329 5.139
15.0702 6.508 6.558 6.483 6.29 6.147 6.008 6.369 6.268 6.145 6.003 5.863 5.714 6.273 6.1 5.928 5.807 5.697 6.036 5.894 5.774 5.675 5.507 5.485 5.315 5.125
15.4338 6.495 6.544 6.469 6.277 6.134 5.995 6.356 6.254 6.132 5.99 5.849 5.701 6.259 6.087 5.915 5.794 5.683 6.023 5.88 5.76 5.661 5.493 5.471 5.302 5.112
15.8061 6.481 6.531 6.456 6.263 6.121 5.982 6.342 6.241 6.118 5.976 5.836 5.687 6.246 6.073 5.901 5.781 5.67 6.009 5.867 5.747 5.648 5.48 5.458 5.289 5.098
16.1874 6.468 6.518 6.443 6.25 6.107 5.968 6.329 6.227 6.105 5.963 5.823 5.674 6.232 6.06 5.888 5.767 5.657 5.996 5.854 5.734 5.635 5.466 5.445 5.275 5.085
16.5779 6.454 6.503 6.428 6.235 6.093 5.954 6.315 6.213 6.09 5.949 5.808 5.66 6.218 6.045 5.873 5.753 5.642 5.982 5.839 5.719 5.62 5.452 5.43 5.261 5.071
16.9778 6.438 6.487 6.412 6.219 6.077 5.938 6.298 6.197 6.074 5.932 5.792 5.643 6.202 6.029 5.857 5.737 5.626 5.965 5.823 5.703 5.604 5.436 5.414 5.245 5.054
17.3873 6.421 6.471 6.396 6.203 6.061 5.922 6.282 6.181 6.058 5.916 5.776 5.627 6.186 6.013 5.841 5.721 5.61 5.949 5.807 5.687 5.588 5.42 5.398 5.229 5.038
17.8068 6.405 6.455 6.38 6.187 6.045 5.905 6.266 6.165 6.042 5.9 5.76 5.611 6.17 5.997 5.825 5.704 5.594 5.933 5.791 5.671 5.572 5.404 5.382 5.213 5.022
18.2363 6.389 6.439 6.364 6.171 6.028 5.889 6.25 6.148 6.026 5.884 5.744 5.595 6.154 5.981 5.809 5.688 5.578 5.917 5.775 5.655 5.556 5.387 5.366 5.196 5.006
18.6762 6.373 6.423 6.348 6.155 6.012 5.873 6.234 6.132 6.01 5.868 5.728 5.579 6.137 5.965 5.793 5.672 5.562 5.901 5.759 5.639 5.54 5.371 5.35 5.18 4.99
19.1268 6.357 6.406 6.332 6.139 5.996 5.857 6.218 6.116 5.994 5.852 5.711 5.563 6.121 5.949 5.777 5.656 5.546 5.885 5.742 5.623 5.524 5.355 5.334 5.164 4.974
19.5882 6.341 6.39 6.316 6.123 5.98 5.841 6.202 6.1 5.978 5.836 5.695 5.547 6.105 5.933 5.761 5.64 5.529 5.869 5.726 5.606 5.507 5.339 5.317 5.148 4.958
20.0607 6.325 6.374 6.299 6.106 5.964 5.825 6.186 6.084 5.962 5.82 5.679 5.531 6.089 5.917 5.745 5.624 5.513 5.853 5.71 5.59 5.491 5.323 5.301 5.132 4.942
20.5446 6.309 6.358 6.283 6.09 5.948 5.809 6.17 6.068 5.946 5.804 5.663 5.515 6.073 5.9 5.729 5.608 5.497 5.837 5.694 5.574 5.475 5.307 5.285 5.116 4.926
21.0402 6.295 6.344 6.269 6.076 5.934 5.795 6.156 6.054 5.931 5.79 5.649 5.501 6.059 5.886 5.714 5.594 5.483 5.823 5.68 5.56 5.461 5.293 5.271 5.102 4.912
21.5478 6.282 6.332 6.257 6.064 5.921 5.782 6.143 6.041 5.919 5.777 5.637 5.488 6.046 5.874 5.702 5.581 5.471 5.81 5.668 5.548 5.449 5.28 5.259 5.089 4.899
22.0676 6.27 6.319 6.244 6.051 5.909 5.77 6.131 6.029 5.906 5.765 5.624 5.476 6.034 5.861 5.689 5.569 5.458 5.798 5.655 5.535 5.436 5.268 5.246 5.077 4.886
22.5999 6.257 6.307 6.232 6.039 5.896 5.757 6.118 6.016 5.894 5.752 5.612 5.463 6.021 5.849 5.677 5.556 5.446 5.785 5.642 5.523 5.424 5.255 5.234 5.064 4.874
23.1451 6.245 6.294 6.219 6.026 5.884 5.745 6.105 6.004 5.881 5.74 5.599 5.45 6.009 5.836 5.664 5.544 5.433 5.773 5.63 5.51 5.411 5.243 5.221 5.052 4.861
23.7034 6.232 6.281 6.207 6.014 5.871 5.732 6.093 5.991 5.869 5.727 5.587 5.438 5.996 5.824 5.652 5.531 5.421 5.76 5.617 5.498 5.399 5.23 5.209 5.039 4.849
