web/models/kne.last_good/kappa_0.5_3.0.v1/39/villar_0.1775_0.1710_3.0000.dat
# %ECSV 1.0
# ---
# datatype:
# - {name: time, datatype: float64}
# - {name: swift_uvot_uvw2, datatype: float64}
# - {name: swift_uvot_uvm2, datatype: float64}
# - {name: swift_uvot_uvw1, datatype: float64}
# - {name: swift_uvot_U, datatype: float64}
# - {name: swift_uvot_B, datatype: float64}
# - {name: swift_uvot_V, datatype: float64}
# - {name: swift_uvot_W, datatype: float64}
# - {name: johnson_U, datatype: float64}
# - {name: johnson_B, datatype: float64}
# - {name: johnson_V, datatype: float64}
# - {name: johnson_R, datatype: float64}
# - {name: johnson_I, datatype: float64}
# - {name: sdss_u, datatype: float64}
# - {name: sdss_g, datatype: float64}
# - {name: sdss_r, datatype: float64}
# - {name: sdss_i, datatype: float64}
# - {name: sdss_z, datatype: float64}
# - {name: PS1_g, datatype: float64}
# - {name: PS1_r, datatype: float64}
# - {name: PS1_i, datatype: float64}
# - {name: PS1_z, datatype: float64}
# - {name: PS1_Y, datatype: float64}
# - {name: PS1_w, datatype: float64}
# - {name: ATLAS_c, datatype: float64}
# - {name: ATLAS_o, datatype: float64}
# - {name: ukirt_J, datatype: float64}
# - {name: ukirt_H, datatype: float64}
# - {name: ukirt_K, datatype: float64}
# - {name: Clear, datatype: float64}
# meta: !!omap
# - comment: [kappa = 3.0, type = villar, mass = 0.1774768329891343, velocity = 0.17100000000000004, theta_obs = 0.0]
# schema: astropy-2.0
time swift_uvot_uvw2 swift_uvot_uvm2 swift_uvot_uvw1 swift_uvot_U swift_uvot_B swift_uvot_V swift_uvot_W johnson_U johnson_B johnson_V johnson_R johnson_I sdss_u sdss_g sdss_r sdss_i sdss_z PS1_g PS1_r PS1_i PS1_z PS1_Y PS1_w ATLAS_c ATLAS_o ukirt_J ukirt_H ukirt_K Clear
[from data line 77]
0.009917 -10.375 -10.203 -10.082 -9.706 -9.371 -9.004 -9.927 -9.657 -9.367 -8.994 -8.614 -8.171 -9.667 -9.254 -8.784 -8.436 -8.106 -9.246 -8.832 -8.497 -8.292 -8.326 -8.844 -9.071 -8.642 -7.444 -6.903 -6.278 -8.921
0.010217 -10.416 -10.247 -10.127 -9.755 -9.421 -9.056 -9.972 -9.706 -9.418 -9.045 -8.666 -8.224 -9.716 -9.305 -8.836 -8.488 -8.159 -9.296 -8.883 -8.549 -8.343 -8.375 -8.896 -9.122 -8.694 -7.498 -6.958 -6.332 -8.972
0.010526 -10.457 -10.291 -10.173 -9.804 -9.472 -9.107 -10.018 -9.755 -9.468 -9.097 -8.719 -8.277 -9.765 -9.356 -8.888 -8.541 -8.212 -9.346 -8.934 -8.601 -8.394 -8.424 -8.948 -9.173 -8.746 -7.552 -7.012 -6.387 -9.023
0.010845 -10.498 -10.334 -10.218 -9.852 -9.522 -9.159 -10.063 -9.804 -9.518 -9.148 -8.771 -8.33 -9.813 -9.406 -8.94 -8.594 -8.265 -9.396 -8.986 -8.653 -8.445 -8.473 -8.999 -9.225 -8.798 -7.605 -7.066 -6.441 -9.075
0.011173 -10.538 -10.378 -10.263 -9.901 -9.572 -9.21 -10.108 -9.853 -9.568 -9.199 -8.823 -8.383 -9.862 -9.457 -8.992 -8.646 -8.318 -9.447 -9.037 -8.704 -8.497 -8.521 -9.051 -9.276 -8.85 -7.659 -7.12 -6.496 -9.126
0.011511 -10.578 -10.421 -10.307 -9.949 -9.622 -9.261 -10.153 -9.901 -9.618 -9.25 -8.875 -8.436 -9.911 -9.507 -9.044 -8.699 -8.371 -9.497 -9.088 -8.756 -8.548 -8.57 -9.102 -9.326 -8.902 -7.713 -7.175 -6.55 -9.177
0.011859 -10.618 -10.464 -10.352 -9.997 -9.672 -9.312 -10.197 -9.95 -9.668 -9.302 -8.927 -8.489 -9.959 -9.557 -9.095 -8.751 -8.424 -9.546 -9.139 -8.807 -8.599 -8.619 -9.153 -9.377 -8.954 -7.766 -7.229 -6.605 -9.228
0.012217 -10.658 -10.507 -10.396 -10.045 -9.721 -9.363 -10.242 -9.998 -9.717 -9.353 -8.979 -8.542 -10.007 -9.607 -9.147 -8.803 -8.477 -9.596 -9.19 -8.858 -8.65 -8.668 -9.204 -9.428 -9.006 -7.82 -7.283 -6.659 -9.278
0.012587 -10.697 -10.55 -10.441 -10.093 -9.771 -9.414 -10.286 -10.046 -9.767 -9.404 -9.031 -8.594 -10.055 -9.657 -9.199 -8.855 -8.53 -9.646 -9.241 -8.91 -8.701 -8.717 -9.256 -9.478 -9.058 -7.874 -7.337 -6.714 -9.329
0.012968 -10.737 -10.593 -10.485 -10.141 -9.82 -9.465 -10.331 -10.094 -9.817 -9.454 -9.082 -8.647 -10.103 -9.707 -9.25 -8.908 -8.582 -9.696 -9.291 -8.961 -8.752 -8.765 -9.307 -9.529 -9.11 -7.927 -7.391 -6.768 -9.38
0.01336 -10.776 -10.635 -10.528 -10.189 -9.87 -9.516 -10.375 -10.142 -9.866 -9.505 -9.134 -8.699 -10.151 -9.757 -9.301 -8.96 -8.635 -9.745 -9.342 -9.012 -8.803 -8.814 -9.358 -9.579 -9.161 -7.981 -7.444 -6.822 -9.431
0.013764 -10.814 -10.677 -10.572 -10.236 -9.919 -9.566 -10.418 -10.19 -9.915 -9.556 -9.186 -8.752 -10.199 -9.807 -9.352 -9.012 -8.688 -9.795 -9.393 -9.063 -8.854 -8.863 -9.408 -9.63 -9.213 -8.034 -7.498 -6.876 -9.481
0.01418 -10.853 -10.719 -10.616 -10.284 -9.968 -9.617 -10.462 -10.238 -9.965 -9.606 -9.237 -8.804 -10.247 -9.857 -9.404 -9.064 -8.74 -9.844 -9.443 -9.114 -8.904 -8.911 -9.459 -9.68 -9.264 -8.087 -7.552 -6.93 -9.532
0.014609 -10.892 -10.761 -10.659 -10.331 -10.017 -9.667 -10.506 -10.285 -10.014 -9.657 -9.289 -8.857 -10.294 -9.906 -9.455 -9.115 -8.793 -9.893 -9.494 -9.165 -8.955 -8.96 -9.51 -9.73 -9.316 -8.141 -7.606 -6.985 -9.582
0.015051 -10.93 -10.803 -10.702 -10.378 -10.066 -9.718 -10.549 -10.333 -10.063 -9.707 -9.34 -8.909 -10.342 -9.956 -9.506 -9.167 -8.845 -9.943 -9.544 -9.216 -9.006 -9.009 -9.561 -9.78 -9.367 -8.194 -7.66 -7.039 -9.632
0.015506 -10.968 -10.844 -10.745 -10.425 -10.115 -9.768 -10.592 -10.38 -10.112 -9.758 -9.391 -8.961 -10.389 -10.005 -9.557 -9.219 -8.897 -9.992 -9.595 -9.267 -9.057 -9.057 -9.611 -9.83 -9.418 -8.247 -7.713 -7.093 -9.682
0.015975 -11.006 -10.885 -10.788 -10.472 -10.164 -9.818 -10.635 -10.427 -10.16 -9.808 -9.443 -9.013 -10.436 -10.054 -9.608 -9.271 -8.95 -10.041 -9.645 -9.318 -9.107 -9.106 -9.662 -9.88 -9.469 -8.3 -7.767 -7.147 -9.732
0.016458 -11.043 -10.926 -10.83 -10.519 -10.213 -9.868 -10.678 -10.474 -10.209 -9.858 -9.494 -9.065 -10.483 -10.103 -9.658 -9.322 -9.002 -10.09 -9.695 -9.369 -9.158 -9.154 -9.712 -9.93 -9.52 -8.353 -7.82 -7.201 -9.782
0.016956 -11.081 -10.967 -10.873 -10.565 -10.261 -9.918 -10.721 -10.521 -10.258 -9.908 -9.545 -9.117 -10.53 -10.152 -9.709 -9.374 -9.054 -10.139 -9.745 -9.42 -9.208 -9.203 -9.762 -9.98 -9.571 -8.406 -7.874 -7.255 -9.832
0.017469 -11.118 -11.007 -10.915 -10.612 -10.31 -9.968 -10.763 -10.568 -10.306 -9.958 -9.596 -9.169 -10.577 -10.201 -9.76 -9.425 -9.106 -10.187 -9.795 -9.47 -9.259 -9.251 -9.812 -10.029 -9.622 -8.459 -7.928 -7.309 -9.882
0.017997 -11.155 -11.048 -10.957 -10.658 -10.358 -10.018 -10.806 -10.615 -10.354 -10.008 -9.647 -9.221 -10.624 -10.25 -9.81 -9.477 -9.158 -10.236 -9.845 -9.521 -9.309 -9.3 -9.863 -10.079 -9.673 -8.512 -7.981 -7.363 -9.932
0.018541 -11.191 -11.088 -10.999 -10.704 -10.406 -10.068 -10.848 -10.661 -10.403 -10.058 -9.698 -9.273 -10.67 -10.299 -9.861 -9.528 -9.21 -10.285 -9.895 -9.572 -9.36 -9.348 -9.913 -10.128 -9.724 -8.565 -8.034 -7.417 -9.982
0.019102 -11.228 -11.128 -11.041 -10.75 -10.455 -10.118 -10.89 -10.708 -10.451 -10.108 -9.749 -9.325 -10.717 -10.348 -9.911 -9.58 -9.262 -10.333 -9.945 -9.622 -9.41 -9.397 -9.963 -10.178 -9.775 -8.618 -8.088 -7.47 -10.031
0.01968 -11.264 -11.167 -11.082 -10.796 -10.503 -10.167 -10.932 -10.754 -10.499 -10.157 -9.799 -9.377 -10.763 -10.396 -9.962 -9.631 -9.314 -10.381 -9.995 -9.673 -9.461 -9.445 -10.012 -10.227 -9.826 -8.671 -8.141 -7.524 -10.081
0.020275 -11.3 -11.207 -11.123 -10.842 -10.551 -10.217 -10.974 -10.8 -10.547 -10.207 -9.85 -9.428 -10.809 -10.445 -10.012 -9.682 -9.366 -10.43 -10.045 -9.723 -9.511 -9.494 -10.062 -10.276 -9.876 -8.724 -8.195 -7.578 -10.13
0.020888 -11.336 -11.246 -11.164 -10.888 -10.598 -10.266 -11.015 -10.846 -10.595 -10.256 -9.901 -9.48 -10.855 -10.493 -10.062 -9.733 -9.418 -10.478 -10.094 -9.774 -9.561 -9.542 -10.112 -10.325 -9.927 -8.776 -8.248 -7.632 -10.179
0.02152 -11.372 -11.285 -11.205 -10.933 -10.646 -10.316 -11.057 -10.892 -10.642 -10.306 -9.951 -9.531 -10.901 -10.542 -10.112 -9.784 -9.469 -10.526 -10.144 -9.824 -9.612 -9.591 -10.162 -10.374 -9.977 -8.829 -8.301 -7.685 -10.229
0.022171 -11.407 -11.324 -11.246 -10.979 -10.694 -10.365 -11.098 -10.938 -10.69 -10.355 -10.002 -9.583 -10.947 -10.59 -10.162 -9.835 -9.521 -10.574 -10.194 -9.874 -9.662 -9.639 -10.211 -10.423 -10.028 -8.882 -8.354 -7.739 -10.278
0.022841 -11.442 -11.363 -11.287 -11.024 -10.741 -10.414 -11.139 -10.984 -10.738 -10.404 -10.052 -9.634 -10.992 -10.638 -10.212 -9.886 -9.573 -10.622 -10.243 -9.924 -9.712 -9.688 -10.261 -10.472 -10.078 -8.934 -8.407 -7.793 -10.327
0.023532 -11.477 -11.401 -11.327 -11.069 -10.789 -10.464 -11.18 -11.029 -10.785 -10.454 -10.102 -9.686 -11.038 -10.686 -10.262 -9.937 -9.624 -10.67 -10.292 -9.974 -9.762 -9.736 -10.31 -10.521 -10.128 -8.987 -8.461 -7.846 -10.376
0.024244 -11.511 -11.439 -11.367 -11.114 -10.836 -10.513 -11.22 -11.075 -10.832 -10.503 -10.153 -9.737 -11.083 -10.734 -10.312 -9.988 -9.676 -10.718 -10.342 -10.025 -9.812 -9.784 -10.359 -10.569 -10.178 -9.04 -8.514 -7.9 -10.425
0.024977 -11.546 -11.477 -11.407 -11.159 -10.883 -10.562 -11.261 -11.12 -10.88 -10.552 -10.203 -9.788 -11.128 -10.782 -10.362 -10.038 -9.727 -10.765 -10.391 -10.075 -9.862 -9.833 -10.409 -10.618 -10.229 -9.092 -8.567 -7.953 -10.474
0.025733 -11.58 -11.515 -11.447 -11.204 -10.93 -10.61 -11.301 -11.165 -10.927 -10.6 -10.253 -9.84 -11.174 -10.829 -10.411 -10.089 -9.779 -10.813 -10.44 -10.125 -9.912 -9.881 -10.458 -10.666 -10.279 -9.145 -8.62 -8.007 -10.522
0.026511 -11.614 -11.552 -11.486 -11.249 -10.977 -10.659 -11.341 -11.21 -10.974 -10.649 -10.303 -9.891 -11.218 -10.877 -10.461 -10.14 -9.83 -10.86 -10.489 -10.175 -9.962 -9.929 -10.507 -10.715 -10.329 -9.197 -8.673 -8.06 -10.571
0.027313 -11.647 -11.59 -11.526 -11.293 -11.024 -10.708 -11.381 -11.255 -11.021 -10.698 -10.353 -9.942 -11.263 -10.924 -10.51 -10.19 -9.881 -10.908 -10.538 -10.225 -10.012 -9.978 -10.556 -10.763 -10.378 -9.249 -8.726 -8.114 -10.62
0.028139 -11.681 -11.627 -11.565 -11.337 -11.071 -10.757 -11.421 -11.3 -11.067 -10.747 -10.403 -9.993 -11.308 -10.972 -10.56 -10.241 -9.932 -10.955 -10.587 -10.274 -10.062 -10.026 -10.605 -10.811 -10.428 -9.302 -8.779 -8.167 -10.668
0.02899 -11.714 -11.663 -11.604 -11.381 -11.118 -10.805 -11.461 -11.344 -11.114 -10.795 -10.453 -10.044 -11.353 -11.019 -10.609 -10.291 -9.984 -11.002 -10.636 -10.324 -10.112 -10.074 -10.654 -10.859 -10.478 -9.354 -8.832 -8.221 -10.716
0.029867 -11.747 -11.7 -11.643 -11.425 -11.164 -10.853 -11.5 -11.389 -11.161 -10.844 -10.503 -10.095 -11.397 -11.066 -10.658 -10.341 -10.035 -11.049 -10.685 -10.374 -10.162 -10.123 -10.703 -10.907 -10.528 -9.406 -8.884 -8.274 -10.765
0.03077 -11.78 -11.736 -11.681 -11.469 -11.211 -10.902 -11.539 -11.433 -11.207 -10.892 -10.552 -10.146 -11.441 -11.113 -10.708 -10.392 -10.086 -11.096 -10.734 -10.424 -10.212 -10.171 -10.751 -10.955 -10.577 -9.458 -8.937 -8.327 -10.813
0.031701 -11.812 -11.772 -11.719 -11.513 -11.257 -10.95 -11.578 -11.477 -11.253 -10.94 -10.602 -10.197 -11.485 -11.16 -10.757 -10.442 -10.137 -11.143 -10.783 -10.473 -10.262 -10.219 -10.8 -11.003 -10.627 -9.51 -8.99 -8.381 -10.861
0.032659 -11.844 -11.808 -11.757 -11.557 -11.303 -10.998 -11.617 -11.521 -11.3 -10.989 -10.651 -10.247 -11.529 -11.207 -10.806 -10.492 -10.188 -11.19 -10.831 -10.523 -10.311 -10.268 -10.848 -11.051 -10.676 -9.563 -9.043 -8.434 -10.909
0.033647 -11.876 -11.844 -11.795 -11.6 -11.349 -11.046 -11.656 -11.565 -11.346 -11.037 -10.701 -10.298 -11.573 -11.254 -10.855 -10.542 -10.239 -11.237 -10.88 -10.572 -10.361 -10.316 -10.897 -11.098 -10.726 -9.615 -9.095 -8.487 -10.957
0.034665 -11.907 -11.879 -11.833 -11.643 -11.395 -11.094 -11.695 -11.609 -11.392 -11.085 -10.75 -10.349 -11.617 -11.301 -10.904 -10.592 -10.289 -11.284 -10.928 -10.622 -10.411 -10.364 -10.945 -11.146 -10.775 -9.667 -9.148 -8.54 -11.005
0.035713 -11.939 -11.914 -11.87 -11.686 -11.441 -11.142 -11.733 -11.652 -11.437 -11.133 -10.8 -10.399 -11.66 -11.347 -10.952 -10.642 -10.34 -11.33 -10.977 -10.671 -10.46 -10.412 -10.993 -11.193 -10.824 -9.719 -9.201 -8.594 -11.053
0.036793 -11.97 -11.949 -11.908 -11.729 -11.487 -11.19 -11.771 -11.696 -11.483 -11.18 -10.849 -10.45 -11.704 -11.393 -11.001 -10.692 -10.391 -11.376 -11.025 -10.72 -10.51 -10.461 -11.041 -11.241 -10.873 -9.771 -9.253 -8.647 -11.1
0.037906 -12.001 -11.983 -11.945 -11.772 -11.532 -11.238 -11.809 -11.739 -11.529 -11.228 -10.898 -10.5 -11.747 -11.44 -11.05 -10.742 -10.442 -11.423 -11.073 -10.77 -10.559 -10.509 -11.089 -11.288 -10.922 -9.822 -9.306 -8.7 -11.148
0.039052 -12.031 -12.018 -11.981 -11.815 -11.578 -11.285 -11.847 -11.782 -11.574 -11.276 -10.947 -10.551 -11.79 -11.486 -11.098 -10.791 -10.492 -11.469 -11.121 -10.819 -10.609 -10.557 -11.137 -11.335 -10.971 -9.874 -9.358 -8.753 -11.195
0.040234 -12.061 -12.052 -12.018 -11.857 -11.623 -11.333 -11.884 -11.825 -11.62 -11.323 -10.996 -10.601 -11.833 -11.532 -11.147 -10.841 -10.543 -11.515 -11.169 -10.868 -10.658 -10.605 -11.185 -11.382 -11.02 -9.926 -9.411 -8.806 -11.243
0.04145 -12.091 -12.085 -12.054 -11.9 -11.668 -11.38 -11.922 -11.868 -11.665 -11.371 -11.045 -10.651 -11.876 -11.578 -11.195 -10.891 -10.593 -11.561 -11.217 -10.917 -10.707 -10.653 -11.233 -11.429 -11.069 -9.978 -9.463 -8.859 -11.29
0.042704 -12.121 -12.119 -12.09 -11.942 -11.714 -11.428 -11.959 -11.911 -11.71 -11.418 -11.094 -10.702 -11.918 -11.624 -11.243 -10.94 -10.644 -11.607 -11.265 -10.966 -10.757 -10.701 -11.281 -11.476 -11.118 -10.03 -9.516 -8.912 -11.337
0.043996 -12.15 -12.152 -12.126 -11.984 -11.759 -11.475 -11.996 -11.953 -11.755 -11.465 -11.143 -10.752 -11.961 -11.67 -11.292 -10.99 -10.694 -11.653 -11.313 -11.015 -10.806 -10.749 -11.328 -11.523 -11.167 -10.081 -9.568 -8.965 -11.384
0.045326 -12.179 -12.185 -12.162 -12.026 -11.803 -11.522 -12.033 -11.996 -11.8 -11.512 -11.191 -10.802 -12.003 -11.715 -11.34 -11.039 -10.744 -11.698 -11.361 -11.064 -10.855 -10.798 -11.376 -11.569 -11.215 -10.133 -9.621 -9.018 -11.431
0.046697 -12.208 -12.217 -12.197 -12.067 -11.848 -11.569 -12.07 -12.038 -11.845 -11.56 -11.24 -10.852 -12.045 -11.761 -11.388 -11.088 -10.795 -11.744 -11.409 -11.113 -10.904 -10.846 -11.423 -11.616 -11.264 -10.185 -9.673 -9.071 -11.478
0.048109 -12.236 -12.25 -12.232 -12.109 -11.893 -11.616 -12.106 -12.08 -11.889 -11.606 -11.289 -10.902 -12.087 -11.806 -11.436 -11.138 -10.845 -11.789 -11.456 -11.162 -10.954 -10.894 -11.471 -11.662 -11.312 -10.236 -9.725 -9.124 -11.525
0.049564 -12.265 -12.282 -12.267 -12.15 -11.937 -11.663 -12.142 -12.122 -11.934 -11.653 -11.337 -10.952 -12.129 -11.851 -11.484 -11.187 -10.895 -11.835 -11.504 -11.21 -11.003 -10.942 -11.518 -11.708 -11.361 -10.288 -9.777 -9.177 -11.572
0.051063 -12.292 -12.314 -12.302 -12.191 -11.982 -11.709 -12.178 -12.164 -11.978 -11.7 -11.386 -11.002 -12.171 -11.897 -11.531 -11.236 -10.945 -11.88 -11.551 -11.259 -11.052 -10.99 -11.565 -11.755 -11.409 -10.339 -9.83 -9.23 -11.618
0.052608 -12.32 -12.345 -12.336 -12.232 -12.026 -11.756 -12.214 -12.205 -12.022 -11.747 -11.434 -11.051 -12.212 -11.942 -11.579 -11.285 -10.995 -11.925 -11.599 -11.308 -11.101 -11.038 -11.612 -11.801 -11.457 -10.39 -9.882 -9.283 -11.665
0.054199 -12.347 -12.376 -12.371 -12.273 -12.07 -11.803 -12.25 -12.246 -12.066 -11.793 -11.482 -11.101 -12.253 -11.987 -11.627 -11.334 -11.045 -11.97 -11.646 -11.356 -11.15 -11.086 -11.659 -11.847 -11.505 -10.442 -9.934 -9.335 -11.711
0.055838 -12.374 -12.407 -12.405 -12.314 -12.114 -11.849 -12.285 -12.288 -12.11 -11.84 -11.53 -11.151 -12.294 -12.031 -11.674 -11.383 -11.095 -12.015 -11.693 -11.405 -11.199 -11.134 -11.706 -11.893 -11.553 -10.493 -9.986 -9.388 -11.757
0.057527 -12.401 -12.438 -12.438 -12.354 -12.158 -11.895 -12.32 -12.329 -12.154 -11.886 -11.578 -11.2 -12.335 -12.076 -11.721 -11.432 -11.145 -12.06 -11.74 -11.453 -11.247 -11.182 -11.753 -11.938 -11.601 -10.544 -10.038 -9.441 -11.804
0.059267 -12.427 -12.468 -12.472 -12.394 -12.201 -11.941 -12.356 -12.37 -12.198 -11.932 -11.626 -11.25 -12.376 -12.12 -11.769 -11.48 -11.194 -12.104 -11.787 -11.501 -11.296 -11.229 -11.8 -11.984 -11.649 -10.596 -10.09 -9.494 -11.85
0.061059 -12.453 -12.498 -12.505 -12.435 -12.245 -11.988 -12.39 -12.41 -12.241 -11.978 -11.674 -11.299 -12.417 -12.165 -11.816 -11.529 -11.244 -12.149 -11.834 -11.55 -11.345 -11.277 -11.846 -12.03 -11.697 -10.647 -10.142 -9.546 -11.896
0.062906 -12.479 -12.528 -12.538 -12.474 -12.288 -12.034 -12.425 -12.451 -12.285 -12.024 -11.722 -11.349 -12.457 -12.209 -11.863 -11.578 -11.294 -12.193 -11.881 -11.598 -11.394 -11.325 -11.893 -12.075 -11.745 -10.698 -10.194 -9.599 -11.942
0.064808 -12.504 -12.557 -12.57 -12.514 -12.331 -12.079 -12.459 -12.491 -12.328 -12.07 -11.77 -11.398 -12.497 -12.253 -11.91 -11.626 -11.343 -12.238 -11.928 -11.646 -11.442 -11.373 -11.939 -12.12 -11.792 -10.749 -10.246 -9.652 -11.987
0.066769 -12.529 -12.586 -12.603 -12.554 -12.374 -12.125 -12.494 -12.531 -12.371 -12.116 -11.817 -11.447 -12.537 -12.297 -11.957 -11.675 -11.393 -12.282 -11.974 -11.694 -11.491 -11.421 -11.985 -12.165 -11.84 -10.8 -10.298 -9.704 -12.033
0.068788 -12.553 -12.615 -12.635 -12.593 -12.417 -12.171 -12.528 -12.571 -12.414 -12.162 -11.865 -11.497 -12.577 -12.341 -12.004 -11.723 -11.442 -12.326 -12.021 -11.742 -11.54 -11.469 -12.031 -12.21 -11.887 -10.851 -10.35 -9.757 -12.079
0.070868 -12.578 -12.643 -12.666 -12.632 -12.46 -12.216 -12.562 -12.611 -12.457 -12.207 -11.912 -11.546 -12.617 -12.385 -12.051 -11.771 -11.492 -12.37 -12.068 -11.79 -11.588 -11.516 -12.077 -12.255 -11.934 -10.902 -10.402 -9.809 -12.124
0.073012 -12.602 -12.671 -12.698 -12.671 -12.503 -12.262 -12.595 -12.65 -12.499 -12.253 -11.96 -11.595 -12.656 -12.428 -12.097 -11.819 -11.541 -12.413 -12.114 -11.838 -11.636 -11.564 -12.123 -12.3 -11.982 -10.953 -10.454 -9.862 -12.169
0.07522 -12.625 -12.699 -12.729 -12.71 -12.545 -12.307 -12.629 -12.69 -12.542 -12.298 -12.007 -11.644 -12.696 -12.472 -12.144 -11.868 -11.59 -12.457 -12.16 -11.886 -11.685 -11.612 -12.169 -12.345 -12.029 -11.004 -10.505 -9.914 -12.215
0.077495 -12.649 -12.727 -12.76 -12.748 -12.588 -12.352 -12.662 -12.729 -12.584 -12.343 -12.054 -11.693 -12.735 -12.515 -12.19 -11.916 -11.639 -12.501 -12.206 -11.933 -11.733 -11.659 -12.215 -12.39 -12.076 -11.055 -10.557 -9.967 -12.26
