web/models/grb/offaxis/11/grb_0.2967_0.0720_6.3095734.dat
# %ECSV 1.0
# ---
# datatype:
# - {name: time, datatype: float64}
# - {name: swift_uvot_uvw2, datatype: float64}
# - {name: swift_uvot_uvm2, datatype: float64}
# - {name: swift_uvot_uvw1, datatype: float64}
# - {name: swift_uvot_U, datatype: float64}
# - {name: swift_uvot_B, datatype: float64}
# - {name: swift_uvot_V, datatype: float64}
# - {name: swift_uvot_W, datatype: float64}
# - {name: johnson_U, datatype: float64}
# - {name: johnson_B, datatype: float64}
# - {name: johnson_V, datatype: float64}
# - {name: johnson_R, datatype: float64}
# - {name: johnson_I, datatype: float64}
# - {name: sdss_u, datatype: float64}
# - {name: sdss_g, datatype: float64}
# - {name: sdss_r, datatype: float64}
# - {name: sdss_i, datatype: float64}
# - {name: sdss_z, datatype: float64}
# - {name: PS1_g, datatype: float64}
# - {name: PS1_r, datatype: float64}
# - {name: PS1_i, datatype: float64}
# - {name: PS1_z, datatype: float64}
# - {name: PS1_Y, datatype: float64}
# - {name: PS1_w, datatype: float64}
# - {name: ATLAS_c, datatype: float64}
# - {name: ATLAS_o, datatype: float64}
# - {name: ukirt_J, datatype: float64}
# - {name: ukirt_H, datatype: float64}
# - {name: ukirt_K, datatype: float64}
# - {name: Clear, datatype: float64}
# meta: !!omap
# - comment: [E = 3.1231838447717776e-05, Eta0 = 8.02, GammaB = 12.0, dL = 0.012188, epsb = 6.760829753919819e-06, epse = 0.1, n = 6.30957344480193,
#     p = 2.15, theta_obs = 0.29670597283903605, xiN = 1.0, z = 0.0, type = grb, E_kiso = 0.07196856730011521]
# schema: astropy-2.0
time swift_uvot_uvw2 swift_uvot_uvm2 swift_uvot_uvw1 swift_uvot_U swift_uvot_B swift_uvot_V swift_uvot_W johnson_U johnson_B johnson_V johnson_R johnson_I sdss_u sdss_g sdss_r sdss_i sdss_z PS1_g PS1_r PS1_i PS1_z PS1_Y PS1_w ATLAS_c ATLAS_o ukirt_J ukirt_H ukirt_K Clear
[from data line 332]
27.3479 18.995 19.044 18.969 18.776 18.634 18.495 18.856 18.754 18.632 18.49 18.349 18.201 18.759 18.586 18.415 18.294 18.183 18.523 18.38 18.26 18.161 17.993 18.417 18.512 18.359 17.971 17.802 17.612 18.327
28.0077 19.308 19.358 19.283 19.09 18.948 18.808 19.169 19.068 18.945 18.803 18.663 18.514 19.073 18.9 18.728 18.607 18.497 18.836 18.694 18.574 18.475 18.307 18.73 18.826 18.673 18.285 18.116 17.925 18.64
28.6833 19.622 19.671 19.596 19.404 19.261 19.122 19.483 19.381 19.259 19.117 18.976 18.828 19.386 19.214 19.042 18.921 18.81 19.15 19.007 18.887 18.788 18.62 19.044 19.139 18.986 18.598 18.429 18.239 18.954
29.3752 19.935 19.985 19.91 19.717 19.575 19.436 19.796 19.695 19.572 19.43 19.29 19.141 19.7 19.527 19.355 19.235 19.124 19.463 19.321 19.201 19.102 18.934 19.358 19.453 19.3 18.912 18.743 18.552 19.267
30.0838 20.249 20.298 20.224 20.031 19.888 19.749 20.11 20.008 19.886 19.744 19.604 19.455 20.013 19.841 19.669 19.548 19.438 19.777 19.634 19.515 19.416 19.247 19.671 19.766 19.614 19.226 19.056 18.866 19.581
30.8096 20.563 20.612 20.537 20.344 20.202 20.063 20.424 20.322 20.199 20.058 19.917 19.768 20.327 20.154 19.982 19.862 19.751 20.091 19.948 19.828 19.729 19.561 19.985 20.08 19.927 19.539 19.37 19.179 19.894
31.5528 20.876 20.926 20.851 20.658 20.515 20.376 20.737 20.635 20.513 20.371 20.231 20.082 20.64 20.468 20.296 20.175 20.065 20.404 20.262 20.142 20.043 19.874 20.298 20.393 20.241 19.853 19.683 19.493 20.208
32.3139 21.19 21.239 21.164 20.971 20.829 20.69 21.051 20.949 20.827 20.685 20.544 20.396 20.954 20.781 20.61 20.489 20.378 20.718 20.575 20.455 20.356 20.188 20.612 20.707 20.554 20.166 19.997 19.807 20.522
33.0935 21.503 21.553 21.478 21.285 21.143 21.003 21.364 21.263 21.14 20.998 20.858 20.709 21.268 21.095 20.923 20.802 20.692 21.031 20.889 20.769 20.67 20.502 20.925 21.021 20.868 20.48 20.311 20.12 20.835
33.8918 21.817 21.866 21.791 21.599 21.456 21.317 21.678 21.576 21.454 21.312 21.171 21.023 21.581 21.409 21.237 21.116 21.005 21.345 21.202 21.082 20.983 20.815 21.239 21.334 21.181 20.793 20.624 20.434 21.149
34.7093 22.13 22.18 22.105 21.912 21.77 21.631 21.991 21.89 21.767 21.625 21.485 21.336 21.895 21.722 21.55 21.43 21.319 21.658 21.516 21.396 21.297 21.129 21.553 21.648 21.495 21.107 20.938 20.747 21.462
35.5466 22.444 22.493 22.419 22.226 22.083 21.944 22.305 22.203 22.081 21.939 21.798 21.65 22.208 22.036 21.864 21.743 21.633 21.972 21.829 21.71 21.611 21.442 21.866 21.961 21.809 21.421 21.251 21.061 21.776
36.4041 22.758 22.807 22.732 22.539 22.397 22.258 22.618 22.517 22.394 22.253 22.112 21.963 22.522 22.349 22.177 22.057 21.946 22.286 22.143 22.023 21.924 21.756 22.18 22.275 22.122 21.734 21.565 21.374 22.089
37.2823 23.071 23.121 23.046 22.853 22.71 22.571 22.932 22.83 22.708 22.566 22.426 22.277 22.835 22.663 22.491 22.37 22.26 22.599 22.457 22.337 22.238 22.069 22.493 22.588 22.436 22.048 21.878 21.688 22.403
38.1817 23.385 23.434 23.359 23.166 23.024 22.885 23.246 23.144 23.022 22.88 22.739 22.591 23.149 22.976 22.805 22.684 22.573 22.913 22.77 22.65 22.551 22.383 22.807 22.902 22.749 22.361 22.192 22.002 22.717
39.1028 23.698 23.748 23.673 23.48 23.337 23.198 23.559 23.458 23.335 23.193 23.053 22.904 23.463 23.29 23.118 22.997 22.887 23.226 23.084 22.964 22.865 22.697 23.12 23.216 23.063 22.675 22.506 22.315 23.03
40.046 24.012 24.061 23.986 23.793 23.651 23.512 23.873 23.771 23.649 23.507 23.366 23.218 23.776 23.604 23.432 23.311 23.2 23.54 23.397 23.277 23.178 23.01 23.434 23.529 23.376 22.988 22.819 22.629 23.344
41.0121 24.325 24.375 24.3 24.107 23.965 23.826 24.186 24.085 23.962 23.82 23.68 23.531 24.09 23.917 23.745 23.625 23.514 23.853 23.711 23.591 23.492 23.324 23.748 23.843 23.69 23.302 23.133 22.942 23.657
42.0014 24.639 24.688 24.614 24.421 24.278 24.139 24.5 24.398 24.276 24.134 23.993 23.845 24.403 24.231 24.059 23.938 23.827 24.167 24.024 23.905 23.806 23.637 24.061 24.156 24.003 23.616 23.446 23.256 23.971
43.0146 24.953 25.002 24.927 24.734 24.592 24.453 24.813 24.712 24.589 24.447 24.307 24.158 24.717 24.544 24.372 24.252 24.141 24.48 24.338 24.218 24.119 23.951 24.375 24.47 24.317 23.929 23.76 23.569 24.284
44.0523 25.266 25.316 25.241 25.048 24.905 24.766 25.127 25.025 24.903 24.761 24.621 24.472 25.03 24.858 24.686 24.565 24.455 24.794 24.651 24.532 24.433 24.264 24.688 24.783 24.631 24.243 24.073 23.883 24.598
45.1149 25.58 25.629 25.554 25.361 25.219 25.08 25.441 25.339 25.216 25.075 24.934 24.786 25.344 25.171 25.0 24.879 24.768 25.108 24.965 24.845 24.746 24.578 25.002 25.097 24.944 24.556 24.387 24.197 24.912
46.2033 25.893 25.943 25.868 25.675 25.532 25.393 25.754 25.652 25.53 25.388 25.248 25.099 25.658 25.485 25.313 25.192 25.082 25.421 25.279 25.159 25.06 24.892 25.315 25.411 25.258 24.87 24.7 24.51 25.225
47.3178 26.207 26.256 26.181 25.988 25.846 25.707 26.068 25.966 25.844 25.702 25.561 25.413 25.971 25.799 25.627 25.506 25.395 25.735 25.592 25.472 25.373 25.205 25.629 25.724 25.571 25.183 25.014 24.824 25.539
48.4593 26.52 26.57 26.495 26.302 26.16 26.02 26.381 26.28 26.157 26.015 25.875 25.726 26.285 26.112 25.94 25.82 25.709 26.048 25.906 25.786 25.687 25.519 25.942 26.038 25.885 25.497 25.328 25.137 25.852
49.6283 26.834 26.883 26.809 26.616 26.473 26.334 26.695 26.593 26.471 26.329 26.188 26.04 26.598 26.426 26.254 26.133 26.022 26.362 26.219 26.099 26.0 25.832 26.256 26.351 26.198 25.811 25.641 25.451 26.166
50.8255 27.148 27.197 27.122 26.929 26.787 26.648 27.008 26.907 26.784 26.642 26.502 26.353 26.912 26.739 26.567 26.447 26.336 26.675 26.533 26.413 26.314 26.146 26.57 26.665 26.512 26.124 25.955 25.764 26.479
52.0515 27.461 27.511 27.436 27.243 27.1 26.961 27.322 27.22 27.098 26.956 26.816 26.667 27.225 27.053 26.881 26.76 26.65 26.989 26.846 26.727 26.628 26.459 26.883 26.978 26.826 26.438 26.268 26.078 26.793
53.3072 27.775 27.824 27.749 27.556 27.414 27.275 27.636 27.534 27.411 27.27 27.129 26.981 27.539 27.366 27.195 27.074 26.963 27.303 27.16 27.04 26.941 26.773 27.197 27.292 27.139 26.751 26.582 26.392 27.107
54.5931 28.088 28.138 28.063 27.87 27.727 27.588 27.949 27.847 27.725 27.583 27.443 27.294 27.852 27.68 27.508 27.387 27.277 27.616 27.474 27.354 27.255 27.086 27.51 27.606 27.453 27.065 26.895 26.705 27.42
55.9101 28.402 28.451 28.376 28.183 28.041 27.902 28.263 28.161 28.039 27.897 27.756 27.608 28.166 27.993 27.822 27.701 27.59 27.93 27.787 27.667 27.568 27.4 27.824 27.919 27.766 27.378 27.209 27.019 27.734
57.2588 28.715 28.765 28.69 28.497 28.355 28.215 28.576 28.475 28.352 28.21 28.07 27.921 28.48 28.307 28.135 28.015 27.904 28.243 28.101 27.981 27.882 27.714 28.137 28.233 28.08 27.692 27.523 27.332 28.047
58.6401 29.029 29.078 29.004 28.811 28.668 28.529 28.89 28.788 28.666 28.524 28.383 28.235 28.793 28.621 28.449 28.328 28.217 28.557 28.414 28.294 28.195 28.027 28.451 28.546 28.393 28.005 27.836 27.646 28.361
60.0546 29.342 29.392 29.317 29.124 28.982 28.843 29.203 29.102 28.979 28.837 28.697 28.548 29.107 28.934 28.762 28.642 28.531 28.87 28.728 28.608 28.509 28.341 28.765 28.86 28.707 28.319 28.15 27.959 28.674
61.5034 29.656 29.705 29.631 29.438 29.295 29.156 29.517 29.415 29.293 29.151 29.011 28.862 29.42 29.248 29.076 28.955 28.845 29.184 29.041 28.922 28.823 28.654 29.078 29.173 29.021 28.633 28.463 28.273 28.988
62.987 29.97 30.019 29.944 29.751 29.609 29.47 29.831 29.729 29.606 29.465 29.324 29.176 29.734 29.561 29.389 29.269 29.158 29.498 29.355 29.235 29.136 28.968 29.392 29.487 29.334 28.946 28.777 28.586 29.301
64.5065 30.283 30.333 30.258 30.065 29.922 29.783 30.144 30.042 29.92 29.778 29.638 29.489 30.047 29.875 29.703 29.582 29.472 29.811 29.669 29.549 29.45 29.281 29.705 29.8 29.648 29.26 29.09 28.9 29.615
66.0626 30.597 30.646 30.571 30.378 30.236 30.097 30.458 30.356 30.234 30.092 29.951 29.803 30.361 30.188 30.017 29.896 29.785 30.125 29.982 29.862 29.763 29.595 30.019 30.114 29.961 29.573 29.404 29.214 29.929
67.6562 30.91 30.96 30.885 30.692 30.55 30.41 30.771 30.67 30.547 30.405 30.265 30.116 30.675 30.502 30.33 30.209 30.099 30.438 30.296 30.176 30.077 29.909 30.332 30.428 30.275 29.887 29.718 29.527 30.242
69.2883 31.224 31.273 31.198 31.006 30.863 30.724 31.085 30.983 30.861 30.719 30.578 30.43 30.988 30.816 30.644 30.523 30.412 30.752 30.609 30.489 30.39 30.222 30.646 30.741 30.588 30.2 30.031 29.841 30.556
70.9597 31.537 31.587 31.512 31.319 31.177 31.038 31.398 31.297 31.174 31.032 30.892 30.743 31.302 31.129 30.957 30.837 30.726 31.065 30.923 30.803 30.704 30.536 30.96 31.055 30.902 30.514 30.345 30.154 30.869
72.6715 31.851 31.9 31.826 31.633 31.49 31.351 31.712 31.61 31.488 31.346 31.205 31.057 31.615 31.443 31.271 31.15 31.04 31.379 31.236 31.117 31.018 30.849 31.273 31.368 31.216 30.828 30.658 30.468 31.183
74.4246 32.165 32.214 32.139 31.946 31.804 31.665 32.026 31.924 31.801 31.66 31.519 31.37 31.929 31.756 31.584 31.464 31.353 31.693 31.55 31.43 31.331 31.163 31.587 31.682 31.529 31.141 30.972 30.781 31.496
76.2199 32.478 32.528 32.453 32.26 32.117 31.978 32.339 32.237 32.115 31.973 31.833 31.684 32.242 32.07 31.898 31.777 31.667 32.006 31.864 31.744 31.645 31.476 31.9 31.995 31.843 31.455 31.285 31.095 31.81
78.0586 32.792 32.841 32.766 32.573 32.431 32.292 32.653 32.551 32.429 32.287 32.146 31.998 32.556 32.383 32.212 32.091 31.98 32.32 32.177 32.057 31.958 31.79 32.214 32.309 32.156 31.768 31.599 31.409 32.124
79.9416 33.105 33.155 33.08 32.887 32.745 32.605 32.966 32.865 32.742 32.6 32.46 32.311 32.87 32.697 32.525 32.404 32.294 32.633 32.491 32.371 32.272 32.104 32.527 32.623 32.47 32.082 31.913 31.722 32.437
81.87 33.419 33.468 33.393 33.2 33.058 32.919 33.28 33.178 33.056 32.914 32.773 32.625 33.183 33.011 32.839 32.718 32.607 32.947 32.804 32.684 32.585 32.417 32.841 32.936 32.783 32.395 32.226 32.036 32.751
83.845 33.732 33.782 33.707 33.514 33.372 33.233 33.593 33.492 33.369 33.227 33.087 32.938 33.497 33.324 33.152 33.032 32.921 33.26 33.118 32.998 32.899 32.731 33.155 33.25 33.097 32.709 32.54 32.349 33.064
85.8676 34.046 34.095 34.021 33.828 33.685 33.546 33.907 33.805 33.683 33.541 33.4 33.252 33.81 33.638 33.466 33.345 33.235 33.574 33.431 33.312 33.213 33.044 33.468 33.563 33.411 33.023 32.853 32.663 33.378
87.939 34.36 34.409 34.334 34.141 33.999 33.86 34.22 34.119 33.996 33.855 33.714 33.565 34.124 33.951 33.779 33.659 33.548 33.888 33.745 33.625 33.526 33.358 33.782 33.877 33.724 33.336 33.167 32.976 33.691
90.0604 34.673 34.723 34.648 34.455 34.312 34.173 34.534 34.432 34.31 34.168 34.028 33.879 34.437 34.265 34.093 33.972 33.862 34.201 34.059 33.939 33.84 33.671 34.095 34.19 34.038 33.65 33.48 33.29 34.005
92.2329 34.987 35.036 34.961 34.768 34.626 34.487 34.848 34.746 34.624 34.482 34.341 34.193 34.751 34.578 34.407 34.286 34.175 34.515 34.372 34.252 34.153 33.985 34.409 34.504 34.351 33.963 33.794 33.604 34.319
94.4579 35.3 35.35 35.275 35.082 34.939 34.8 35.161 35.06 34.937 34.795 34.655 34.506 35.065 34.892 34.72 34.599 34.489 34.828 34.686 34.566 34.467 34.299 34.722 34.818 34.665 34.277 34.107 33.917 34.632
96.7365 35.614 35.663 35.588 35.395 35.253 35.114 35.475 35.373 35.251 35.109 34.968 34.82 35.378 35.206 35.034 34.913 34.802 35.142 34.999 34.879 34.78 34.612 35.036 35.131 34.978 34.59 34.421 34.231 34.946
99.0701 35.927 35.977 35.902 35.709 35.567 35.428 35.788 35.687 35.564 35.422 35.282 35.133 35.692 35.519 35.347 35.227 35.116 35.455 35.313 35.193 35.094 34.926 35.35 35.445 35.292 34.904 34.735 34.544 35.259
101.4599 36.241 36.29 36.216 36.023 35.88 35.741 36.102 36.0 35.878 35.736 35.595 35.447 36.005 35.833 35.661 35.54 35.429 35.769 35.626 35.507 35.407 35.239 35.663 35.758 35.605 35.218 35.048 34.858 35.573
103.9075 36.555 36.604 36.529 36.336 36.194 36.055 36.415 36.314 36.191 36.049 35.909 35.76 36.319 36.146 35.974 35.854 35.743 36.082 35.94 35.82 35.721 35.553 35.977 36.072 35.919 35.531 35.362 35.171 35.886
106.4141 36.868 36.918 36.843 36.65 36.507 36.368 36.729 36.627 36.505 36.363 36.223 36.074 36.632 36.46 36.288 36.167 36.057 36.396 36.253 36.134 36.035 35.866 36.29 36.385 36.233 35.845 35.675 35.485 36.2
108.9811 37.182 37.231 37.156 36.963 36.821 36.682 37.043 36.941 36.818 36.677 36.536 36.388 36.946 36.773 36.602 36.481 36.37 36.71 36.567 36.447 36.348 36.18 36.604 36.699 36.546 36.158 35.989 35.799 36.514
111.6101 37.495 37.545 37.47 37.277 37.134 36.995 37.356 37.254 37.132 36.99 36.85 36.701 37.26 37.087 36.915 36.794 36.684 37.023 36.881 36.761 36.662 36.493 36.917 37.013 36.86 36.472 36.302 36.112 36.827
114.3025 37.809 37.858 37.783 37.59 37.448 37.309 37.67 37.568 37.446 37.304 37.163 37.015 37.573 37.401 37.229 37.108 36.997 37.337 37.194 37.074 36.975 36.807 37.231 37.326 37.173 36.785 36.616 36.426 37.141
117.0598 38.122 38.172 38.097 37.904 37.762 37.622 37.983 37.882 37.759 37.617 37.477 37.328 37.887 37.714 37.542 37.422 37.311 37.65 37.508 37.388 37.289 37.121 37.544 37.64 37.487 37.099 36.93 36.739 37.454
119.8836 38.436 38.485 38.411 38.218 38.075 37.936 38.297 38.195 38.073 37.931 37.79 37.642 38.2 38.028 37.856 37.735 37.624 37.964 37.821 37.701 37.602 37.434 37.858 37.953 37.8 37.412 37.243 37.053 37.768
122.7756 38.749 38.799 38.724 38.531 38.389 38.25 38.61 38.509 38.386 38.244 38.104 37.955 38.514 38.341 38.169 38.049 37.938 38.277 38.135 38.015 37.916 37.748 38.172 38.267 38.114 37.726 37.557 37.366 38.081
125.7373 39.063 39.113 39.038 38.845 38.702 38.563 38.924 38.822 38.7 38.558 38.418 38.269 38.827 38.655 38.483 38.362 38.252 38.591 38.448 38.329 38.23 38.061 38.485 38.58 38.428 38.04 37.87 37.68 38.395
128.7705 39.377 39.426 39.351 39.158 39.016 38.877 39.238 39.136 39.013 38.872 38.731 38.583 39.141 38.968 38.796 38.676 38.565 38.905 38.762 38.642 38.543 38.375 38.799 38.894 38.741 38.353 38.184 37.994 38.709
131.8769 39.69 39.74 39.665 39.472 39.329 39.19 39.551 39.449 39.327 39.185 39.045 38.896 39.454 39.282 39.11 38.989 38.879 39.218 39.076 38.956 38.857 38.688 39.112 39.208 39.055 38.667 38.497 38.307 39.022
135.0582 40.004 40.053 39.978 39.785 39.643 39.504 39.865 39.763 39.641 39.499 39.358 39.21 39.768 39.595 39.424 39.303 39.192 39.532 39.389 39.269 39.17 39.002 39.426 39.521 39.368 38.98 38.811 38.621 39.336
138.3162 40.317 40.367 40.292 40.099 39.957 39.817 40.178 40.077 39.954 39.812 39.672 39.523 40.082 39.909 39.737 39.616 39.506 39.845 39.703 39.583 39.484 39.316 39.739 39.835 39.682 39.294 39.125 38.934 39.649
141.6528 40.631 40.68 40.606 40.413 40.27 40.131 40.492 40.39 40.268 40.126 39.985 39.837 40.395 40.223 40.051 39.93 39.819 40.159 40.016 39.896 39.797 39.629 40.053 40.148 39.995 39.607 39.438 39.248 39.963
145.0699 40.944 40.994 40.919 40.726 40.584 40.445 40.805 40.704 40.581 40.439 40.299 40.15 40.709 40.536 40.364 40.244 40.133 40.472 40.33 40.21 40.111 39.943 40.367 40.462 40.309 39.921 39.752 39.561 40.276
148.5695 41.258 41.307 41.233 41.04 40.897 40.758 41.119 41.017 40.895 40.753 40.613 40.464 41.022 40.85 40.678 40.557 40.447 40.786 40.643 40.524 40.425 40.256 40.68 40.775 40.623 40.235 40.065 39.875 40.59
152.1534 41.572 41.621 41.546 41.353 41.211 41.072 41.433 41.331 41.208 41.067 40.926 40.778 41.336 41.163 40.991 40.871 40.76 41.1 40.957 40.837 40.738 40.57 40.994 41.089 40.936 40.548 40.379 40.188 40.903
155.8238 41.885 41.935 41.86 41.667 41.524 41.385 41.746 41.644 41.522 41.38 41.24 41.091 41.649 41.477 41.305 41.184 41.074 41.413 41.271 41.151 41.052 40.883 41.307 41.402 41.25 40.862 40.692 40.502 41.217
159.5828 42.199 42.248 42.173 41.98 41.838 41.699 42.06 41.958 41.836 41.694 41.553 41.405 41.963 41.79 41.619 41.498 41.387 41.727 41.584 41.464 41.365 41.197 41.621 41.716 41.563 41.175 41.006 40.816 41.531
163.4324 42.512 42.562 42.487 42.294 42.152 42.012 42.373 42.272 42.149 42.007 41.867 41.718 42.277 42.104 41.932 41.811 41.701 42.04 41.898 41.778 41.679 41.511 41.934 42.03 41.877 41.489 41.32 41.129 41.844
