web/models/grb/offaxis/11/grb_0.2967_719.6857_0.0039811.dat
# %ECSV 1.0
# ---
# datatype:
# - {name: time, datatype: float64}
# - {name: swift_uvot_uvw2, datatype: float64}
# - {name: swift_uvot_uvm2, datatype: float64}
# - {name: swift_uvot_uvw1, datatype: float64}
# - {name: swift_uvot_U, datatype: float64}
# - {name: swift_uvot_B, datatype: float64}
# - {name: swift_uvot_V, datatype: float64}
# - {name: swift_uvot_W, datatype: float64}
# - {name: johnson_U, datatype: float64}
# - {name: johnson_B, datatype: float64}
# - {name: johnson_V, datatype: float64}
# - {name: johnson_R, datatype: float64}
# - {name: johnson_I, datatype: float64}
# - {name: sdss_u, datatype: float64}
# - {name: sdss_g, datatype: float64}
# - {name: sdss_r, datatype: float64}
# - {name: sdss_i, datatype: float64}
# - {name: sdss_z, datatype: float64}
# - {name: PS1_g, datatype: float64}
# - {name: PS1_r, datatype: float64}
# - {name: PS1_i, datatype: float64}
# - {name: PS1_z, datatype: float64}
# - {name: PS1_Y, datatype: float64}
# - {name: ukirt_J, datatype: float64}
# - {name: ukirt_H, datatype: float64}
# - {name: ukirt_K, datatype: float64}
# meta: !!omap
# - comment: [E = 0.31231838447717747, Eta0 = 8.02, GammaB = 12.0, dL = 0.012188, epsb = 6.760829753919819e-06, epse = 0.1, n = 0.003981071705534973,
#     p = 2.15, theta_obs = 0.29670597283903605, xiN = 1.0, z = 0.0, type = grb, E_kiso = 719.6856730011514]
# schema: astropy-2.0
time swift_uvot_uvw2 swift_uvot_uvm2 swift_uvot_uvw1 swift_uvot_U swift_uvot_B swift_uvot_V swift_uvot_W johnson_U johnson_B johnson_V johnson_R johnson_I sdss_u sdss_g sdss_r sdss_i sdss_z PS1_g PS1_r PS1_i PS1_z PS1_Y ukirt_J ukirt_H ukirt_K
[from data line 116]
0.1588 0.483 0.533 0.458 0.265 0.123 -0.016 0.344 0.243 0.12 -0.022 -0.162 -0.311 0.248 0.075 -0.097 -0.217 -0.328 0.011 -0.131 -0.251 -0.35 -0.518 -0.54 -0.709 -0.9
0.1626 0.428 0.478 0.403 0.21 0.067 -0.072 0.289 0.187 0.065 -0.077 -0.217 -0.366 0.192 0.02 -0.152 -0.273 -0.383 -0.044 -0.187 -0.306 -0.405 -0.574 -0.595 -0.765 -0.955
0.1666 0.373 0.422 0.347 0.154 0.012 -0.127 0.234 0.132 0.01 -0.132 -0.273 -0.421 0.137 -0.036 -0.207 -0.328 -0.439 -0.099 -0.242 -0.362 -0.461 -0.629 -0.651 -0.82 -1.01
0.1706 0.317 0.367 0.292 0.099 -0.043 -0.183 0.178 0.077 -0.046 -0.188 -0.328 -0.477 0.082 -0.091 -0.263 -0.383 -0.494 -0.155 -0.297 -0.417 -0.516 -0.684 -0.706 -0.875 -1.066
0.1747 0.262 0.311 0.237 0.044 -0.099 -0.238 0.123 0.021 -0.101 -0.243 -0.383 -0.532 0.026 -0.146 -0.318 -0.439 -0.549 -0.21 -0.353 -0.472 -0.571 -0.74 -0.761 -0.931 -1.121
0.1789 0.188 0.237 0.162 -0.031 -0.173 -0.312 0.049 -0.053 -0.175 -0.317 -0.458 -0.606 -0.048 -0.221 -0.392 -0.513 -0.624 -0.284 -0.427 -0.547 -0.646 -0.814 -0.836 -1.005 -1.195
0.1832 0.11 0.16 0.085 -0.108 -0.251 -0.39 -0.029 -0.131 -0.253 -0.395 -0.535 -0.684 -0.125 -0.298 -0.47 -0.591 -0.701 -0.362 -0.504 -0.624 -0.723 -0.892 -0.913 -1.083 -1.273
0.1876 0.033 0.082 0.007 -0.186 -0.328 -0.467 -0.106 -0.208 -0.33 -0.472 -0.613 -0.761 -0.203 -0.376 -0.547 -0.668 -0.779 -0.439 -0.582 -0.702 -0.801 -0.969 -0.991 -1.16 -1.35
0.1922 -0.045 0.005 -0.07 -0.263 -0.406 -0.545 -0.184 -0.286 -0.408 -0.55 -0.69 -0.839 -0.281 -0.453 -0.625 -0.746 -0.856 -0.517 -0.659 -0.779 -0.878 -1.047 -1.068 -1.238 -1.428
0.1968 -0.122 -0.073 -0.148 -0.341 -0.483 -0.622 -0.261 -0.363 -0.486 -0.627 -0.768 -0.916 -0.358 -0.531 -0.703 -0.823 -0.934 -0.594 -0.737 -0.857 -0.956 -1.124 -1.146 -1.315 -1.505
0.2015 -0.2 -0.15 -0.225 -0.418 -0.561 -0.7 -0.339 -0.441 -0.563 -0.705 -0.845 -0.994 -0.436 -0.608 -0.78 -0.901 -1.011 -0.672 -0.815 -0.934 -1.033 -1.202 -1.223 -1.393 -1.583
0.2064 -0.277 -0.228 -0.303 -0.496 -0.638 -0.777 -0.417 -0.518 -0.641 -0.782 -0.923 -1.072 -0.513 -0.686 -0.858 -0.978 -1.089 -0.749 -0.892 -1.012 -1.111 -1.279 -1.301 -1.47 -1.661
0.2114 -0.355 -0.306 -0.38 -0.573 -0.716 -0.855 -0.494 -0.596 -0.718 -0.86 -1.0 -1.149 -0.591 -0.763 -0.935 -1.056 -1.166 -0.827 -0.97 -1.089 -1.188 -1.357 -1.378 -1.548 -1.738
0.2165 -0.433 -0.383 -0.458 -0.651 -0.793 -0.932 -0.572 -0.673 -0.796 -0.938 -1.078 -1.227 -0.668 -0.841 -1.013 -1.133 -1.244 -0.905 -1.047 -1.167 -1.266 -1.434 -1.456 -1.625 -1.816
0.2217 -0.51 -0.461 -0.535 -0.728 -0.871 -1.01 -0.649 -0.751 -0.873 -1.015 -1.156 -1.304 -0.746 -0.918 -1.09 -1.211 -1.322 -0.982 -1.125 -1.244 -1.344 -1.512 -1.533 -1.703 -1.893
0.2271 -0.577 -0.527 -0.602 -0.795 -0.938 -1.077 -0.716 -0.818 -0.94 -1.082 -1.222 -1.371 -0.813 -0.985 -1.157 -1.278 -1.388 -1.049 -1.191 -1.311 -1.41 -1.579 -1.6 -1.77 -1.96
0.2325 -0.644 -0.594 -0.669 -0.862 -1.004 -1.144 -0.783 -0.884 -1.007 -1.149 -1.289 -1.438 -0.879 -1.052 -1.224 -1.345 -1.455 -1.116 -1.258 -1.378 -1.477 -1.645 -1.667 -1.836 -2.027
0.2381 -0.71 -0.661 -0.736 -0.929 -1.071 -1.21 -0.85 -0.951 -1.074 -1.216 -1.356 -1.505 -0.946 -1.119 -1.291 -1.411 -1.522 -1.183 -1.325 -1.445 -1.544 -1.712 -1.734 -1.903 -2.094
0.2439 -0.777 -0.728 -0.803 -0.996 -1.138 -1.277 -0.916 -1.018 -1.14 -1.282 -1.423 -1.571 -1.013 -1.186 -1.357 -1.478 -1.589 -1.249 -1.392 -1.512 -1.611 -1.779 -1.801 -1.97 -2.16
0.2498 -0.844 -0.795 -0.869 -1.062 -1.205 -1.344 -0.983 -1.085 -1.207 -1.349 -1.49 -1.638 -1.08 -1.252 -1.424 -1.545 -1.656 -1.316 -1.459 -1.579 -1.678 -1.846 -1.868 -2.037 -2.227
0.2558 -0.911 -0.861 -0.936 -1.129 -1.272 -1.411 -1.05 -1.152 -1.274 -1.416 -1.556 -1.705 -1.147 -1.319 -1.491 -1.612 -1.722 -1.383 -1.525 -1.645 -1.744 -1.913 -1.934 -2.104 -2.294
0.262 -0.978 -0.928 -1.003 -1.196 -1.338 -1.478 -1.117 -1.218 -1.341 -1.483 -1.623 -1.772 -1.213 -1.386 -1.558 -1.679 -1.789 -1.45 -1.592 -1.712 -1.811 -1.979 -2.001 -2.17 -2.361
0.2683 -1.044 -0.995 -1.07 -1.263 -1.405 -1.544 -1.184 -1.285 -1.408 -1.55 -1.69 -1.839 -1.28 -1.453 -1.625 -1.745 -1.856 -1.517 -1.659 -1.779 -1.878 -2.046 -2.068 -2.237 -2.428
0.2748 -1.111 -1.062 -1.137 -1.33 -1.472 -1.611 -1.25 -1.352 -1.474 -1.616 -1.757 -1.905 -1.347 -1.52 -1.691 -1.812 -1.923 -1.583 -1.726 -1.846 -1.945 -2.113 -2.135 -2.304 -2.494
0.2814 -1.175 -1.126 -1.2 -1.393 -1.536 -1.675 -1.314 -1.416 -1.538 -1.68 -1.821 -1.969 -1.411 -1.583 -1.755 -1.876 -1.986 -1.647 -1.79 -1.909 -2.008 -2.177 -2.198 -2.368 -2.558
0.2882 -1.22 -1.17 -1.245 -1.438 -1.581 -1.72 -1.359 -1.461 -1.583 -1.725 -1.865 -2.014 -1.455 -1.628 -1.8 -1.921 -2.031 -1.692 -1.834 -1.954 -2.053 -2.222 -2.243 -2.413 -2.603
0.2951 -1.265 -1.215 -1.29 -1.483 -1.625 -1.764 -1.404 -1.505 -1.628 -1.77 -1.91 -2.059 -1.5 -1.673 -1.845 -1.965 -2.076 -1.737 -1.879 -1.999 -2.098 -2.266 -2.288 -2.457 -2.648
0.3022 -1.309 -1.26 -1.335 -1.528 -1.67 -1.809 -1.448 -1.55 -1.673 -1.814 -1.955 -2.103 -1.545 -1.718 -1.89 -2.01 -2.121 -1.781 -1.924 -2.044 -2.143 -2.311 -2.333 -2.502 -2.692
0.3095 -1.354 -1.305 -1.38 -1.573 -1.715 -1.854 -1.493 -1.595 -1.717 -1.859 -2.0 -2.148 -1.59 -1.762 -1.934 -2.055 -2.166 -1.826 -1.969 -2.089 -2.188 -2.356 -2.378 -2.547 -2.737
0.317 -1.399 -1.35 -1.424 -1.617 -1.76 -1.899 -1.538 -1.64 -1.762 -1.904 -2.044 -2.193 -1.635 -1.807 -1.979 -2.1 -2.21 -1.871 -2.014 -2.133 -2.232 -2.401 -2.422 -2.592 -2.782
0.3247 -1.444 -1.394 -1.469 -1.662 -1.805 -1.944 -1.583 -1.685 -1.807 -1.949 -2.089 -2.238 -1.679 -1.852 -2.024 -2.145 -2.255 -1.916 -2.058 -2.178 -2.277 -2.446 -2.467 -2.637 -2.827
0.3325 -1.489 -1.439 -1.514 -1.707 -1.849 -1.988 -1.628 -1.729 -1.852 -1.994 -2.134 -2.283 -1.724 -1.897 -2.069 -2.189 -2.3 -1.961 -2.103 -2.223 -2.322 -2.49 -2.512 -2.681 -2.872
0.3405 -1.533 -1.484 -1.559 -1.752 -1.894 -2.033 -1.672 -1.774 -1.897 -2.038 -2.179 -2.327 -1.769 -1.942 -2.114 -2.234 -2.345 -2.005 -2.148 -2.268 -2.367 -2.535 -2.557 -2.726 -2.916
0.3487 -1.578 -1.529 -1.604 -1.797 -1.939 -2.078 -1.717 -1.819 -1.941 -2.083 -2.224 -2.372 -1.814 -1.986 -2.158 -2.279 -2.39 -2.05 -2.193 -2.313 -2.412 -2.58 -2.602 -2.771 -2.961
0.3571 -1.621 -1.571 -1.646 -1.839 -1.982 -2.121 -1.76 -1.862 -1.984 -2.126 -2.266 -2.415 -1.857 -2.029 -2.201 -2.322 -2.432 -2.093 -2.236 -2.355 -2.454 -2.623 -2.644 -2.814 -3.004
0.3657 -1.658 -1.609 -1.684 -1.877 -2.019 -2.158 -1.798 -1.899 -2.022 -2.164 -2.304 -2.453 -1.894 -2.067 -2.239 -2.359 -2.47 -2.131 -2.273 -2.393 -2.492 -2.66 -2.682 -2.851 -3.042
0.3746 -1.696 -1.647 -1.721 -1.914 -2.057 -2.196 -1.835 -1.937 -2.059 -2.201 -2.342 -2.49 -1.932 -2.104 -2.276 -2.397 -2.507 -2.168 -2.311 -2.43 -2.529 -2.698 -2.719 -2.889 -3.079
0.3836 -1.734 -1.684 -1.759 -1.952 -2.094 -2.233 -1.873 -1.974 -2.097 -2.239 -2.379 -2.528 -1.969 -2.142 -2.314 -2.434 -2.545 -2.206 -2.348 -2.468 -2.567 -2.735 -2.757 -2.926 -3.117
0.3929 -1.771 -1.722 -1.797 -1.989 -2.132 -2.271 -1.91 -2.012 -2.134 -2.276 -2.417 -2.565 -2.007 -2.179 -2.351 -2.472 -2.583 -2.243 -2.386 -2.506 -2.605 -2.773 -2.795 -2.964 -3.154
0.4023 -1.809 -1.759 -1.834 -2.027 -2.169 -2.309 -1.948 -2.049 -2.172 -2.314 -2.454 -2.603 -2.044 -2.217 -2.389 -2.51 -2.62 -2.281 -2.423 -2.543 -2.642 -2.81 -2.832 -3.001 -3.192
0.412 -1.846 -1.797 -1.872 -2.065 -2.207 -2.346 -1.985 -2.087 -2.209 -2.351 -2.492 -2.64 -2.082 -2.255 -2.426 -2.547 -2.658 -2.318 -2.461 -2.581 -2.68 -2.848 -2.87 -3.039 -3.229
0.422 -1.884 -1.834 -1.909 -2.102 -2.245 -2.384 -2.023 -2.125 -2.247 -2.389 -2.529 -2.678 -2.119 -2.292 -2.464 -2.585 -2.695 -2.356 -2.498 -2.618 -2.717 -2.886 -2.907 -3.077 -3.267
0.4322 -1.921 -1.872 -1.947 -2.14 -2.282 -2.421 -2.06 -2.162 -2.284 -2.426 -2.567 -2.715 -2.157 -2.33 -2.501 -2.622 -2.733 -2.393 -2.536 -2.656 -2.755 -2.923 -2.945 -3.114 -3.304
0.4426 -1.959 -1.909 -1.984 -2.177 -2.32 -2.459 -2.098 -2.2 -2.322 -2.464 -2.604 -2.753 -2.195 -2.367 -2.539 -2.66 -2.77 -2.431 -2.573 -2.693 -2.792 -2.961 -2.982 -3.152 -3.342
0.4533 -1.992 -1.942 -2.017 -2.21 -2.352 -2.491 -2.131 -2.232 -2.355 -2.497 -2.637 -2.786 -2.227 -2.4 -2.572 -2.692 -2.803 -2.464 -2.606 -2.726 -2.825 -2.993 -3.015 -3.184 -3.375
0.4642 -2.018 -1.968 -2.043 -2.236 -2.378 -2.518 -2.157 -2.258 -2.381 -2.523 -2.663 -2.812 -2.253 -2.426 -2.598 -2.718 -2.829 -2.49 -2.632 -2.752 -2.851 -3.019 -3.041 -3.21 -3.401
0.4754 -2.044 -1.994 -2.069 -2.262 -2.405 -2.544 -2.183 -2.284 -2.407 -2.549 -2.689 -2.838 -2.279 -2.452 -2.624 -2.745 -2.855 -2.516 -2.658 -2.778 -2.877 -3.045 -3.067 -3.237 -3.427
0.4869 -2.07 -2.02 -2.095 -2.288 -2.431 -2.57 -2.209 -2.311 -2.433 -2.575 -2.715 -2.864 -2.306 -2.478 -2.65 -2.771 -2.881 -2.542 -2.684 -2.804 -2.903 -3.072 -3.093 -3.263 -3.453
0.4986 -2.096 -2.047 -2.121 -2.314 -2.457 -2.596 -2.235 -2.337 -2.459 -2.601 -2.741 -2.89 -2.332 -2.504 -2.676 -2.797 -2.907 -2.568 -2.711 -2.83 -2.929 -3.098 -3.119 -3.289 -3.479
0.5106 -2.122 -2.073 -2.147 -2.34 -2.483 -2.622 -2.261 -2.363 -2.485 -2.627 -2.768 -2.916 -2.358 -2.53 -2.702 -2.823 -2.934 -2.594 -2.737 -2.856 -2.956 -3.124 -3.145 -3.315 -3.505
0.523 -2.148 -2.099 -2.174 -2.367 -2.509 -2.648 -2.287 -2.389 -2.511 -2.653 -2.794 -2.942 -2.384 -2.556 -2.728 -2.849 -2.96 -2.62 -2.763 -2.883 -2.982 -3.15 -3.172 -3.341 -3.531
0.5356 -2.174 -2.125 -2.2 -2.393 -2.535 -2.674 -2.313 -2.415 -2.537 -2.679 -2.82 -2.968 -2.41 -2.583 -2.754 -2.875 -2.986 -2.646 -2.789 -2.909 -3.008 -3.176 -3.198 -3.367 -3.557
0.5485 -2.2 -2.151 -2.226 -2.419 -2.561 -2.7 -2.339 -2.441 -2.564 -2.705 -2.846 -2.994 -2.436 -2.609 -2.78 -2.901 -3.012 -2.672 -2.815 -2.935 -3.034 -3.202 -3.224 -3.393 -3.583
0.5617 -2.226 -2.177 -2.252 -2.445 -2.587 -2.726 -2.366 -2.467 -2.59 -2.731 -2.872 -3.021 -2.462 -2.635 -2.807 -2.927 -3.038 -2.699 -2.841 -2.961 -3.06 -3.228 -3.25 -3.419 -3.61
0.5753 -2.252 -2.203 -2.277 -2.47 -2.613 -2.752 -2.391 -2.493 -2.615 -2.757 -2.897 -3.046 -2.488 -2.66 -2.832 -2.953 -3.063 -2.724 -2.867 -2.986 -3.085 -3.254 -3.275 -3.445 -3.635
0.5891 -2.277 -2.228 -2.302 -2.495 -2.638 -2.777 -2.416 -2.518 -2.64 -2.782 -2.923 -3.071 -2.513 -2.685 -2.857 -2.978 -3.089 -2.749 -2.892 -3.011 -3.111 -3.279 -3.3 -3.47 -3.66
0.6034 -2.302 -2.253 -2.328 -2.52 -2.663 -2.802 -2.441 -2.543 -2.665 -2.807 -2.948 -3.096 -2.538 -2.71 -2.882 -3.003 -3.114 -2.774 -2.917 -3.037 -3.136 -3.304 -3.326 -3.495 -3.685
0.6179 -2.327 -2.278 -2.353 -2.546 -2.688 -2.827 -2.466 -2.568 -2.69 -2.832 -2.973 -3.121 -2.563 -2.736 -2.907 -3.028 -3.139 -2.799 -2.942 -3.062 -3.161 -3.329 -3.351 -3.52 -3.71
0.6328 -2.352 -2.303 -2.378 -2.571 -2.713 -2.852 -2.491 -2.593 -2.715 -2.857 -2.998 -3.146 -2.588 -2.761 -2.932 -3.053 -3.164 -2.824 -2.967 -3.087 -3.186 -3.354 -3.376 -3.545 -3.735
0.6481 -2.377 -2.328 -2.403 -2.596 -2.738 -2.877 -2.516 -2.618 -2.741 -2.882 -3.023 -3.171 -2.613 -2.786 -2.958 -3.078 -3.189 -2.849 -2.992 -3.112 -3.211 -3.379 -3.401 -3.57 -3.76
0.6637 -2.402 -2.353 -2.428 -2.621 -2.763 -2.902 -2.542 -2.643 -2.766 -2.908 -3.048 -3.197 -2.638 -2.811 -2.983 -3.103 -3.214 -2.875 -3.017 -3.137 -3.236 -3.404 -3.426 -3.595 -3.786
0.6797 -2.428 -2.378 -2.453 -2.646 -2.788 -2.927 -2.567 -2.668 -2.791 -2.933 -3.073 -3.222 -2.663 -2.836 -3.008 -3.128 -3.239 -2.9 -3.042 -3.162 -3.261 -3.429 -3.451 -3.62 -3.811
0.6961 -2.453 -2.403 -2.478 -2.671 -2.813 -2.953 -2.592 -2.693 -2.816 -2.958 -3.098 -3.247 -2.688 -2.861 -3.033 -3.153 -3.264 -2.925 -3.067 -3.187 -3.286 -3.454 -3.476 -3.645 -3.836
0.7129 -2.478 -2.428 -2.503 -2.696 -2.838 -2.978 -2.617 -2.718 -2.841 -2.983 -3.123 -3.272 -2.713 -2.886 -3.058 -3.179 -3.289 -2.95 -3.092 -3.212 -3.311 -3.479 -3.501 -3.67 -3.861
0.7301 -2.503 -2.453 -2.528 -2.721 -2.863 -3.003 -2.642 -2.743 -2.866 -3.008 -3.148 -3.297 -2.738 -2.911 -3.083 -3.204 -3.314 -2.975 -3.117 -3.237 -3.336 -3.504 -3.526 -3.695 -3.886
0.7477 -2.528 -2.478 -2.553 -2.746 -2.888 -3.027 -2.667 -2.768 -2.891 -3.033 -3.173 -3.322 -2.763 -2.936 -3.108 -3.228 -3.339 -3.0 -3.142 -3.262 -3.361 -3.529 -3.551 -3.72 -3.911
0.7658 -2.553 -2.503 -2.578 -2.771 -2.913 -3.052 -2.692 -2.793 -2.916 -3.058 -3.198 -3.347 -2.788 -2.961 -3.133 -3.253 -3.364 -3.025 -3.167 -3.287 -3.386 -3.554 -3.576 -3.745 -3.936
0.7842 -2.577 -2.528 -2.603 -2.796 -2.938 -3.077 -2.717 -2.818 -2.941 -3.082 -3.223 -3.372 -2.813 -2.986 -3.158 -3.278 -3.389 -3.049 -3.192 -3.312 -3.411 -3.579 -3.601 -3.77 -3.961
0.8032 -2.602 -2.553 -2.628 -2.821 -2.963 -3.102 -2.741 -2.843 -2.966 -3.107 -3.248 -3.396 -2.838 -3.011 -3.182 -3.303 -3.414 -3.074 -3.217 -3.337 -3.436 -3.604 -3.626 -3.795 -3.985
0.8225 -2.627 -2.578 -2.653 -2.846 -2.988 -3.127 -2.766 -2.868 -2.99 -3.132 -3.273 -3.421 -2.863 -3.036 -3.207 -3.328 -3.439 -3.099 -3.242 -3.362 -3.461 -3.629 -3.651 -3.82 -4.01
0.8424 -2.652 -2.603 -2.678 -2.871 -3.013 -3.152 -2.791 -2.893 -3.015 -3.157 -3.298 -3.446 -2.888 -3.06 -3.232 -3.353 -3.464 -3.124 -3.267 -3.387 -3.486 -3.654 -3.676 -3.845 -4.035
0.8627 -2.677 -2.628 -2.702 -2.895 -3.038 -3.177 -2.816 -2.918 -3.04 -3.182 -3.323 -3.471 -2.913 -3.085 -3.257 -3.378 -3.489 -3.149 -3.292 -3.412 -3.511 -3.679 -3.701 -3.87 -4.06
0.8835 -2.702 -2.653 -2.727 -2.92 -3.063 -3.202 -2.841 -2.943 -3.065 -3.207 -3.348 -3.496 -2.938 -3.11 -3.282 -3.403 -3.513 -3.174 -3.317 -3.436 -3.535 -3.704 -3.725 -3.895 -4.085
0.9048 -2.727 -2.677 -2.752 -2.945 -3.088 -3.227 -2.866 -2.968 -3.09 -3.232 -3.372 -3.521 -2.963 -3.135 -3.307 -3.428 -3.538 -3.199 -3.342 -3.461 -3.56 -3.729 -3.75 -3.92 -4.11
0.9266 -2.748 -2.698 -2.773 -2.966 -3.109 -3.248 -2.887 -2.989 -3.111 -3.253 -3.393 -3.542 -2.984 -3.156 -3.328 -3.449 -3.559 -3.22 -3.362 -3.482 -3.581 -3.75 -3.771 -3.941 -4.131
0.949 -2.768 -2.719 -2.794 -2.986 -3.129 -3.268 -2.907 -3.009 -3.131 -3.273 -3.414 -3.562 -3.004 -3.176 -3.348 -3.469 -3.58 -3.24 -3.383 -3.503 -3.602 -3.77 -3.792 -3.961 -4.151
0.9719 -2.788 -2.739 -2.814 -3.007 -3.149 -3.288 -2.927 -3.029 -3.152 -3.293 -3.434 -3.582 -3.024 -3.197 -3.369 -3.489 -3.6 -3.26 -3.403 -3.523 -3.622 -3.79 -3.812 -3.981 -4.171
0.9953 -2.809 -2.759 -2.834 -3.027 -3.169 -3.309 -2.948 -3.049 -3.172 -3.314 -3.454 -3.603 -3.044 -3.217 -3.389 -3.509 -3.62 -3.281 -3.423 -3.543 -3.642 -3.81 -3.832 -4.001 -4.192
1.0194 -2.829 -2.779 -2.854 -3.047 -3.19 -3.329 -2.968 -3.07 -3.192 -3.334 -3.474 -3.623 -3.065 -3.237 -3.409 -3.53 -3.64 -3.301 -3.444 -3.563 -3.662 -3.831 -3.852 -4.022 -4.212
1.0439 -2.849 -2.8 -2.875 -3.068 -3.21 -3.349 -2.988 -3.09 -3.212 -3.354 -3.495 -3.643 -3.085 -3.257 -3.429 -3.55 -3.661 -3.321 -3.464 -3.584 -3.683 -3.851 -3.873 -4.042 -4.232
1.0691 -2.869 -2.82 -2.895 -3.088 -3.23 -3.369 -3.009 -3.11 -3.233 -3.374 -3.515 -3.664 -3.105 -3.278 -3.45 -3.57 -3.681 -3.341 -3.484 -3.604 -3.703 -3.871 -3.893 -4.062 -4.253
1.0949 -2.89 -2.84 -2.915 -3.108 -3.25 -3.39 -3.029 -3.13 -3.253 -3.395 -3.535 -3.684 -3.125 -3.298 -3.47 -3.591 -3.701 -3.362 -3.504 -3.624 -3.723 -3.891 -3.913 -4.082 -4.273
1.1213 -2.91 -2.861 -2.935 -3.128 -3.271 -3.41 -3.049 -3.151 -3.273 -3.415 -3.555 -3.704 -3.146 -3.318 -3.49 -3.611 -3.721 -3.382 -3.525 -3.644 -3.743 -3.912 -3.933 -4.103 -4.293
1.1484 -2.93 -2.881 -2.956 -3.149 -3.291 -3.43 -3.069 -3.171 -3.293 -3.435 -3.576 -3.724 -3.166 -3.339 -3.51 -3.631 -3.742 -3.402 -3.545 -3.665 -3.764 -3.932 -3.954 -4.123 -4.313
1.1761 -2.946 -2.897 -2.972 -3.164 -3.307 -3.446 -3.085 -3.187 -3.309 -3.451 -3.592 -3.74 -3.182 -3.354 -3.526 -3.647 -3.758 -3.418 -3.561 -3.681 -3.78 -3.948 -3.97 -4.139 -4.329
1.2044 -2.962 -2.913 -2.987 -3.18 -3.323 -3.462 -3.101 -3.203 -3.325 -3.467 -3.608 -3.756 -3.198 -3.37 -3.542 -3.663 -3.773 -3.434 -3.577 -3.696 -3.795 -3.964 -3.985 -4.155 -4.345
1.2335 -2.978 -2.928 -3.003 -3.196 -3.339 -3.478 -3.117 -3.219 -3.341 -3.483 -3.623 -3.772 -3.214 -3.386 -3.558 -3.679 -3.789 -3.45 -3.592 -3.712 -3.811 -3.98 -4.001 -4.171 -4.361
1.2633 -2.994 -2.944 -3.019 -3.212 -3.355 -3.494 -3.133 -3.234 -3.357 -3.499 -3.639 -3.788 -3.229 -3.402 -3.574 -3.695 -3.805 -3.466 -3.608 -3.728 -3.827 -3.995 -4.017 -4.187 -4.377
