web/models/grb/offaxis/11/grb_0.2967_517.9475_0.0251189.dat
# %ECSV 1.0
# ---
# datatype:
# - {name: time, datatype: float64}
# - {name: swift_uvot_uvw2, datatype: float64}
# - {name: swift_uvot_uvm2, datatype: float64}
# - {name: swift_uvot_uvw1, datatype: float64}
# - {name: swift_uvot_U, datatype: float64}
# - {name: swift_uvot_B, datatype: float64}
# - {name: swift_uvot_V, datatype: float64}
# - {name: swift_uvot_W, datatype: float64}
# - {name: johnson_U, datatype: float64}
# - {name: johnson_B, datatype: float64}
# - {name: johnson_V, datatype: float64}
# - {name: johnson_R, datatype: float64}
# - {name: johnson_I, datatype: float64}
# - {name: sdss_u, datatype: float64}
# - {name: sdss_g, datatype: float64}
# - {name: sdss_r, datatype: float64}
# - {name: sdss_i, datatype: float64}
# - {name: sdss_z, datatype: float64}
# - {name: PS1_g, datatype: float64}
# - {name: PS1_r, datatype: float64}
# - {name: PS1_i, datatype: float64}
# - {name: PS1_z, datatype: float64}
# - {name: PS1_Y, datatype: float64}
# - {name: PS1_w, datatype: float64}
# - {name: ATLAS_c, datatype: float64}
# - {name: ATLAS_o, datatype: float64}
# - {name: ukirt_J, datatype: float64}
# - {name: ukirt_H, datatype: float64}
# - {name: ukirt_K, datatype: float64}
# - {name: Clear, datatype: float64}
# meta: !!omap
# - comment: [E = 0.22477106672309027, Eta0 = 8.02, GammaB = 12.0, dL = 0.012188, epsb = 6.760829753919819e-06, epse = 0.1, n = 0.025118864315095822,
#     p = 2.15, theta_obs = 0.29670597283903605, xiN = 1.0, z = 0.0, type = grb, E_kiso = 517.9474679231213]
# schema: astropy-2.0
time swift_uvot_uvw2 swift_uvot_uvm2 swift_uvot_uvw1 swift_uvot_U swift_uvot_B swift_uvot_V swift_uvot_W johnson_U johnson_B johnson_V johnson_R johnson_I sdss_u sdss_g sdss_r sdss_i sdss_z PS1_g PS1_r PS1_i PS1_z PS1_Y PS1_w ATLAS_c ATLAS_o ukirt_J ukirt_H ukirt_K Clear
[from data line 168]
0.5485 -4.135 -4.086 -4.16 -4.353 -4.496 -4.635 -4.274 -4.376 -4.498 -4.64 -4.781 -4.929 -4.371 -4.543 -4.715 -4.836 -4.947 -4.607 -4.75 -4.87 -4.969 -5.137 -4.713 -4.618 -4.771 -5.159 -5.328 -5.518 -4.803
0.5617 -4.154 -4.104 -4.179 -4.372 -4.515 -4.654 -4.293 -4.395 -4.517 -4.659 -4.799 -4.948 -4.39 -4.562 -4.734 -4.855 -4.965 -4.626 -4.768 -4.888 -4.987 -5.156 -4.732 -4.636 -4.789 -5.177 -5.347 -5.537 -4.822
0.5753 -4.17 -4.12 -4.195 -4.388 -4.53 -4.67 -4.309 -4.41 -4.533 -4.675 -4.815 -4.964 -4.405 -4.578 -4.75 -4.871 -4.981 -4.642 -4.784 -4.904 -5.003 -5.171 -4.748 -4.652 -4.805 -5.193 -5.362 -5.553 -4.838
0.5891 -4.186 -4.136 -4.211 -4.404 -4.546 -4.685 -4.325 -4.426 -4.549 -4.691 -4.831 -4.98 -4.421 -4.594 -4.766 -4.886 -4.997 -4.658 -4.8 -4.92 -5.019 -5.187 -4.763 -4.668 -4.821 -5.209 -5.378 -5.569 -4.854
0.6034 -4.201 -4.152 -4.227 -4.42 -4.562 -4.701 -4.341 -4.442 -4.565 -4.706 -4.847 -4.996 -4.437 -4.61 -4.782 -4.902 -5.013 -4.673 -4.816 -4.936 -5.035 -5.203 -4.779 -4.684 -4.837 -5.225 -5.394 -5.585 -4.87
0.6179 -4.217 -4.168 -4.243 -4.436 -4.578 -4.717 -4.356 -4.458 -4.58 -4.722 -4.863 -5.011 -4.453 -4.626 -4.797 -4.918 -5.029 -4.689 -4.832 -4.952 -5.051 -5.219 -4.795 -4.7 -4.853 -5.241 -5.41 -5.6 -4.885
0.6328 -4.233 -4.184 -4.259 -4.452 -4.594 -4.733 -4.372 -4.474 -4.596 -4.738 -4.879 -5.027 -4.469 -4.641 -4.813 -4.934 -5.045 -4.705 -4.848 -4.968 -5.067 -5.235 -4.811 -4.716 -4.869 -5.257 -5.426 -5.616 -4.901
0.6481 -4.249 -4.2 -4.274 -4.467 -4.61 -4.749 -4.388 -4.49 -4.612 -4.754 -4.895 -5.043 -4.485 -4.657 -4.829 -4.95 -5.061 -4.721 -4.864 -4.984 -5.083 -5.251 -4.827 -4.732 -4.885 -5.273 -5.442 -5.632 -4.917
0.6637 -4.265 -4.215 -4.29 -4.483 -4.626 -4.765 -4.404 -4.506 -4.628 -4.77 -4.91 -5.059 -4.501 -4.673 -4.845 -4.966 -5.076 -4.737 -4.88 -4.999 -5.098 -5.267 -4.843 -4.748 -4.9 -5.288 -5.458 -5.648 -4.933
0.6797 -4.281 -4.231 -4.306 -4.499 -4.642 -4.781 -4.42 -4.522 -4.644 -4.786 -4.926 -5.075 -4.517 -4.689 -4.861 -4.982 -5.092 -4.753 -4.895 -5.015 -5.114 -5.283 -4.859 -4.764 -4.916 -5.304 -5.474 -5.664 -4.949
0.6961 -4.297 -4.247 -4.322 -4.515 -4.657 -4.797 -4.436 -4.537 -4.66 -4.802 -4.942 -5.091 -4.532 -4.705 -4.877 -4.998 -5.108 -4.769 -4.911 -5.031 -5.13 -5.298 -4.875 -4.779 -4.932 -5.32 -5.489 -5.68 -4.965
0.7129 -4.312 -4.262 -4.337 -4.53 -4.673 -4.812 -4.451 -4.553 -4.675 -4.817 -4.957 -5.106 -4.548 -4.72 -4.892 -5.013 -5.123 -4.784 -4.926 -5.046 -5.145 -5.314 -4.89 -4.794 -4.947 -5.335 -5.505 -5.695 -4.98
0.7301 -4.326 -4.277 -4.352 -4.545 -4.687 -4.826 -4.465 -4.567 -4.689 -4.831 -4.972 -5.12 -4.562 -4.734 -4.906 -5.027 -5.138 -4.798 -4.941 -5.061 -5.16 -5.328 -4.904 -4.809 -4.962 -5.35 -5.519 -5.709 -4.994
0.7477 -4.34 -4.291 -4.366 -4.559 -4.701 -4.84 -4.48 -4.581 -4.704 -4.846 -4.986 -5.135 -4.576 -4.749 -4.921 -5.041 -5.152 -4.813 -4.955 -5.075 -5.174 -5.342 -4.918 -4.823 -4.976 -5.364 -5.533 -5.724 -5.009
0.7658 -4.355 -4.305 -4.38 -4.573 -4.716 -4.855 -4.494 -4.596 -4.718 -4.86 -5.0 -5.149 -4.591 -4.763 -4.935 -5.056 -5.166 -4.827 -4.969 -5.089 -5.188 -5.357 -4.933 -4.838 -4.99 -5.378 -5.548 -5.738 -5.023
0.7842 -4.369 -4.32 -4.395 -4.588 -4.73 -4.869 -4.508 -4.61 -4.732 -4.874 -5.015 -5.163 -4.605 -4.777 -4.949 -5.07 -5.181 -4.841 -4.984 -5.104 -5.203 -5.371 -4.947 -4.852 -5.005 -5.393 -5.562 -5.752 -5.037
0.8032 -4.384 -4.334 -4.409 -4.602 -4.744 -4.883 -4.523 -4.624 -4.747 -4.889 -5.029 -5.178 -4.619 -4.792 -4.964 -5.084 -5.195 -4.856 -4.998 -5.118 -5.217 -5.385 -4.961 -4.866 -5.019 -5.407 -5.576 -5.767 -5.052
0.8225 -4.398 -4.348 -4.423 -4.616 -4.759 -4.898 -4.537 -4.639 -4.761 -4.903 -5.043 -5.192 -4.634 -4.806 -4.978 -5.099 -5.209 -4.87 -5.012 -5.132 -5.231 -5.4 -4.976 -4.881 -5.033 -5.421 -5.591 -5.781 -5.066
0.8424 -4.412 -4.363 -4.438 -4.631 -4.773 -4.912 -4.551 -4.653 -4.775 -4.917 -5.058 -5.206 -4.648 -4.82 -4.992 -5.113 -5.224 -4.884 -5.027 -5.147 -5.246 -5.414 -4.99 -4.895 -5.048 -5.436 -5.605 -5.795 -5.08
0.8627 -4.427 -4.377 -4.452 -4.645 -4.787 -4.926 -4.566 -4.667 -4.79 -4.932 -5.072 -5.221 -4.662 -4.835 -5.007 -5.127 -5.238 -4.899 -5.041 -5.161 -5.26 -5.428 -5.004 -4.909 -5.062 -5.45 -5.619 -5.81 -5.095
0.8835 -4.441 -4.391 -4.466 -4.659 -4.802 -4.941 -4.58 -4.682 -4.804 -4.946 -5.086 -5.235 -4.677 -4.849 -5.021 -5.142 -5.252 -4.913 -5.055 -5.175 -5.274 -5.443 -5.019 -4.924 -5.076 -5.464 -5.634 -5.824 -5.109
0.9048 -4.454 -4.404 -4.479 -4.672 -4.814 -4.953 -4.593 -4.694 -4.817 -4.959 -5.099 -5.248 -4.689 -4.862 -5.034 -5.154 -5.265 -4.926 -5.068 -5.188 -5.287 -5.455 -5.031 -4.936 -5.089 -5.477 -5.646 -5.837 -5.122
0.9266 -4.465 -4.416 -4.491 -4.684 -4.826 -4.965 -4.604 -4.706 -4.828 -4.97 -5.111 -5.259 -4.701 -4.874 -5.045 -5.166 -5.277 -4.937 -5.08 -5.2 -5.299 -5.467 -5.043 -4.948 -5.101 -5.489 -5.658 -5.848 -5.133
0.949 -4.477 -4.428 -4.502 -4.695 -4.838 -4.977 -4.616 -4.718 -4.84 -4.982 -5.123 -5.271 -4.713 -4.885 -5.057 -5.178 -5.288 -4.949 -5.092 -5.211 -5.31 -5.479 -5.055 -4.96 -5.112 -5.5 -5.67 -5.86 -5.145
0.9719 -4.489 -4.439 -4.514 -4.707 -4.849 -4.989 -4.628 -4.729 -4.852 -4.994 -5.134 -5.283 -4.724 -4.897 -5.069 -5.19 -5.3 -4.961 -5.103 -5.223 -5.322 -5.49 -5.067 -4.971 -5.124 -5.512 -5.681 -5.872 -5.157
0.9953 -4.5 -4.451 -4.526 -4.719 -4.861 -5.0 -4.64 -4.741 -4.864 -5.006 -5.146 -5.295 -4.736 -4.909 -5.081 -5.201 -5.312 -4.973 -5.115 -5.235 -5.334 -5.502 -5.078 -4.983 -5.136 -5.524 -5.693 -5.884 -5.169
1.0194 -4.512 -4.463 -4.538 -4.731 -4.873 -5.012 -4.651 -4.753 -4.875 -5.017 -5.158 -5.306 -4.748 -4.92 -5.092 -5.213 -5.324 -4.984 -5.127 -5.247 -5.346 -5.514 -5.09 -4.995 -5.148 -5.536 -5.705 -5.895 -5.18
1.0439 -4.524 -4.474 -4.549 -4.742 -4.885 -5.024 -4.663 -4.765 -4.887 -5.029 -5.169 -5.318 -4.76 -4.932 -5.104 -5.225 -5.335 -4.996 -5.139 -5.258 -5.357 -5.526 -5.102 -5.007 -5.159 -5.547 -5.717 -5.907 -5.192
1.0691 -4.536 -4.486 -4.561 -4.754 -4.896 -5.036 -4.675 -4.776 -4.899 -5.041 -5.181 -5.33 -4.771 -4.944 -5.116 -5.237 -5.347 -5.008 -5.15 -5.27 -5.369 -5.537 -5.114 -5.018 -5.171 -5.559 -5.728 -5.919 -5.204
1.0949 -4.547 -4.498 -4.573 -4.766 -4.908 -5.047 -4.686 -4.788 -4.911 -5.052 -5.193 -5.341 -4.783 -4.956 -5.128 -5.248 -5.359 -5.019 -5.162 -5.282 -5.381 -5.549 -5.125 -5.03 -5.183 -5.571 -5.74 -5.931 -5.216
1.1213 -4.559 -4.51 -4.585 -4.777 -4.92 -5.059 -4.698 -4.8 -4.922 -5.064 -5.205 -5.353 -4.795 -4.967 -5.139 -5.26 -5.371 -5.031 -5.174 -5.294 -5.393 -5.561 -5.137 -5.042 -5.195 -5.583 -5.752 -5.942 -5.227
1.1484 -4.572 -4.522 -4.597 -4.79 -4.933 -5.072 -4.711 -4.813 -4.935 -5.077 -5.217 -5.366 -4.808 -4.98 -5.152 -5.273 -5.383 -5.044 -5.187 -5.306 -5.405 -5.574 -5.15 -5.055 -5.207 -5.595 -5.765 -5.955 -5.24
1.1761 -4.585 -4.536 -4.61 -4.803 -4.946 -5.085 -4.724 -4.826 -4.948 -5.09 -5.231 -5.379 -4.821 -4.993 -5.165 -5.286 -5.396 -5.057 -5.2 -5.319 -5.418 -5.587 -5.163 -5.068 -5.22 -5.608 -5.778 -5.968 -5.253
1.2044 -4.598 -4.549 -4.623 -4.816 -4.959 -5.098 -4.737 -4.839 -4.961 -5.103 -5.244 -5.392 -4.834 -5.006 -5.178 -5.299 -5.41 -5.07 -5.213 -5.332 -5.432 -5.6 -5.176 -5.081 -5.234 -5.621 -5.791 -5.981 -5.266
1.2335 -4.611 -4.562 -4.637 -4.829 -4.972 -5.111 -4.75 -4.852 -4.974 -5.116 -5.257 -5.405 -4.847 -5.019 -5.191 -5.312 -5.423 -5.083 -5.226 -5.346 -5.445 -5.613 -5.189 -5.094 -5.247 -5.635 -5.804 -5.994 -5.279
1.2633 -4.624 -4.575 -4.65 -4.843 -4.985 -5.124 -4.763 -4.865 -4.987 -5.129 -5.27 -5.418 -4.86 -5.032 -5.204 -5.325 -5.436 -5.096 -5.239 -5.359 -5.458 -5.626 -5.202 -5.107 -5.26 -5.648 -5.817 -6.007 -5.292
1.2937 -4.637 -4.588 -4.663 -4.856 -4.998 -5.137 -4.776 -4.878 -5.0 -5.142 -5.283 -5.431 -4.873 -5.046 -5.217 -5.338 -5.449 -5.109 -5.252 -5.372 -5.471 -5.639 -5.215 -5.12 -5.273 -5.661 -5.83 -6.02 -5.305
1.3249 -4.65 -4.601 -4.676 -4.869 -5.011 -5.15 -4.789 -4.891 -5.014 -5.155 -5.296 -5.444 -4.886 -5.059 -5.23 -5.351 -5.462 -5.122 -5.265 -5.385 -5.484 -5.652 -5.228 -5.133 -5.286 -5.674 -5.843 -6.033 -5.318
1.3569 -4.663 -4.614 -4.689 -4.882 -5.024 -5.163 -4.802 -4.904 -5.027 -5.168 -5.309 -5.457 -4.899 -5.072 -5.244 -5.364 -5.475 -5.135 -5.278 -5.398 -5.497 -5.665 -5.241 -5.146 -5.299 -5.687 -5.856 -6.047 -5.332
1.3896 -4.676 -4.627 -4.702 -4.895 -5.037 -5.176 -4.816 -4.917 -5.04 -5.182 -5.322 -5.471 -4.912 -5.085 -5.257 -5.377 -5.488 -5.149 -5.291 -5.411 -5.51 -5.678 -5.254 -5.159 -5.312 -5.7 -5.869 -6.06 -5.345
1.4232 -4.69 -4.64 -4.715 -4.908 -5.05 -5.189 -4.829 -4.93 -5.053 -5.195 -5.335 -5.484 -4.925 -5.098 -5.27 -5.39 -5.501 -5.162 -5.304 -5.424 -5.523 -5.691 -5.267 -5.172 -5.325 -5.713 -5.882 -6.073 -5.358
1.4575 -4.706 -4.656 -4.731 -4.924 -5.067 -5.206 -4.845 -4.947 -5.069 -5.211 -5.351 -5.5 -4.942 -5.114 -5.286 -5.407 -5.517 -5.178 -5.321 -5.44 -5.539 -5.708 -5.284 -5.189 -5.341 -5.729 -5.899 -6.089 -5.374
1.4927 -4.723 -4.673 -4.748 -4.941 -5.083 -5.222 -4.862 -4.963 -5.086 -5.228 -5.368 -5.517 -4.958 -5.131 -5.303 -5.423 -5.534 -5.195 -5.337 -5.457 -5.556 -5.724 -5.3 -5.205 -5.358 -5.746 -5.915 -6.106 -5.391
1.5287 -4.739 -4.69 -4.765 -4.957 -5.1 -5.239 -4.878 -4.98 -5.102 -5.244 -5.385 -5.533 -4.975 -5.147 -5.319 -5.44 -5.551 -5.211 -5.354 -5.474 -5.573 -5.741 -5.317 -5.222 -5.375 -5.763 -5.932 -6.122 -5.407
1.5655 -4.756 -4.706 -4.781 -4.974 -5.117 -5.256 -4.895 -4.997 -5.119 -5.261 -5.401 -5.55 -4.991 -5.164 -5.336 -5.457 -5.567 -5.228 -5.37 -5.49 -5.589 -5.757 -5.334 -5.238 -5.391 -5.779 -5.949 -6.139 -5.424
1.6033 -4.772 -4.723 -4.798 -4.991 -5.133 -5.272 -4.911 -5.013 -5.136 -5.277 -5.418 -5.566 -5.008 -5.181 -5.353 -5.473 -5.584 -5.244 -5.387 -5.507 -5.606 -5.774 -5.35 -5.255 -5.408 -5.796 -5.965 -6.155 -5.44
1.642 -4.789 -4.74 -4.814 -5.007 -5.15 -5.289 -4.928 -5.03 -5.152 -5.294 -5.435 -5.583 -5.025 -5.197 -5.369 -5.49 -5.6 -5.261 -5.404 -5.523 -5.622 -5.791 -5.367 -5.272 -5.424 -5.812 -5.982 -6.172 -5.457
1.6816 -4.806 -4.756 -4.831 -5.024 -5.166 -5.306 -4.945 -5.046 -5.169 -5.311 -5.451 -5.6 -5.041 -5.214 -5.386 -5.506 -5.617 -5.278 -5.42 -5.54 -5.639 -5.807 -5.383 -5.288 -5.441 -5.829 -5.998 -6.189 -5.474
1.7222 -4.822 -4.773 -4.848 -5.041 -5.183 -5.322 -4.961 -5.063 -5.185 -5.327 -5.468 -5.616 -5.058 -5.231 -5.402 -5.523 -5.634 -5.294 -5.437 -5.557 -5.656 -5.824 -5.4 -5.305 -5.458 -5.846 -6.015 -6.205 -5.49
1.7637 -4.839 -4.789 -4.864 -5.057 -5.2 -5.339 -4.978 -5.08 -5.202 -5.344 -5.484 -5.633 -5.075 -5.247 -5.419 -5.54 -5.65 -5.311 -5.453 -5.573 -5.672 -5.841 -5.417 -5.322 -5.474 -5.862 -6.032 -6.222 -5.507
1.8062 -4.855 -4.806 -4.881 -5.074 -5.216 -5.355 -4.994 -5.096 -5.218 -5.36 -5.501 -5.649 -5.091 -5.264 -5.435 -5.556 -5.667 -5.327 -5.47 -5.59 -5.689 -5.857 -5.433 -5.338 -5.491 -5.879 -6.048 -6.238 -5.523
1.8498 -4.869 -4.819 -4.894 -5.087 -5.229 -5.369 -5.008 -5.109 -5.232 -5.374 -5.514 -5.663 -5.104 -5.277 -5.449 -5.569 -5.68 -5.341 -5.483 -5.603 -5.702 -5.87 -5.446 -5.351 -5.504 -5.892 -6.061 -6.252 -5.537
1.8944 -4.882 -4.833 -4.907 -5.1 -5.243 -5.382 -5.021 -5.123 -5.245 -5.387 -5.528 -5.676 -5.118 -5.29 -5.462 -5.583 -5.693 -5.354 -5.497 -5.616 -5.715 -5.884 -5.46 -5.365 -5.517 -5.905 -6.075 -6.265 -5.55
1.9401 -4.895 -4.846 -4.921 -5.114 -5.256 -5.395 -5.034 -5.136 -5.259 -5.4 -5.541 -5.689 -5.131 -5.304 -5.475 -5.596 -5.707 -5.367 -5.51 -5.63 -5.729 -5.897 -5.473 -5.378 -5.531 -5.919 -6.088 -6.278 -5.563
1.9869 -4.909 -4.859 -4.934 -5.127 -5.27 -5.409 -5.048 -5.149 -5.272 -5.414 -5.554 -5.703 -5.144 -5.317 -5.489 -5.61 -5.72 -5.381 -5.523 -5.643 -5.742 -5.91 -5.487 -5.391 -5.544 -5.932 -6.101 -6.292 -5.577
2.0349 -4.922 -4.873 -4.948 -5.14 -5.283 -5.422 -5.061 -5.163 -5.285 -5.427 -5.568 -5.716 -5.158 -5.33 -5.502 -5.623 -5.734 -5.394 -5.537 -5.657 -5.756 -5.924 -5.5 -5.405 -5.558 -5.946 -6.115 -6.305 -5.59
2.084 -4.935 -4.886 -4.961 -5.154 -5.296 -5.435 -5.075 -5.176 -5.299 -5.441 -5.581 -5.73 -5.171 -5.344 -5.516 -5.636 -5.747 -5.408 -5.55 -5.67 -5.769 -5.937 -5.513 -5.418 -5.571 -5.959 -6.128 -6.319 -5.604
2.1342 -4.949 -4.899 -4.974 -5.167 -5.31 -5.449 -5.088 -5.19 -5.312 -5.454 -5.594 -5.743 -5.185 -5.357 -5.529 -5.65 -5.76 -5.421 -5.563 -5.683 -5.782 -5.951 -5.527 -5.432 -5.584 -5.972 -6.142 -6.332 -5.617
2.1857 -4.962 -4.913 -4.988 -5.181 -5.323 -5.462 -5.101 -5.203 -5.325 -5.467 -5.608 -5.756 -5.198 -5.371 -5.542 -5.663 -5.774 -5.434 -5.577 -5.697 -5.796 -5.964 -5.54 -5.445 -5.598 -5.986 -6.155 -6.345 -5.63
2.2384 -4.976 -4.926 -5.001 -5.194 -5.336 -5.475 -5.115 -5.216 -5.339 -5.481 -5.621 -5.77 -5.211 -5.384 -5.556 -5.676 -5.787 -5.448 -5.59 -5.71 -5.809 -5.977 -5.553 -5.458 -5.611 -5.999 -6.168 -6.359 -5.644
2.2924 -4.99 -4.94 -5.015 -5.208 -5.35 -5.489 -5.129 -5.23 -5.353 -5.495 -5.635 -5.784 -5.225 -5.398 -5.57 -5.69 -5.801 -5.462 -5.604 -5.724 -5.823 -5.991 -5.567 -5.472 -5.625 -6.013 -6.182 -6.373 -5.658
2.3477 -5.006 -4.956 -5.031 -5.224 -5.366 -5.506 -5.145 -5.246 -5.369 -5.511 -5.651 -5.8 -5.241 -5.414 -5.586 -5.707 -5.817 -5.478 -5.62 -5.74 -5.839 -6.007 -5.584 -5.488 -5.641 -6.029 -6.198 -6.389 -5.674
2.4044 -5.022 -4.972 -5.047 -5.24 -5.383 -5.522 -5.161 -5.263 -5.385 -5.527 -5.667 -5.816 -5.257 -5.43 -5.602 -5.723 -5.833 -5.494 -5.636 -5.756 -5.855 -6.023 -5.6 -5.504 -5.657 -6.045 -6.215 -6.405 -5.69
2.4624 -5.038 -4.988 -5.063 -5.256 -5.399 -5.538 -5.177 -5.279 -5.401 -5.543 -5.683 -5.832 -5.274 -5.446 -5.618 -5.739 -5.849 -5.51 -5.652 -5.772 -5.871 -6.04 -5.616 -5.521 -5.673 -6.061 -6.231 -6.421 -5.706
2.5218 -5.054 -5.005 -5.079 -5.272 -5.415 -5.554 -5.193 -5.295 -5.417 -5.559 -5.699 -5.848 -5.29 -5.462 -5.634 -5.755 -5.865 -5.526 -5.669 -5.788 -5.887 -6.056 -5.632 -5.537 -5.689 -6.077 -6.247 -6.437 -5.722
2.5826 -5.07 -5.021 -5.095 -5.288 -5.431 -5.57 -5.209 -5.311 -5.433 -5.575 -5.716 -5.864 -5.306 -5.478 -5.65 -5.771 -5.882 -5.542 -5.685 -5.805 -5.904 -6.072 -5.648 -5.553 -5.706 -6.093 -6.263 -6.453 -5.738
2.6449 -5.086 -5.037 -5.112 -5.305 -5.447 -5.586 -5.225 -5.327 -5.449 -5.591 -5.732 -5.88 -5.322 -5.494 -5.666 -5.787 -5.898 -5.558 -5.701 -5.821 -5.92 -6.088 -5.664 -5.569 -5.722 -6.11 -6.279 -6.469 -5.754
2.7087 -5.102 -5.053 -5.128 -5.321 -5.463 -5.602 -5.241 -5.343 -5.465 -5.607 -5.748 -5.896 -5.338 -5.511 -5.682 -5.803 -5.914 -5.574 -5.717 -5.837 -5.936 -6.104 -5.68 -5.585 -5.738 -6.126 -6.295 -6.485 -5.77
2.7741 -5.118 -5.069 -5.144 -5.337 -5.479 -5.618 -5.257 -5.359 -5.482 -5.623 -5.764 -5.912 -5.354 -5.527 -5.698 -5.819 -5.93 -5.59 -5.733 -5.853 -5.952 -6.12 -5.696 -5.601 -5.754 -6.142 -6.311 -6.501 -5.786
2.841 -5.134 -5.085 -5.16 -5.353 -5.495 -5.634 -5.274 -5.375 -5.498 -5.639 -5.78 -5.929 -5.37 -5.543 -5.715 -5.835 -5.946 -5.607 -5.749 -5.869 -5.968 -6.136 -5.712 -5.617 -5.77 -6.158 -6.327 -6.518 -5.803
2.9095 -5.149 -5.1 -5.175 -5.368 -5.51 -5.649 -5.288 -5.39 -5.512 -5.654 -5.795 -5.943 -5.385 -5.558 -5.729 -5.85 -5.961 -5.621 -5.764 -5.884 -5.983 -6.151 -5.727 -5.632 -5.785 -6.173 -6.342 -6.532 -5.817
2.9797 -5.162 -5.112 -5.187 -5.38 -5.523 -5.662 -5.301 -5.403 -5.525 -5.667 -5.807 -5.956 -5.397 -5.57 -5.742 -5.863 -5.973 -5.634 -5.776 -5.896 -5.995 -6.164 -5.74 -5.644 -5.797 -6.185 -6.355 -6.545 -5.83
3.0516 -5.174 -5.125 -5.2 -5.393 -5.535 -5.674 -5.313 -5.415 -5.537 -5.679 -5.82 -5.968 -5.41 -5.583 -5.754 -5.875 -5.986 -5.646 -5.789 -5.909 -6.008 -6.176 -5.752 -5.657 -5.81 -6.198 -6.367 -6.557 -5.842
3.1252 -5.187 -5.137 -5.212 -5.405 -5.548 -5.687 -5.326 -5.428 -5.55 -5.692 -5.832 -5.981 -5.423 -5.595 -5.767 -5.888 -5.998 -5.659 -5.801 -5.921 -6.02 -6.189 -5.765 -5.67 -5.822 -6.21 -6.38 -6.57 -5.855
3.2006 -5.199 -5.15 -5.225 -5.418 -5.56 -5.699 -5.338 -5.44 -5.563 -5.704 -5.845 -5.993 -5.435 -5.608 -5.779 -5.9 -6.011 -5.671 -5.814 -5.934 -6.033 -6.201 -5.777 -5.682 -5.835 -6.223 -6.392 -6.582 -5.867
3.2778 -5.212 -5.162 -5.237 -5.43 -5.573 -5.712 -5.351 -5.453 -5.575 -5.717 -5.857 -6.006 -5.448 -5.62 -5.792 -5.913 -6.023 -5.684 -5.826 -5.946 -6.045 -6.214 -5.79 -5.695 -5.847 -6.235 -6.405 -6.595 -5.88
