web/models/kne.last_good/kappa_1_10/23/villar_0.2183_0.2493_1.0000.dat
# %ECSV 1.0
# ---
# datatype:
# - {name: time, datatype: float64}
# - {name: swift_uvot_uvw2, datatype: float64}
# - {name: swift_uvot_uvm2, datatype: float64}
# - {name: swift_uvot_uvw1, datatype: float64}
# - {name: swift_uvot_U, datatype: float64}
# - {name: swift_uvot_B, datatype: float64}
# - {name: swift_uvot_V, datatype: float64}
# - {name: swift_uvot_W, datatype: float64}
# - {name: johnson_U, datatype: float64}
# - {name: johnson_B, datatype: float64}
# - {name: johnson_V, datatype: float64}
# - {name: johnson_R, datatype: float64}
# - {name: johnson_I, datatype: float64}
# - {name: sdss_u, datatype: float64}
# - {name: sdss_g, datatype: float64}
# - {name: sdss_r, datatype: float64}
# - {name: sdss_i, datatype: float64}
# - {name: sdss_z, datatype: float64}
# - {name: PS1_g, datatype: float64}
# - {name: PS1_r, datatype: float64}
# - {name: PS1_i, datatype: float64}
# - {name: PS1_z, datatype: float64}
# - {name: PS1_Y, datatype: float64}
# - {name: PS1_w, datatype: float64}
# - {name: ATLAS_c, datatype: float64}
# - {name: ATLAS_o, datatype: float64}
# - {name: ukirt_J, datatype: float64}
# - {name: ukirt_H, datatype: float64}
# - {name: ukirt_K, datatype: float64}
# - {name: Clear, datatype: float64}
# meta: !!omap
# - comment: [kappa = 1.0, type = villar, mass = 0.21832694463104688, velocity = 0.24933333333333335, theta_obs = 0.0]
# schema: astropy-2.0
time swift_uvot_uvw2 swift_uvot_uvm2 swift_uvot_uvw1 swift_uvot_U swift_uvot_B swift_uvot_V swift_uvot_W johnson_U johnson_B johnson_V johnson_R johnson_I sdss_u sdss_g sdss_r sdss_i sdss_z PS1_g PS1_r PS1_i PS1_z PS1_Y PS1_w ATLAS_c ATLAS_o ukirt_J ukirt_H ukirt_K Clear
[from data line 77]
0.009917 -11.255 -11.074 -10.95 -10.566 -10.227 -9.857 -10.795 -10.516 -10.223 -9.846 -9.465 -9.02 -10.526 -10.109 -9.636 -9.285 -8.954 -10.101 -9.685 -9.35 -9.145 -9.185 -9.697 -9.925 -9.492 -8.29 -7.749 -7.122 -9.774
0.010217 -11.296 -11.118 -10.996 -10.615 -10.277 -9.909 -10.841 -10.565 -10.273 -9.898 -9.517 -9.073 -10.575 -10.16 -9.688 -9.338 -9.008 -10.152 -9.736 -9.402 -9.196 -9.234 -9.748 -9.976 -9.545 -8.344 -7.803 -7.177 -9.825
0.010526 -11.337 -11.163 -11.041 -10.664 -10.328 -9.96 -10.886 -10.614 -10.324 -9.95 -9.569 -9.126 -10.624 -10.211 -9.74 -9.391 -9.061 -10.202 -9.788 -9.453 -9.248 -9.283 -9.8 -10.027 -9.597 -8.398 -7.858 -7.232 -9.877
0.010845 -11.378 -11.207 -11.087 -10.713 -10.378 -10.012 -10.932 -10.663 -10.374 -10.001 -9.622 -9.179 -10.673 -10.261 -9.792 -9.444 -9.114 -10.252 -9.839 -9.505 -9.299 -9.332 -9.852 -10.078 -9.649 -8.452 -7.912 -7.286 -9.928
0.011173 -11.419 -11.251 -11.132 -10.761 -10.428 -10.063 -10.977 -10.712 -10.424 -10.052 -9.674 -9.232 -10.722 -10.312 -9.844 -9.496 -9.167 -10.303 -9.89 -9.556 -9.35 -9.381 -9.903 -10.129 -9.701 -8.506 -7.966 -7.341 -9.979
0.011511 -11.459 -11.294 -11.177 -10.81 -10.478 -10.114 -11.022 -10.761 -10.474 -10.104 -9.726 -9.285 -10.77 -10.362 -9.896 -9.549 -9.22 -10.353 -9.941 -9.608 -9.401 -9.43 -9.955 -10.18 -9.754 -8.56 -8.02 -7.395 -10.03
0.011859 -11.499 -11.338 -11.222 -10.858 -10.528 -10.165 -11.067 -10.809 -10.524 -10.155 -9.778 -9.338 -10.819 -10.413 -9.947 -9.601 -9.273 -10.403 -9.992 -9.659 -9.452 -9.478 -10.006 -10.231 -9.806 -8.613 -8.074 -7.45 -10.081
0.012217 -11.539 -11.381 -11.266 -10.906 -10.578 -10.216 -11.112 -10.858 -10.574 -10.206 -9.83 -9.391 -10.867 -10.463 -9.999 -9.653 -9.326 -10.453 -10.043 -9.711 -9.503 -9.527 -10.057 -10.282 -9.857 -8.667 -8.128 -7.504 -10.132
0.012587 -11.579 -11.424 -11.311 -10.954 -10.628 -10.267 -11.156 -10.906 -10.624 -10.257 -9.882 -9.443 -10.916 -10.513 -10.051 -9.706 -9.379 -10.502 -10.094 -9.762 -9.554 -9.576 -10.109 -10.333 -9.909 -8.721 -8.182 -7.558 -10.183
0.012968 -11.619 -11.467 -11.355 -11.002 -10.677 -10.318 -11.201 -10.955 -10.673 -10.308 -9.934 -9.496 -10.964 -10.563 -10.102 -9.758 -9.431 -10.552 -10.145 -9.814 -9.605 -9.624 -10.16 -10.383 -9.961 -8.774 -8.236 -7.613 -10.234
0.01336 -11.658 -11.51 -11.399 -11.05 -10.727 -10.369 -11.245 -11.003 -10.723 -10.359 -9.986 -9.549 -11.012 -10.613 -10.153 -9.81 -9.484 -10.602 -10.196 -9.865 -9.656 -9.673 -10.211 -10.434 -10.013 -8.828 -8.29 -7.667 -10.285
0.013764 -11.697 -11.552 -11.443 -11.098 -10.776 -10.42 -11.289 -11.051 -10.772 -10.41 -10.037 -9.601 -11.06 -10.663 -10.205 -9.862 -9.537 -10.651 -10.247 -9.916 -9.707 -9.722 -10.262 -10.484 -10.064 -8.881 -8.344 -7.721 -10.335
0.01418 -11.736 -11.594 -11.487 -11.145 -10.826 -10.471 -11.333 -11.099 -10.822 -10.46 -10.089 -9.654 -11.108 -10.713 -10.256 -9.914 -9.589 -10.701 -10.297 -9.967 -9.758 -9.77 -10.313 -10.535 -10.116 -8.934 -8.398 -7.775 -10.386
0.014609 -11.775 -11.636 -11.53 -11.193 -10.875 -10.521 -11.377 -11.146 -10.871 -10.511 -10.14 -9.706 -11.156 -10.762 -10.307 -9.966 -9.642 -10.75 -10.348 -10.018 -9.809 -9.819 -10.363 -10.585 -10.167 -8.988 -8.452 -7.83 -10.436
0.015051 -11.814 -11.678 -11.574 -11.24 -10.924 -10.572 -11.42 -11.194 -10.92 -10.561 -10.192 -9.758 -11.203 -10.812 -10.358 -10.018 -9.694 -10.8 -10.398 -10.069 -9.859 -9.867 -10.414 -10.635 -10.219 -9.041 -8.506 -7.884 -10.487
0.015506 -11.852 -11.72 -11.617 -11.287 -10.973 -10.622 -11.464 -11.241 -10.969 -10.612 -10.243 -9.811 -11.251 -10.862 -10.409 -10.07 -9.747 -10.849 -10.449 -10.12 -9.91 -9.916 -10.465 -10.685 -10.27 -9.094 -8.559 -7.938 -10.537
0.015975 -11.89 -11.762 -11.66 -11.334 -11.022 -10.673 -11.507 -11.289 -11.018 -10.662 -10.295 -9.863 -11.298 -10.911 -10.46 -10.122 -9.799 -10.898 -10.499 -10.171 -9.961 -9.964 -10.515 -10.735 -10.321 -9.147 -8.613 -7.992 -10.587
0.016458 -11.928 -11.803 -11.703 -11.381 -11.071 -10.723 -11.55 -11.336 -11.067 -10.712 -10.346 -9.915 -11.345 -10.96 -10.511 -10.173 -9.851 -10.947 -10.549 -10.222 -10.011 -10.013 -10.566 -10.785 -10.373 -9.201 -8.667 -8.046 -10.637
0.016956 -11.966 -11.844 -11.746 -11.428 -11.12 -10.773 -11.593 -11.383 -11.116 -10.763 -10.397 -9.967 -11.392 -11.009 -10.562 -10.225 -9.904 -10.996 -10.6 -10.273 -10.062 -10.061 -10.616 -10.835 -10.424 -9.254 -8.72 -8.1 -10.687
0.017469 -12.004 -11.885 -11.788 -11.475 -11.168 -10.823 -11.636 -11.43 -11.164 -10.813 -10.448 -10.019 -11.439 -11.059 -10.613 -10.276 -9.956 -11.045 -10.65 -10.323 -10.112 -10.11 -10.667 -10.885 -10.475 -9.307 -8.774 -8.154 -10.737
0.017997 -12.041 -11.926 -11.831 -11.521 -11.217 -10.873 -11.679 -11.477 -11.213 -10.863 -10.499 -10.071 -11.486 -11.108 -10.664 -10.328 -10.008 -11.094 -10.7 -10.374 -10.163 -10.158 -10.717 -10.934 -10.526 -9.36 -8.827 -8.208 -10.787
0.018541 -12.078 -11.966 -11.873 -11.568 -11.265 -10.923 -11.721 -11.524 -11.261 -10.913 -10.55 -10.123 -11.533 -11.157 -10.714 -10.379 -10.06 -11.142 -10.75 -10.425 -10.213 -10.207 -10.767 -10.984 -10.577 -9.413 -8.881 -8.262 -10.837
0.019102 -12.115 -12.006 -11.915 -11.614 -11.313 -10.973 -11.764 -11.571 -11.31 -10.963 -10.601 -10.175 -11.58 -11.205 -10.765 -10.431 -10.112 -11.191 -10.8 -10.475 -10.264 -10.255 -10.817 -11.034 -10.628 -9.466 -8.934 -8.316 -10.887
0.01968 -12.151 -12.046 -11.957 -11.66 -11.362 -11.023 -11.806 -11.617 -11.358 -11.012 -10.652 -10.227 -11.626 -11.254 -10.815 -10.482 -10.164 -11.24 -10.85 -10.526 -10.314 -10.303 -10.867 -11.083 -10.678 -9.518 -8.987 -8.369 -10.936
0.020275 -12.188 -12.086 -11.998 -11.706 -11.41 -11.072 -11.848 -11.664 -11.406 -11.062 -10.703 -10.278 -11.672 -11.303 -10.865 -10.533 -10.216 -11.288 -10.9 -10.576 -10.365 -10.352 -10.917 -11.132 -10.729 -9.571 -9.041 -8.423 -10.986
0.020888 -12.224 -12.126 -12.04 -11.752 -11.458 -11.122 -11.89 -11.71 -11.454 -11.112 -10.753 -10.33 -11.719 -11.351 -10.916 -10.585 -10.268 -11.336 -10.949 -10.627 -10.415 -10.4 -10.967 -11.182 -10.78 -9.624 -9.094 -8.477 -11.035
0.02152 -12.26 -12.165 -12.081 -11.798 -11.506 -11.171 -11.931 -11.756 -11.502 -11.161 -10.804 -10.382 -11.765 -11.4 -10.966 -10.636 -10.319 -11.385 -10.999 -10.677 -10.465 -10.449 -11.017 -11.231 -10.83 -9.677 -9.147 -8.531 -11.085
0.022171 -12.296 -12.205 -12.122 -11.844 -11.553 -11.221 -11.973 -11.802 -11.55 -11.211 -10.855 -10.433 -11.811 -11.448 -11.016 -10.687 -10.371 -11.433 -11.049 -10.727 -10.515 -10.497 -11.066 -11.28 -10.881 -9.73 -9.201 -8.584 -11.134
0.022841 -12.331 -12.244 -12.163 -11.889 -11.601 -11.27 -12.014 -11.848 -11.597 -11.26 -10.905 -10.485 -11.857 -11.496 -11.066 -10.738 -10.423 -11.481 -11.098 -10.778 -10.566 -10.545 -11.116 -11.329 -10.931 -9.782 -9.254 -8.638 -11.183
0.023532 -12.366 -12.282 -12.204 -11.935 -11.649 -11.319 -12.055 -11.894 -11.645 -11.309 -10.956 -10.536 -11.902 -11.544 -11.116 -10.789 -10.474 -11.529 -11.148 -10.828 -10.616 -10.594 -11.165 -11.378 -10.981 -9.835 -9.307 -8.692 -11.232
0.024244 -12.401 -12.321 -12.244 -11.98 -11.696 -11.369 -12.096 -11.939 -11.693 -11.359 -11.006 -10.588 -11.948 -11.593 -11.166 -10.84 -10.526 -11.577 -11.197 -10.878 -10.666 -10.642 -11.215 -11.426 -11.032 -9.887 -9.36 -8.745 -11.281
0.024977 -12.436 -12.359 -12.284 -12.025 -11.744 -11.418 -12.137 -11.985 -11.74 -11.408 -11.056 -10.639 -11.993 -11.64 -11.216 -10.89 -10.578 -11.625 -11.247 -10.928 -10.716 -10.69 -11.264 -11.475 -11.082 -9.94 -9.413 -8.799 -11.33
0.025733 -12.471 -12.397 -12.325 -12.07 -11.791 -11.467 -12.178 -12.03 -11.787 -11.457 -11.106 -10.69 -12.039 -11.688 -11.266 -10.941 -10.629 -11.672 -11.296 -10.978 -10.766 -10.739 -11.314 -11.524 -11.132 -9.992 -9.466 -8.852 -11.379
0.026511 -12.505 -12.435 -12.364 -12.115 -11.838 -11.516 -12.218 -12.075 -11.834 -11.506 -11.157 -10.742 -12.084 -11.736 -11.315 -10.992 -10.68 -11.72 -11.345 -11.028 -10.816 -10.787 -11.363 -11.572 -11.182 -10.045 -9.519 -8.906 -11.428
0.027313 -12.539 -12.473 -12.404 -12.159 -11.885 -11.564 -12.258 -12.12 -11.881 -11.554 -11.207 -10.793 -12.129 -11.784 -11.365 -11.042 -10.732 -11.767 -11.394 -11.078 -10.866 -10.835 -11.412 -11.621 -11.232 -10.097 -9.572 -8.959 -11.476
0.028139 -12.573 -12.51 -12.444 -12.204 -11.932 -11.613 -12.298 -12.165 -11.928 -11.603 -11.257 -10.844 -12.174 -11.831 -11.415 -11.093 -10.783 -11.815 -11.443 -11.128 -10.916 -10.884 -11.461 -11.669 -11.282 -10.15 -9.625 -9.013 -11.525
0.02899 -12.607 -12.548 -12.483 -12.248 -11.979 -11.662 -12.338 -12.21 -11.975 -11.652 -11.307 -10.895 -12.219 -11.879 -11.464 -11.143 -10.834 -11.862 -11.492 -11.178 -10.966 -10.932 -11.51 -11.717 -11.332 -10.202 -9.678 -9.066 -11.574
0.029867 -12.64 -12.585 -12.522 -12.293 -12.026 -11.71 -12.378 -12.255 -12.022 -11.701 -11.356 -10.946 -12.263 -11.926 -11.513 -11.194 -10.885 -11.91 -11.541 -11.228 -11.016 -10.98 -11.559 -11.765 -11.382 -10.254 -9.731 -9.119 -11.622
0.03077 -12.673 -12.621 -12.561 -12.337 -12.072 -11.759 -12.418 -12.3 -12.069 -11.749 -11.406 -10.997 -12.308 -11.973 -11.563 -11.244 -10.937 -11.957 -11.59 -11.278 -11.066 -11.028 -11.608 -11.813 -11.431 -10.306 -9.784 -9.173 -11.67
0.031701 -12.706 -12.658 -12.6 -12.381 -12.119 -11.807 -12.457 -12.344 -12.115 -11.797 -11.456 -11.048 -12.352 -12.02 -11.612 -11.295 -10.988 -12.004 -11.639 -11.327 -11.115 -11.077 -11.656 -11.861 -11.481 -10.359 -9.837 -9.226 -11.719
0.032659 -12.739 -12.694 -12.638 -12.425 -12.165 -11.856 -12.496 -12.388 -12.161 -11.846 -11.506 -11.099 -12.396 -12.067 -11.661 -11.345 -11.039 -12.051 -11.688 -11.377 -11.165 -11.125 -11.705 -11.909 -11.531 -10.411 -9.889 -9.279 -11.767
0.033647 -12.771 -12.73 -12.676 -12.468 -12.211 -11.904 -12.535 -12.432 -12.208 -11.894 -11.555 -11.149 -12.44 -12.114 -11.71 -11.395 -11.09 -12.098 -11.736 -11.426 -11.215 -11.173 -11.753 -11.957 -11.58 -10.463 -9.942 -9.333 -11.815
0.034665 -12.803 -12.766 -12.714 -12.512 -12.258 -11.952 -12.574 -12.476 -12.254 -11.942 -11.605 -11.2 -12.484 -12.161 -11.759 -11.445 -11.141 -12.144 -11.785 -11.476 -11.264 -11.221 -11.802 -12.005 -11.63 -10.515 -9.995 -9.386 -11.863
0.035713 -12.835 -12.801 -12.752 -12.555 -12.304 -12.0 -12.613 -12.52 -12.3 -11.99 -11.654 -11.251 -12.528 -12.208 -11.808 -11.495 -11.191 -12.191 -11.833 -11.525 -11.314 -11.269 -11.85 -12.052 -11.679 -10.567 -10.048 -9.439 -11.911
0.036793 -12.866 -12.837 -12.79 -12.598 -12.349 -12.048 -12.651 -12.564 -12.346 -12.038 -11.703 -11.301 -12.572 -12.255 -11.857 -11.545 -11.242 -12.238 -11.882 -11.575 -11.364 -11.318 -11.899 -12.1 -11.728 -10.619 -10.1 -9.492 -11.958
0.037906 -12.897 -12.872 -12.827 -12.641 -12.395 -12.096 -12.689 -12.607 -12.392 -12.086 -11.753 -11.352 -12.615 -12.301 -11.906 -11.595 -11.293 -12.284 -11.93 -11.624 -11.413 -11.366 -11.947 -12.147 -11.777 -10.671 -10.153 -9.545 -12.006
0.039052 -12.928 -12.906 -12.864 -12.684 -12.441 -12.144 -12.728 -12.651 -12.437 -12.134 -11.802 -11.403 -12.659 -12.347 -11.954 -11.645 -11.344 -12.33 -11.978 -11.673 -11.463 -11.414 -11.995 -12.194 -11.826 -10.723 -10.205 -9.599 -12.054
0.040234 -12.959 -12.941 -12.901 -12.727 -12.487 -12.191 -12.765 -12.694 -12.483 -12.182 -11.851 -11.453 -12.702 -12.394 -12.003 -11.695 -11.394 -12.377 -12.027 -11.723 -11.512 -11.462 -12.043 -12.242 -11.876 -10.775 -10.258 -9.652 -12.101
0.04145 -12.99 -12.975 -12.938 -12.77 -12.532 -12.239 -12.803 -12.737 -12.528 -12.229 -11.9 -11.503 -12.745 -12.44 -12.051 -11.744 -11.445 -12.423 -12.075 -11.772 -11.562 -11.51 -12.091 -12.289 -11.924 -10.826 -10.31 -9.705 -12.149
0.042704 -13.02 -13.009 -12.975 -12.812 -12.577 -12.286 -12.841 -12.78 -12.574 -12.277 -11.949 -11.554 -12.788 -12.486 -12.1 -11.794 -11.495 -12.469 -12.123 -11.821 -11.611 -11.558 -12.139 -12.336 -11.973 -10.878 -10.363 -9.758 -12.196
0.043996 -13.05 -13.043 -13.011 -12.855 -12.622 -12.334 -12.878 -12.823 -12.619 -12.324 -11.998 -11.604 -12.83 -12.532 -12.148 -11.843 -11.546 -12.515 -12.171 -11.87 -11.66 -11.606 -12.186 -12.383 -12.022 -10.93 -10.415 -9.811 -12.243
0.045326 -13.079 -13.076 -13.047 -12.897 -12.668 -12.381 -12.915 -12.865 -12.664 -12.371 -12.047 -11.654 -12.873 -12.578 -12.196 -11.893 -11.596 -12.561 -12.219 -11.919 -11.71 -11.654 -12.234 -12.429 -12.071 -10.982 -10.468 -9.864 -12.29
0.046697 -13.108 -13.109 -13.083 -12.939 -12.712 -12.428 -12.952 -12.908 -12.709 -12.419 -12.096 -11.704 -12.915 -12.623 -12.245 -11.942 -11.646 -12.606 -12.266 -11.968 -11.759 -11.702 -12.282 -12.476 -12.12 -11.033 -10.52 -9.917 -12.338
0.048109 -13.137 -13.142 -13.118 -12.98 -12.757 -12.475 -12.989 -12.95 -12.754 -12.466 -12.144 -11.754 -12.958 -12.669 -12.293 -11.992 -11.697 -12.652 -12.314 -12.017 -11.808 -11.75 -12.329 -12.523 -12.168 -11.085 -10.572 -9.97 -12.384
0.049564 -13.166 -13.175 -13.154 -13.022 -12.802 -12.522 -13.026 -12.992 -12.798 -12.513 -12.193 -11.804 -13.0 -12.714 -12.341 -12.041 -11.747 -12.698 -12.362 -12.066 -11.857 -11.798 -12.377 -12.569 -12.217 -11.136 -10.625 -10.023 -12.431
0.051063 -13.195 -13.207 -13.189 -13.063 -12.847 -12.569 -13.062 -13.034 -12.843 -12.56 -12.241 -11.854 -13.042 -12.76 -12.389 -12.09 -11.797 -12.743 -12.409 -12.114 -11.906 -11.846 -12.424 -12.615 -12.265 -11.188 -10.677 -10.075 -12.478
0.052608 -13.223 -13.239 -13.224 -13.105 -12.891 -12.616 -13.098 -13.076 -12.887 -12.606 -12.29 -11.904 -13.083 -12.805 -12.436 -12.139 -11.847 -12.788 -12.457 -12.163 -11.955 -11.894 -12.471 -12.662 -12.313 -11.239 -10.729 -10.128 -12.525
0.054199 -13.25 -13.271 -13.258 -13.146 -12.935 -12.662 -13.134 -13.118 -12.932 -12.653 -12.338 -11.954 -13.125 -12.85 -12.484 -12.188 -11.897 -12.833 -12.504 -12.212 -12.004 -11.942 -12.518 -12.708 -12.362 -11.291 -10.781 -10.181 -12.571
0.055838 -13.278 -13.302 -13.293 -13.187 -12.979 -12.709 -13.17 -13.159 -12.976 -12.7 -12.386 -12.004 -13.166 -12.895 -12.532 -12.237 -11.947 -12.878 -12.551 -12.26 -12.053 -11.99 -12.565 -12.754 -12.41 -11.342 -10.833 -10.234 -12.618
0.057527 -13.305 -13.333 -13.327 -13.227 -13.023 -12.755 -13.205 -13.201 -13.02 -12.746 -12.435 -12.053 -13.208 -12.94 -12.579 -12.286 -11.997 -12.923 -12.599 -12.309 -12.102 -12.038 -12.612 -12.8 -12.458 -11.394 -10.886 -10.287 -12.664
0.059267 -13.332 -13.364 -13.361 -13.268 -13.067 -12.802 -13.241 -13.242 -13.064 -12.793 -12.483 -12.103 -13.249 -12.985 -12.627 -12.335 -12.047 -12.968 -12.646 -12.357 -12.151 -12.086 -12.659 -12.846 -12.506 -11.445 -10.938 -10.339 -12.71
0.061059 -13.358 -13.395 -13.394 -13.308 -13.111 -12.848 -13.276 -13.283 -13.107 -12.839 -12.531 -12.152 -13.289 -13.029 -12.674 -12.384 -12.097 -13.013 -12.693 -12.405 -12.2 -12.134 -12.706 -12.891 -12.554 -11.496 -10.99 -10.392 -12.756
0.062906 -13.385 -13.425 -13.427 -13.349 -13.155 -12.894 -13.311 -13.324 -13.151 -12.885 -12.579 -12.202 -13.33 -13.074 -12.721 -12.433 -12.146 -13.058 -12.74 -12.454 -12.248 -12.182 -12.752 -12.937 -12.601 -11.547 -11.042 -10.445 -12.802
0.064808 -13.41 -13.455 -13.461 -13.389 -13.198 -12.94 -13.346 -13.364 -13.195 -12.931 -12.626 -12.251 -13.371 -13.118 -12.768 -12.481 -12.196 -13.102 -12.787 -12.502 -12.297 -12.23 -12.799 -12.982 -12.649 -11.598 -11.094 -10.497 -12.848
0.066769 -13.436 -13.484 -13.493 -13.428 -13.241 -12.986 -13.38 -13.405 -13.238 -12.977 -12.674 -12.301 -13.411 -13.162 -12.815 -12.53 -12.246 -13.146 -12.834 -12.55 -12.346 -12.277 -12.845 -13.028 -12.697 -11.649 -11.146 -10.55 -12.894
0.068788 -13.461 -13.513 -13.526 -13.468 -13.285 -13.032 -13.415 -13.445 -13.281 -13.023 -12.722 -12.35 -13.451 -13.206 -12.862 -12.578 -12.295 -13.191 -12.88 -12.598 -12.394 -12.325 -12.891 -13.073 -12.744 -11.701 -11.197 -10.603 -12.94
0.070868 -13.486 -13.542 -13.558 -13.508 -13.328 -13.078 -13.449 -13.485 -13.324 -13.069 -12.769 -12.399 -13.491 -13.25 -12.909 -12.627 -12.345 -13.235 -12.927 -12.646 -12.443 -12.373 -12.938 -13.118 -12.792 -11.752 -11.249 -10.655 -12.986
0.073012 -13.51 -13.571 -13.59 -13.547 -13.37 -13.123 -13.483 -13.525 -13.367 -13.114 -12.817 -12.448 -13.531 -13.294 -12.956 -12.675 -12.394 -13.279 -12.973 -12.694 -12.491 -12.421 -12.984 -13.163 -12.839 -11.803 -11.301 -10.708 -13.031
