web/models/kne.last_good/kappa_1_10/23/villar_0.0416_0.1553_1.0000.dat
# %ECSV 1.0
# ---
# datatype:
# - {name: time, datatype: float64}
# - {name: swift_uvot_uvw2, datatype: float64}
# - {name: swift_uvot_uvm2, datatype: float64}
# - {name: swift_uvot_uvw1, datatype: float64}
# - {name: swift_uvot_U, datatype: float64}
# - {name: swift_uvot_B, datatype: float64}
# - {name: swift_uvot_V, datatype: float64}
# - {name: swift_uvot_W, datatype: float64}
# - {name: johnson_U, datatype: float64}
# - {name: johnson_B, datatype: float64}
# - {name: johnson_V, datatype: float64}
# - {name: johnson_R, datatype: float64}
# - {name: johnson_I, datatype: float64}
# - {name: sdss_u, datatype: float64}
# - {name: sdss_g, datatype: float64}
# - {name: sdss_r, datatype: float64}
# - {name: sdss_i, datatype: float64}
# - {name: sdss_z, datatype: float64}
# - {name: PS1_g, datatype: float64}
# - {name: PS1_r, datatype: float64}
# - {name: PS1_i, datatype: float64}
# - {name: PS1_z, datatype: float64}
# - {name: PS1_Y, datatype: float64}
# - {name: PS1_w, datatype: float64}
# - {name: ATLAS_c, datatype: float64}
# - {name: ATLAS_o, datatype: float64}
# - {name: ukirt_J, datatype: float64}
# - {name: ukirt_H, datatype: float64}
# - {name: ukirt_K, datatype: float64}
# - {name: Clear, datatype: float64}
# meta: !!omap
# - comment: [kappa = 1.0, type = villar, mass = 0.04162766037032262, velocity = 0.15533333333333332, theta_obs = 0.0]
# schema: astropy-2.0
time swift_uvot_uvw2 swift_uvot_uvm2 swift_uvot_uvw1 swift_uvot_U swift_uvot_B swift_uvot_V swift_uvot_W johnson_U johnson_B johnson_V johnson_R johnson_I sdss_u sdss_g sdss_r sdss_i sdss_z PS1_g PS1_r PS1_i PS1_z PS1_Y PS1_w ATLAS_c ATLAS_o ukirt_J ukirt_H ukirt_K Clear
[from data line 359]
44.212178 171.319 176.535 199.769 210.336 198.507 190.519 173.587 208.292 196.221 188.47 180.113 175.126 209.606 194.452 185.604 180.084 175.619 170.053 170.258 170.237 169.821 168.075 181.322 187.874 181.057 169.892 166.392 163.766 168.289
45.549345 182.309 187.525 210.76 221.326 209.497 201.509 184.578 219.283 207.212 199.46 191.104 186.117 220.597 205.442 196.595 191.075 186.609 181.044 181.249 181.227 180.812 179.066 192.313 198.864 192.048 180.883 177.382 174.756 179.28
46.926954 193.975 199.19 222.425 232.991 221.163 213.175 196.243 230.948 218.877 211.126 202.769 197.782 232.262 217.108 208.26 202.74 198.275 192.709 192.914 192.892 192.477 190.731 203.978 210.53 203.713 192.548 189.047 186.422 190.945
48.346227 206.356 211.572 234.807 245.373 233.544 225.556 208.625 243.33 231.259 223.507 215.151 210.164 244.644 229.489 220.642 215.122 210.656 205.091 205.296 205.274 204.859 203.113 216.36 222.911 216.095 204.93 201.429 198.803 203.327
49.808426 219.498 224.714 247.949 258.515 246.686 238.698 221.767 256.472 244.401 236.649 228.293 223.306 257.786 242.631 233.784 228.264 223.798 218.233 218.438 218.416 218.001 216.255 229.502 236.053 229.237 218.072 214.571 211.945 216.469
51.314848 233.447 238.663 261.898 272.464 260.635 252.647 235.716 270.421 258.35 250.598 242.242 237.255 271.735 256.58 247.732 242.213 237.747 232.182 232.386 232.365 231.95 230.204 243.451 250.002 243.185 232.021 228.52 225.894 230.418
52.86683 248.253 253.468 276.703 287.269 275.441 267.452 250.521 285.226 273.155 265.404 257.047 252.06 286.54 271.386 262.538 257.018 252.552 246.987 247.192 247.17 246.755 245.009 258.256 264.808 257.991 246.826 243.325 240.7 245.223
54.465752 263.967 269.183 292.418 302.984 291.155 283.167 266.236 300.941 288.869 281.118 272.762 267.775 302.255 287.1 278.252 272.733 268.267 262.702 262.906 262.885 262.469 260.724 273.971 280.522 273.705 262.54 259.04 256.414 260.938
56.113031 280.647 285.862 309.097 319.663 307.835 299.846 282.915 317.62 305.549 297.798 289.441 284.454 318.934 303.78 294.932 289.412 284.946 279.381 279.586 279.564 279.149 277.403 290.65 297.201 290.385 279.22 275.719 273.093 277.617
57.810132 298.35 303.566 326.801 337.367 325.538 317.55 300.619 335.324 323.252 315.501 307.145 302.158 336.638 321.483 312.635 307.116 302.65 297.085 297.289 297.268 296.852 295.107 308.354 314.905 308.088 296.923 293.423 290.797 295.321
59.55856 317.141 322.356 345.591 356.157 344.329 336.341 319.409 354.114 342.043 334.292 325.935 320.948 355.428 340.274 331.426 325.906 321.441 315.875 316.08 316.058 315.643 313.897 327.144 333.696 326.879 315.714 312.213 309.588 314.111
61.359868 337.085 342.301 365.536 376.102 364.273 356.285 339.354 374.059 361.988 354.236 345.88 340.893 375.373 360.218 351.37 345.851 341.385 335.82 336.024 336.003 335.588 333.842 347.089 353.64 346.823 335.659 332.158 329.532 334.056
63.215655 358.254 363.47 386.705 397.271 385.442 377.454 360.523 395.228 383.157 375.405 367.049 362.062 396.542 381.387 372.54 367.02 362.554 356.989 357.193 357.172 356.757 355.011 368.258 374.809 367.992 356.828 353.327 350.701 355.225
65.127569 380.723 385.939 409.174 419.74 407.911 399.923 382.992 417.697 405.626 397.874 389.518 384.531 419.011 403.856 395.009 389.489 385.023 379.458 379.662 379.641 379.226 377.48 390.727 397.278 390.461 379.297 375.796 373.17 377.694
67.097308 404.572 409.788 433.022 443.589 431.76 423.772 406.84 441.545 429.474 421.723 413.366 408.379 442.859 427.705 418.857 413.337 408.872 403.306 403.511 403.49 403.074 401.328 414.575 421.127 414.31 403.145 399.645 397.019 401.542
69.126621 429.885 435.101 458.335 468.902 457.073 449.085 432.153 466.858 454.787 447.036 438.679 433.692 468.172 453.018 444.17 438.65 434.185 428.619 428.824 428.803 428.387 426.641 439.888 446.44 439.623 428.458 424.958 422.332 426.856
71.217308 456.752 461.968 485.203 495.769 483.94 475.952 459.021 493.726 481.655 473.903 465.547 460.56 495.04 479.885 471.038 465.518 461.052 455.487 455.691 455.67 455.255 453.509 466.756 473.307 466.49 455.326 451.825 449.199 453.723
73.371227 485.269 490.485 513.72 524.286 512.457 504.469 487.538 522.243 510.172 502.42 494.064 489.077 523.557 508.402 499.555 494.035 489.569 484.004 484.209 484.187 483.772 482.026 495.273 501.824 495.008 483.843 480.342 477.716 482.24
75.59029 515.537 520.753 543.988 554.554 542.725 534.737 517.806 552.511 540.44 532.688 524.332 519.345 553.825 538.67 529.823 524.303 519.837 514.272 514.477 514.455 514.04 512.294 525.541 532.092 525.276 514.111 510.61 507.984 512.508
77.876467 547.664 552.88 576.115 586.681 574.852 566.864 549.933 584.638 572.566 564.815 556.459 551.472 585.952 570.797 561.949 556.43 551.964 546.399 546.603 546.582 546.167 544.421 557.668 564.219 557.402 546.237 542.737 540.111 544.635
80.231787 581.764 586.979 610.214 620.78 608.952 600.963 584.032 618.737 606.666 598.914 590.558 585.571 620.051 604.897 596.049 590.529 586.063 580.498 580.703 580.681 580.266 578.52 591.767 598.318 591.502 580.337 576.836 574.21 578.734
82.658343 617.957 623.172 646.407 656.973 645.145 637.156 620.225 654.93 642.859 635.108 626.751 621.764 656.244 641.09 632.242 626.722 622.257 616.691 616.896 616.874 616.459 614.713 627.96 634.512 627.695 616.53 613.029 610.404 614.927
85.158288 656.372 661.588 684.823 695.389 683.56 675.572 658.641 693.346 681.275 673.523 665.167 660.18 694.66 679.505 670.657 665.138 660.672 655.107 655.311 655.29 654.875 653.129 666.376 672.927 666.11 654.946 651.445 648.819 653.343
87.733843 697.147 702.362 725.597 736.163 724.335 716.346 699.415 734.12 722.049 714.298 705.941 700.954 735.434 720.28 711.432 705.912 701.446 695.881 696.086 696.064 695.649 693.903 707.15 713.702 706.885 695.72 692.219 689.594 694.117
90.387293 740.425 745.64 768.875 779.441 767.613 759.624 742.693 777.398 765.327 757.576 749.219 744.232 778.712 763.558 754.71 749.19 744.725 739.159 739.364 739.342 738.927 737.181 750.428 756.98 750.163 738.998 735.497 732.872 737.395
93.120995 786.36 791.576 nan nan nan nan 788.629 nan nan nan nan 792.795 nan nan nan nan nan 785.095 785.3 785.278 784.864 783.12 nan nan nan 784.907 781.433 778.807 783.331
95.937376 nan nan nan nan nan nan nan nan nan nan nan nan nan nan nan nan nan nan nan nan nan nan nan nan nan nan nan nan nan
98.838937 nan nan nan nan nan nan nan nan nan nan nan nan nan nan nan nan nan nan nan nan nan nan nan nan nan nan nan nan nan
101.828253 nan nan nan nan nan nan nan nan nan nan nan nan nan nan nan nan nan nan nan nan nan nan nan nan nan nan nan nan nan
104.907979 nan nan nan nan nan nan nan nan nan nan nan nan nan nan nan nan nan nan nan nan nan nan nan nan nan nan nan nan nan
108.080849 nan nan nan nan nan nan nan nan nan nan nan nan nan nan nan nan nan nan nan nan nan nan nan nan nan nan nan nan nan
111.349681 nan nan nan nan nan nan nan nan nan nan nan nan nan nan nan nan nan nan nan nan nan nan nan nan nan nan nan nan nan
114.717376 nan nan nan nan nan nan nan nan nan nan nan nan nan nan nan nan nan nan nan nan nan nan nan nan nan nan nan nan nan
118.186925 nan nan nan nan nan nan nan nan nan nan nan nan nan nan nan nan nan nan nan nan nan nan nan nan nan nan nan nan nan
121.761408 nan nan nan nan nan nan nan nan nan nan nan nan nan nan nan nan nan nan nan nan nan nan nan nan nan nan nan nan nan
125.443999 nan nan nan nan nan nan nan nan nan nan nan nan nan nan nan nan nan nan nan nan nan nan nan nan nan nan nan nan nan
129.237967 nan nan nan nan nan nan nan nan nan nan nan nan nan nan nan nan nan nan nan nan nan nan nan nan nan nan nan nan nan
133.146681 nan nan nan nan nan nan nan nan nan nan nan nan nan nan nan nan nan nan nan nan nan nan nan nan nan nan nan nan nan
137.173612 nan nan nan nan nan nan nan nan nan nan nan nan nan nan nan nan nan nan nan nan nan nan nan nan nan nan nan nan nan
141.322334 nan nan nan nan nan nan nan nan nan nan nan nan nan nan nan nan nan nan nan nan nan nan nan nan nan nan nan nan nan
145.596532 nan nan nan nan nan nan nan nan nan nan nan nan nan nan nan nan nan nan nan nan nan nan nan nan nan nan nan nan nan
150.0 nan nan nan nan nan nan nan nan nan nan nan nan nan nan nan nan nan nan nan nan nan nan nan nan nan nan nan nan nan
