web/models/kne.last_good/kappa_1_10/23/villar_0.0023_0.3903_10.0000.dat
# %ECSV 1.0
# ---
# datatype:
# - {name: time, datatype: float64}
# - {name: swift_uvot_uvw2, datatype: float64}
# - {name: swift_uvot_uvm2, datatype: float64}
# - {name: swift_uvot_uvw1, datatype: float64}
# - {name: swift_uvot_U, datatype: float64}
# - {name: swift_uvot_B, datatype: float64}
# - {name: swift_uvot_V, datatype: float64}
# - {name: swift_uvot_W, datatype: float64}
# - {name: johnson_U, datatype: float64}
# - {name: johnson_B, datatype: float64}
# - {name: johnson_V, datatype: float64}
# - {name: johnson_R, datatype: float64}
# - {name: johnson_I, datatype: float64}
# - {name: sdss_u, datatype: float64}
# - {name: sdss_g, datatype: float64}
# - {name: sdss_r, datatype: float64}
# - {name: sdss_i, datatype: float64}
# - {name: sdss_z, datatype: float64}
# - {name: PS1_g, datatype: float64}
# - {name: PS1_r, datatype: float64}
# - {name: PS1_i, datatype: float64}
# - {name: PS1_z, datatype: float64}
# - {name: PS1_Y, datatype: float64}
# - {name: PS1_w, datatype: float64}
# - {name: ATLAS_c, datatype: float64}
# - {name: ATLAS_o, datatype: float64}
# - {name: ukirt_J, datatype: float64}
# - {name: ukirt_H, datatype: float64}
# - {name: ukirt_K, datatype: float64}
# - {name: Clear, datatype: float64}
# meta: !!omap
# - comment: [kappa = 10.0, type = villar, mass = 0.0022901433483143324, velocity = 0.3903333333333333, theta_obs = 0.0]
# schema: astropy-2.0
time swift_uvot_uvw2 swift_uvot_uvm2 swift_uvot_uvw1 swift_uvot_U swift_uvot_B swift_uvot_V swift_uvot_W johnson_U johnson_B johnson_V johnson_R johnson_I sdss_u sdss_g sdss_r sdss_i sdss_z PS1_g PS1_r PS1_i PS1_z PS1_Y PS1_w ATLAS_c ATLAS_o ukirt_J ukirt_H ukirt_K Clear
[from data line 219]
0.682197 -6.767 -3.907 -6.352 -8.409 -10.065 -11.218 -9.318 -8.71 -10.109 -11.262 -12.054 -12.566 -8.604 -10.53 -11.726 -12.284 -12.618 -10.772 -11.764 -12.313 -12.593 -12.779 -11.759 -11.153 -12.01 -12.898 -12.864 -12.643 -11.778
0.70283 -6.767 -3.907 -6.351 -8.409 -10.065 -11.217 -9.317 -8.71 -10.108 -11.261 -12.054 -12.565 -8.604 -10.53 -11.726 -12.284 -12.618 -10.772 -11.763 -12.313 -12.592 -12.779 -11.758 -11.152 -12.01 -12.898 -12.863 -12.643 -11.778
0.724086 -6.765 -3.905 -6.35 -8.407 -10.063 -11.216 -9.316 -8.708 -10.107 -11.26 -12.052 -12.564 -8.602 -10.528 -11.724 -12.283 -12.617 -10.77 -11.762 -12.311 -12.591 -12.778 -11.757 -11.151 -12.008 -12.897 -12.862 -12.641 -11.776
0.745986 -6.763 -3.903 -6.348 -8.405 -10.061 -11.214 -9.314 -8.706 -10.105 -11.257 -12.05 -12.562 -8.6 -10.526 -11.722 -12.28 -12.614 -10.768 -11.76 -12.309 -12.589 -12.775 -11.755 -11.149 -12.006 -12.894 -12.86 -12.639 -11.774
0.768548 -6.76 -3.9 -6.344 -8.402 -10.058 -11.21 -9.31 -8.703 -10.101 -11.254 -12.047 -12.558 -8.597 -10.523 -11.719 -12.277 -12.611 -10.765 -11.756 -12.306 -12.585 -12.772 -11.751 -11.145 -12.003 -12.891 -12.856 -12.636 -11.771
0.791792 -6.755 -3.895 -6.34 -8.397 -10.053 -11.206 -9.306 -8.698 -10.097 -11.25 -12.042 -12.554 -8.592 -10.518 -11.714 -12.272 -12.607 -10.76 -11.752 -12.301 -12.581 -12.767 -11.747 -11.141 -11.998 -12.886 -12.852 -12.631 -11.766
0.815739 -6.75 -3.89 -6.334 -8.392 -10.048 -11.2 -9.301 -8.693 -10.091 -11.244 -12.037 -12.548 -8.587 -10.513 -11.709 -12.267 -12.601 -10.755 -11.746 -12.296 -12.576 -12.762 -11.742 -11.135 -11.993 -12.881 -12.846 -12.626 -11.761
0.840411 -6.743 -3.883 -6.328 -8.385 -10.041 -11.194 -9.294 -8.686 -10.085 -11.237 -12.03 -12.542 -8.58 -10.506 -11.702 -12.26 -12.594 -10.748 -11.74 -12.289 -12.569 -12.755 -11.735 -11.129 -11.986 -12.874 -12.84 -12.619 -11.754
0.865828 -6.735 -3.875 -6.32 -8.377 -10.033 -11.186 -9.286 -8.678 -10.077 -11.229 -12.022 -12.534 -8.572 -10.498 -11.694 -12.252 -12.586 -10.74 -11.732 -12.281 -12.561 -12.747 -11.727 -11.121 -11.978 -12.866 -12.832 -12.611 -11.746
0.892015 -6.726 -3.866 -6.31 -8.367 -10.024 -11.176 -9.276 -8.669 -10.067 -11.22 -12.013 -12.524 -8.563 -10.489 -11.685 -12.243 -12.577 -10.731 -11.722 -12.272 -12.551 -12.738 -11.717 -11.111 -11.969 -12.857 -12.822 -12.602 -11.737
0.918993 -6.715 -3.855 -6.299 -8.357 -10.013 -11.166 -9.266 -8.658 -10.057 -11.209 -12.002 -12.514 -8.552 -10.478 -11.674 -12.232 -12.566 -10.72 -11.711 -12.261 -12.541 -12.727 -11.707 -11.101 -11.958 -12.846 -12.812 -12.591 -11.726
0.946787 -6.703 -3.843 -6.287 -8.345 -10.001 -11.153 -9.253 -8.646 -10.044 -11.197 -11.99 -12.501 -8.54 -10.466 -11.662 -12.22 -12.554 -10.708 -11.699 -12.249 -12.528 -12.715 -11.695 -11.088 -11.946 -12.834 -12.799 -12.579 -11.714
0.975422 -6.689 -3.829 -6.273 -8.331 -9.987 -11.14 -9.24 -8.632 -10.031 -11.183 -11.976 -12.488 -8.526 -10.452 -11.648 -12.206 -12.54 -10.694 -11.685 -12.235 -12.515 -12.701 -11.681 -11.075 -11.932 -12.82 -12.786 -12.565 -11.7
1.004923 -6.673 -3.814 -6.258 -8.315 -9.971 -11.124 -9.224 -8.617 -10.015 -11.168 -11.961 -12.472 -8.51 -10.436 -11.633 -12.191 -12.525 -10.679 -11.67 -12.219 -12.499 -12.686 -11.665 -11.059 -11.916 -12.805 -12.77 -12.549 -11.685
1.035317 -6.656 -3.796 -6.241 -8.298 -9.954 -11.107 -9.207 -8.599 -9.998 -11.151 -11.943 -12.455 -8.493 -10.419 -11.615 -12.173 -12.508 -10.661 -11.653 -12.202 -12.482 -12.668 -11.648 -11.042 -11.899 -12.787 -12.753 -12.532 -11.667
1.066629 -6.637 -3.777 -6.222 -8.279 -9.935 -11.088 -9.188 -8.58 -9.979 -11.132 -11.924 -12.436 -8.474 -10.4 -11.596 -12.154 -12.489 -10.642 -11.634 -12.183 -12.463 -12.649 -11.629 -11.023 -11.88 -12.768 -12.734 -12.513 -11.648
1.098888 -6.616 -3.756 -6.201 -8.258 -9.914 -11.067 -9.167 -8.559 -9.958 -11.111 -11.903 -12.415 -8.453 -10.379 -11.575 -12.133 -12.468 -10.621 -11.613 -12.162 -12.442 -12.628 -11.608 -11.002 -11.859 -12.747 -12.713 -12.492 -11.627
1.132124 -6.593 -3.733 -6.178 -8.235 -9.891 -11.044 -9.144 -8.536 -9.935 -11.088 -11.88 -12.392 -8.43 -10.356 -11.552 -12.11 -12.445 -10.598 -11.59 -12.139 -12.419 -12.605 -11.585 -10.979 -11.836 -12.724 -12.69 -12.469 -11.604
1.166364 -6.568 -3.708 -6.153 -8.21 -9.866 -11.019 -9.119 -8.511 -9.91 -11.062 -11.855 -12.367 -8.405 -10.331 -11.527 -12.085 -12.419 -10.573 -11.565 -12.114 -12.394 -12.58 -11.56 -10.954 -11.811 -12.699 -12.665 -12.444 -11.579
1.20164 -6.54 -3.681 -6.125 -8.182 -9.838 -10.991 -9.091 -8.484 -9.882 -11.035 -11.828 -12.339 -8.377 -10.303 -11.5 -12.058 -12.392 -10.546 -11.537 -12.086 -12.366 -12.553 -11.532 -10.926 -11.783 -12.672 -12.637 -12.416 -11.552
1.237983 -6.511 -3.651 -6.095 -8.152 -9.808 -10.961 -9.061 -8.454 -9.852 -11.005 -11.798 -12.309 -8.347 -10.274 -11.47 -12.028 -12.362 -10.516 -11.507 -12.056 -12.336 -12.523 -11.502 -10.896 -11.754 -12.642 -12.607 -12.387 -11.522
1.275425 -6.478 -3.618 -6.063 -8.12 -9.776 -10.929 -9.029 -8.421 -9.82 -10.973 -11.765 -12.277 -8.315 -10.241 -11.437 -11.995 -12.329 -10.483 -11.475 -12.024 -12.304 -12.49 -11.47 -10.864 -11.721 -12.609 -12.575 -12.354 -11.489
1.313999 -6.443 -3.583 -6.027 -8.085 -9.741 -10.894 -8.994 -8.386 -9.785 -10.937 -11.73 -12.242 -8.28 -10.206 -11.402 -11.96 -12.294 -10.448 -11.439 -11.989 -12.269 -12.455 -11.435 -10.829 -11.686 -12.574 -12.54 -12.319 -11.454
1.35374 -6.405 -3.545 -5.989 -8.047 -9.703 -10.855 -8.956 -8.348 -9.746 -10.899 -11.692 -12.204 -8.242 -10.168 -11.364 -11.922 -12.256 -10.41 -11.401 -11.951 -12.231 -12.417 -11.397 -10.791 -11.648 -12.536 -12.502 -12.281 -11.416
1.394683 -6.364 -3.504 -5.948 -8.006 -9.662 -10.814 -8.915 -8.307 -9.705 -10.858 -11.651 -12.162 -8.201 -10.127 -11.323 -11.881 -12.215 -10.369 -11.36 -11.91 -12.19 -12.376 -11.356 -10.749 -11.607 -12.495 -12.46 -12.24 -11.375
1.436864 -6.32 -3.46 -5.904 -7.961 -9.617 -10.77 -8.87 -8.263 -9.661 -10.814 -11.607 -12.118 -8.156 -10.083 -11.279 -11.837 -12.171 -10.325 -11.316 -11.865 -12.145 -12.332 -11.311 -10.705 -11.563 -12.451 -12.416 -12.196 -11.331
1.480321 -6.272 -3.412 -5.857 -7.914 -9.57 -10.723 -8.823 -8.215 -9.614 -10.766 -11.559 -12.071 -8.109 -10.035 -11.231 -11.789 -12.123 -10.277 -11.269 -11.818 -12.098 -12.284 -11.264 -10.658 -11.515 -12.403 -12.369 -12.148 -11.283
1.525092 -6.221 -3.361 -5.805 -7.863 -9.519 -10.671 -8.772 -8.164 -9.562 -10.715 -11.508 -12.02 -8.058 -9.984 -11.18 -11.738 -12.072 -10.226 -11.217 -11.767 -12.047 -12.233 -11.213 -10.606 -11.464 -12.352 -12.317 -12.097 -11.232
1.571218 -6.166 -3.306 -5.75 -7.808 -9.464 -10.617 -8.717 -8.109 -9.508 -10.66 -11.453 -11.965 -8.003 -9.929 -11.125 -11.683 -12.017 -10.171 -11.162 -11.712 -11.992 -12.178 -11.158 -10.552 -11.409 -12.297 -12.263 -12.042 -11.177
1.618738 -6.107 -3.247 -5.692 -7.749 -9.405 -10.558 -8.658 -8.05 -9.449 -10.602 -11.394 -11.906 -7.944 -9.87 -11.066 -11.624 -11.958 -10.112 -11.104 -11.653 -11.933 -12.119 -11.099 -10.493 -11.35 -12.238 -12.204 -11.983 -11.118
1.667696 -6.044 -3.184 -5.629 -7.686 -9.342 -10.495 -8.595 -7.987 -9.386 -10.538 -11.331 -11.843 -7.881 -9.807 -11.003 -11.561 -11.895 -10.049 -11.041 -11.59 -11.87 -12.056 -11.036 -10.43 -11.287 -12.175 -12.141 -11.92 -11.055
1.718134 -5.977 -3.117 -5.561 -7.618 -9.274 -10.427 -8.527 -7.92 -9.318 -10.471 -11.264 -11.775 -7.814 -9.74 -10.936 -11.494 -11.828 -9.982 -10.973 -11.523 -11.802 -11.989 -10.968 -10.362 -11.22 -12.108 -12.073 -11.853 -10.988
1.770098 -5.904 -3.045 -5.489 -7.546 -9.202 -10.355 -8.455 -7.848 -9.246 -10.399 -11.192 -11.703 -7.741 -9.667 -10.864 -11.422 -11.756 -9.91 -10.901 -11.45 -11.73 -11.917 -10.896 -10.29 -11.147 -12.036 -12.001 -11.78 -10.916
1.823633 -5.827 -2.967 -5.412 -7.469 -9.125 -10.278 -8.378 -7.771 -9.169 -10.322 -11.115 -11.626 -7.664 -9.59 -10.787 -11.345 -11.679 -9.833 -10.824 -11.373 -11.653 -11.84 -10.819 -10.213 -11.07 -11.959 -11.924 -11.703 -10.838
1.878788 -5.745 -2.885 -5.33 -7.387 -9.043 -10.196 -8.296 -7.688 -9.087 -10.24 -11.032 -11.544 -7.582 -9.508 -10.704 -11.262 -11.597 -9.75 -10.742 -11.291 -11.571 -11.757 -10.737 -10.131 -10.988 -11.876 -11.842 -11.621 -10.756
1.93561 -5.657 -2.797 -5.242 -7.299 -8.955 -10.108 -8.208 -7.6 -8.999 -10.152 -10.945 -11.456 -7.494 -9.42 -10.617 -11.175 -11.509 -9.662 -10.654 -11.203 -11.483 -11.67 -10.649 -10.043 -10.9 -11.789 -11.754 -11.533 -10.668
1.994152 -5.564 -2.704 -5.148 -7.206 -8.862 -10.014 -8.115 -7.507 -8.905 -10.058 -10.851 -11.362 -7.401 -9.327 -10.523 -11.081 -11.415 -9.569 -10.56 -11.11 -11.39 -11.576 -10.556 -9.949 -10.807 -11.695 -11.66 -11.44 -10.575
2.054463 -5.464 -2.604 -5.049 -7.106 -8.762 -9.915 -8.015 -7.407 -8.806 -9.958 -10.751 -11.263 -7.301 -9.227 -10.423 -10.981 -11.315 -9.469 -10.461 -11.01 -11.29 -11.476 -10.456 -9.85 -10.707 -11.595 -11.561 -11.34 -10.475
2.116599 -5.358 -2.498 -4.942 -7.0 -8.656 -9.808 -7.909 -7.301 -8.699 -9.852 -10.645 -11.156 -7.195 -9.121 -10.317 -10.875 -11.209 -9.363 -10.354 -10.904 -11.184 -11.37 -10.35 -9.743 -10.601 -11.489 -11.454 -11.234 -10.369
2.180614 -5.245 -2.385 -4.829 -6.887 -8.543 -9.695 -7.795 -7.188 -8.586 -9.739 -10.532 -11.043 -7.082 -9.008 -10.204 -10.762 -11.096 -9.25 -10.241 -10.791 -11.07 -11.257 -10.236 -9.63 -10.488 -11.376 -11.341 -11.121 -10.256
2.246566 -5.124 -2.264 -4.709 -6.766 -8.422 -9.575 -7.675 -7.067 -8.466 -9.619 -10.411 -10.923 -6.961 -8.887 -10.083 -10.641 -10.976 -9.129 -10.121 -10.67 -10.95 -11.136 -10.116 -9.51 -10.367 -11.255 -11.221 -11.0 -10.135
2.314511 -4.996 -2.136 -4.581 -6.638 -8.294 -9.447 -7.547 -6.939 -8.338 -9.491 -10.283 -10.795 -6.833 -8.759 -9.955 -10.513 -10.847 -9.001 -9.993 -10.542 -10.822 -11.008 -9.988 -9.382 -10.239 -11.127 -11.093 -10.872 -10.007
2.384512 -4.86 -2.0 -4.444 -6.502 -8.158 -9.311 -7.411 -6.803 -8.202 -9.354 -10.147 -10.659 -6.697 -8.623 -9.819 -10.377 -10.711 -8.865 -9.856 -10.406 -10.686 -10.872 -9.852 -9.246 -10.103 -10.991 -10.957 -10.736 -9.871
2.45663 -4.715 -1.855 -4.3 -6.357 -8.013 -9.166 -7.266 -6.658 -8.057 -9.209 -10.002 -10.514 -6.552 -8.478 -9.674 -10.232 -10.566 -8.72 -9.712 -10.261 -10.541 -10.727 -9.707 -9.101 -9.958 -10.846 -10.812 -10.591 -9.726
2.530929 -4.561 -1.701 -4.146 -6.203 -7.859 -9.012 -7.112 -6.504 -7.903 -9.055 -9.848 -10.36 -6.398 -8.324 -9.52 -10.078 -10.412 -8.566 -9.558 -10.107 -10.387 -10.573 -9.553 -8.947 -9.804 -10.692 -10.658 -10.437 -9.572
2.607475 -4.397 -1.537 -3.982 -6.039 -7.695 -8.848 -6.948 -6.34 -7.739 -8.892 -9.684 -10.196 -6.234 -8.16 -9.356 -9.915 -10.249 -8.402 -9.394 -9.943 -10.223 -10.41 -9.389 -8.783 -9.64 -10.529 -10.494 -10.273 -9.408
2.686337 -4.223 -1.364 -3.808 -5.865 -7.521 -8.674 -6.774 -6.167 -7.565 -8.718 -9.511 -10.022 -6.06 -7.986 -9.183 -9.741 -10.075 -8.229 -9.22 -9.769 -10.049 -10.236 -9.215 -8.609 -9.466 -10.355 -10.32 -10.099 -9.235
2.767583 -4.039 -1.179 -3.623 -5.681 -7.337 -8.489 -6.59 -5.982 -7.38 -8.533 -9.326 -9.837 -5.876 -7.802 -8.998 -9.556 -9.89 -8.044 -9.035 -9.585 -9.865 -10.051 -9.031 -8.424 -9.282 -10.17 -10.135 -9.915 -9.05
2.851287 -3.843 -0.983 -3.427 -5.484 -7.14 -8.293 -6.393 -5.786 -7.184 -8.337 -9.13 -9.641 -5.679 -7.606 -8.802 -9.36 -9.694 -7.848 -8.839 -9.388 -9.668 -9.855 -8.834 -8.228 -9.086 -9.974 -9.939 -9.719 -8.854
2.937522 -3.634 -0.774 -3.219 -5.276 -6.932 -8.085 -6.185 -5.577 -6.976 -8.129 -8.921 -9.433 -5.471 -7.397 -8.593 -9.151 -9.486 -7.639 -8.631 -9.18 -9.46 -9.646 -8.626 -8.02 -8.877 -9.765 -9.731 -9.51 -8.645
3.026365 -3.413 -0.553 -2.997 -5.055 -6.711 -7.864 -5.964 -5.356 -6.755 -7.907 -8.7 -9.212 -5.25 -7.176 -8.372 -8.93 -9.264 -7.418 -8.409 -8.959 -9.239 -9.425 -8.405 -7.799 -8.656 -9.544 -9.51 -9.289 -8.424
3.117896 -3.178 -0.318 -2.763 -4.82 -6.476 -7.629 -5.729 -5.121 -6.52 -7.672 -8.465 -8.977 -5.015 -6.941 -8.137 -8.695 -9.029 -7.183 -8.175 -8.724 -9.004 -9.19 -8.17 -7.564 -8.421 -9.309 -9.275 -9.054 -8.189
3.212194 -2.929 -0.069 -2.513 -4.57 -6.226 -7.379 -5.479 -4.872 -6.27 -7.423 -8.216 -8.727 -4.765 -6.692 -7.888 -8.446 -8.78 -6.934 -7.925 -8.474 -8.754 -8.941 -7.92 -7.314 -8.171 -9.06 -9.025 -8.804 -7.94
3.309345 -2.664 0.196 -2.248 -4.306 -5.962 -7.114 -5.214 -4.607 -6.005 -7.158 -7.951 -8.462 -4.501 -6.427 -7.623 -8.181 -8.515 -6.669 -7.66 -8.21 -8.489 -8.676 -7.656 -7.049 -7.907 -8.795 -8.76 -8.54 -7.675
3.409434 -2.383 0.477 -1.967 -4.024 -5.68 -6.833 -4.933 -4.326 -5.724 -6.877 -7.67 -8.181 -4.219 -6.146 -7.342 -7.9 -8.234 -6.388 -7.379 -7.928 -8.208 -8.395 -7.374 -6.768 -7.626 -8.514 -8.479 -8.259 -7.394
3.51255 -2.084 0.776 -1.669 -3.726 -5.382 -6.535 -4.635 -4.027 -5.426 -6.579 -7.371 -7.883 -3.921 -5.847 -7.043 -7.601 -7.935 -6.089 -7.081 -7.63 -7.91 -8.096 -7.076 -6.47 -7.327 -8.215 -8.181 -7.96 -7.095
3.618785 -1.767 1.093 -1.352 -3.409 -5.065 -6.218 -4.318 -3.71 -5.109 -6.262 -7.054 -7.566 -3.604 -5.53 -6.726 -7.285 -7.619 -5.772 -6.764 -7.313 -7.593 -7.78 -6.759 -6.153 -7.01 -7.899 -7.864 -7.643 -6.778
3.728232 -1.431 1.429 -1.016 -3.073 -4.729 -5.882 -3.982 -3.374 -4.773 -5.925 -6.718 -7.23 -3.268 -5.194 -6.39 -6.948 -7.282 -5.436 -6.428 -6.977 -7.257 -7.443 -6.423 -5.817 -6.674 -7.562 -7.528 -7.307 -6.442
3.84099 -1.074 1.786 -0.659 -2.716 -4.372 -5.525 -3.625 -3.017 -4.416 -5.569 -6.361 -6.873 -2.911 -4.837 -6.033 -6.591 -6.925 -5.079 -6.071 -6.62 -6.9 -7.086 -6.066 -5.46 -6.317 -7.205 -7.171 -6.95 -6.085
3.957158 -0.695 2.165 -0.28 -2.337 -3.993 -5.146 -3.246 -2.638 -4.037 -5.19 -5.982 -6.494 -2.532 -4.458 -5.654 -6.213 -6.547 -4.7 -5.692 -6.241 -6.521 -6.707 -5.687 -5.081 -5.938 -6.826 -6.792 -6.571 -5.706
4.07684 -0.293 2.567 0.122 -1.935 -3.591 -4.744 -2.844 -2.236 -3.635 -4.788 -5.58 -6.092 -2.13 -4.056 -5.252 -5.81 -6.144 -4.298 -5.29 -5.839 -6.119 -6.305 -5.285 -4.679 -5.536 -6.424 -6.39 -6.169 -5.304
4.200141 0.134 2.994 0.549 -1.508 -3.164 -4.317 -2.417 -1.809 -3.208 -4.361 -5.153 -5.665 -1.703 -3.629 -4.825 -5.384 -5.718 -3.871 -4.863 -5.412 -5.692 -5.878 -4.858 -4.252 -5.109 -5.998 -5.963 -5.742 -4.877
4.327172 0.587 3.447 1.002 -1.055 -2.711 -3.864 -1.964 -1.356 -2.755 -3.908 -4.7 -5.212 -1.25 -3.176 -4.372 -4.93 -5.265 -3.418 -4.41 -4.959 -5.239 -5.425 -4.405 -3.799 -4.656 -5.544 -5.51 -5.289 -4.424
4.458044 1.068 3.928 1.483 -0.574 -2.23 -3.383 -1.483 -0.875 -2.274 -3.427 -4.22 -4.731 -0.769 -2.695 -3.892 -4.45 -4.784 -2.937 -3.929 -4.478 -4.758 -4.945 -3.924 -3.318 -4.175 -5.064 -5.029 -4.808 -3.943
4.592874 1.578 4.438 1.993 -0.064 -1.72 -2.873 -0.973 -0.365 -1.764 -2.916 -3.709 -4.221 -0.259 -2.185 -3.381 -3.939 -4.273 -2.427 -3.419 -3.968 -4.248 -4.434 -3.414 -2.808 -3.665 -4.553 -4.519 -4.298 -3.433
4.731783 2.12 4.98 2.535 0.478 -1.178 -2.331 -0.431 0.177 -1.222 -2.375 -3.167 -3.679 0.283 -1.643 -2.839 -3.397 -3.732 -1.885 -2.877 -3.426 -3.706 -3.892 -2.872 -2.266 -3.123 -4.011 -3.977 -3.756 -2.891
4.874892 2.695 5.555 3.11 1.053 -0.603 -1.756 0.144 0.752 -0.647 -1.8 -2.592 -3.104 0.858 -1.068 -2.264 -2.822 -3.157 -1.31 -2.302 -2.851 -3.131 -3.317 -2.297 -1.691 -2.548 -3.436 -3.402 -3.181 -2.316
5.02233 3.305 6.165 3.721 1.663 0.007 -1.146 0.754 1.362 -0.037 -1.189 -1.982 -2.494 1.468 -0.458 -1.654 -2.212 -2.546 -0.7 -1.691 -2.241 -2.521 -2.707 -1.687 -1.081 -1.938 -2.826 -2.792 -2.571 -1.706
5.174227 3.953 6.813 4.368 2.311 0.655 -0.498 1.402 2.01 0.611 -0.542 -1.334 -1.846 2.116 0.19 -1.006 -1.564 -1.898 -0.052 -1.044 -1.593 -1.873 -2.059 -1.039 -0.433 -1.29 -2.178 -2.144 -1.923 -1.058
5.330718 4.64 7.5 5.056 2.999 1.343 0.19 2.09 2.697 1.299 0.146 -0.647 -1.158 2.804 0.877 -0.319 -0.877 -1.211 0.635 -0.356 -0.905 -1.185 -1.372 -0.351 0.255 -0.603 -1.491 -1.456 -1.236 -0.371
5.491942 5.37 8.23 5.786 3.728 2.072 0.92 2.819 3.427 2.029 0.876 0.083 -0.428 3.533 1.607 0.411 -0.147 -0.481 1.365 0.374 -0.176 -0.456 -0.642 0.378 0.985 0.127 -0.761 -0.726 -0.506 0.359
5.658042 6.145 9.005 6.56 4.503 2.847 1.694 3.594 4.202 2.803 1.65 0.858 0.346 4.308 2.382 1.186 0.628 0.293 2.14 1.148 0.599 0.319 0.133 1.153 1.759 0.902 0.014 0.048 0.269 1.134
5.829166 6.967 9.827 7.382 5.325 3.669 2.516 4.416 5.024 3.625 2.473 1.68 1.168 5.13 3.204 2.008 1.45 1.116 2.962 1.97 1.421 1.141 0.955 1.975 2.581 1.724 0.836 0.87 1.091 1.956
