web/models/kne.last_good/kappa_0.5_3.0.v1/28/villar_0.0028_0.0770_3.0000.dat
# %ECSV 1.0
# ---
# datatype:
# - {name: time, datatype: float64}
# - {name: swift_uvot_uvw2, datatype: float64}
# - {name: swift_uvot_uvm2, datatype: float64}
# - {name: swift_uvot_uvw1, datatype: float64}
# - {name: swift_uvot_U, datatype: float64}
# - {name: swift_uvot_B, datatype: float64}
# - {name: swift_uvot_V, datatype: float64}
# - {name: swift_uvot_W, datatype: float64}
# - {name: johnson_U, datatype: float64}
# - {name: johnson_B, datatype: float64}
# - {name: johnson_V, datatype: float64}
# - {name: johnson_R, datatype: float64}
# - {name: johnson_I, datatype: float64}
# - {name: sdss_u, datatype: float64}
# - {name: sdss_g, datatype: float64}
# - {name: sdss_r, datatype: float64}
# - {name: sdss_i, datatype: float64}
# - {name: sdss_z, datatype: float64}
# - {name: PS1_g, datatype: float64}
# - {name: PS1_r, datatype: float64}
# - {name: PS1_i, datatype: float64}
# - {name: PS1_z, datatype: float64}
# - {name: PS1_Y, datatype: float64}
# - {name: PS1_w, datatype: float64}
# - {name: ATLAS_c, datatype: float64}
# - {name: ATLAS_o, datatype: float64}
# - {name: ukirt_J, datatype: float64}
# - {name: ukirt_H, datatype: float64}
# - {name: ukirt_K, datatype: float64}
# - {name: Clear, datatype: float64}
# meta: !!omap
# - comment: [kappa = 3.0, type = villar, mass = 0.0028172691138521437, velocity = 0.07700000000000001, theta_obs = 0.0]
# schema: astropy-2.0
time swift_uvot_uvw2 swift_uvot_uvm2 swift_uvot_uvw1 swift_uvot_U swift_uvot_B swift_uvot_V swift_uvot_W johnson_U johnson_B johnson_V johnson_R johnson_I sdss_u sdss_g sdss_r sdss_i sdss_z PS1_g PS1_r PS1_i PS1_z PS1_Y PS1_w ATLAS_c ATLAS_o ukirt_J ukirt_H ukirt_K Clear
[from data line 221]
0.724086 -8.918 -9.246 -10.163 -11.425 -12.065 -12.435 -11.188 -11.547 -12.07 -12.44 -12.588 -12.596 -11.518 -12.212 -12.55 -12.621 -12.593 -12.279 -12.559 -12.631 -12.62 -12.614 -12.494 -12.379 -12.583 -12.36 -12.05 -11.611 -12.457
0.745986 -8.864 -9.181 -10.119 -11.403 -12.059 -12.443 -11.176 -11.527 -12.065 -12.448 -12.607 -12.623 -11.498 -12.211 -12.563 -12.642 -12.621 -12.281 -12.573 -12.653 -12.646 -12.643 -12.508 -12.385 -12.6 -12.395 -12.089 -11.654 -12.47
0.768548 -8.809 -9.112 -10.073 -11.378 -12.052 -12.449 -11.163 -11.506 -12.058 -12.455 -12.624 -12.648 -11.475 -12.209 -12.576 -12.663 -12.647 -12.281 -12.586 -12.673 -12.672 -12.671 -12.52 -12.39 -12.617 -12.43 -12.128 -11.696 -12.481
0.791792 -8.752 -9.04 -10.024 -11.351 -12.043 -12.454 -11.149 -11.482 -12.05 -12.46 -12.639 -12.673 -11.45 -12.205 -12.587 -12.683 -12.673 -12.28 -12.598 -12.693 -12.696 -12.699 -12.531 -12.394 -12.632 -12.464 -12.167 -11.738 -12.492
0.815739 -8.693 -8.965 -9.973 -11.322 -12.032 -12.457 -11.133 -11.456 -12.039 -12.464 -12.654 -12.696 -11.423 -12.2 -12.598 -12.701 -12.697 -12.277 -12.608 -12.712 -12.72 -12.726 -12.541 -12.396 -12.646 -12.497 -12.205 -11.78 -12.502
0.840411 -8.632 -8.886 -9.919 -11.29 -12.019 -12.459 -11.115 -11.428 -12.027 -12.466 -12.668 -12.719 -11.394 -12.193 -12.606 -12.719 -12.721 -12.272 -12.617 -12.73 -12.743 -12.752 -12.55 -12.396 -12.659 -12.53 -12.242 -11.821 -12.51
0.865828 -8.571 -8.803 -9.862 -11.256 -12.004 -12.459 -11.096 -11.397 -12.013 -12.467 -12.68 -12.74 -11.362 -12.184 -12.614 -12.735 -12.744 -12.266 -12.625 -12.746 -12.765 -12.777 -12.558 -12.395 -12.67 -12.562 -12.279 -11.862 -12.517
0.892015 -8.507 -8.717 -9.802 -11.219 -11.987 -12.457 -11.074 -11.363 -11.996 -12.466 -12.691 -12.761 -11.327 -12.173 -12.619 -12.75 -12.766 -12.257 -12.631 -12.762 -12.785 -12.801 -12.564 -12.393 -12.681 -12.593 -12.315 -11.902 -12.523
0.918993 -8.442 -8.626 -9.738 -11.179 -11.968 -12.454 -11.051 -11.327 -11.978 -12.463 -12.7 -12.78 -11.29 -12.16 -12.624 -12.764 -12.786 -12.247 -12.636 -12.776 -12.805 -12.824 -12.568 -12.388 -12.689 -12.624 -12.351 -11.942 -12.527
0.946787 -8.376 -8.531 -9.672 -11.137 -11.947 -12.448 -11.026 -11.288 -11.957 -12.458 -12.708 -12.799 -11.249 -12.144 -12.626 -12.776 -12.806 -12.234 -12.638 -12.788 -12.824 -12.846 -12.571 -12.382 -12.697 -12.653 -12.386 -11.981 -12.529
0.975422 -8.308 -8.432 -9.602 -11.091 -11.922 -12.441 -10.999 -11.246 -11.933 -12.452 -12.715 -12.816 -11.206 -12.127 -12.627 -12.787 -12.824 -12.22 -12.64 -12.799 -12.841 -12.867 -12.572 -12.373 -12.702 -12.682 -12.42 -12.02 -12.53
1.004923 -8.239 -8.328 -9.529 -11.042 -11.896 -12.431 -10.969 -11.201 -11.907 -12.443 -12.72 -12.831 -11.159 -12.107 -12.626 -12.796 -12.841 -12.203 -12.639 -12.809 -12.857 -12.887 -12.572 -12.363 -12.706 -12.71 -12.453 -12.058 -12.53
1.035317 -8.169 -8.218 -9.451 -10.989 -11.866 -12.42 -10.938 -11.152 -11.878 -12.432 -12.723 -12.846 -11.109 -12.084 -12.623 -12.804 -12.857 -12.183 -12.636 -12.817 -12.871 -12.905 -12.569 -12.35 -12.708 -12.736 -12.486 -12.095 -12.527
1.066629 -8.098 -8.103 -9.37 -10.932 -11.833 -12.405 -10.903 -11.1 -11.846 -12.418 -12.724 -12.858 -11.055 -12.059 -12.617 -12.81 -12.871 -12.161 -12.631 -12.823 -12.884 -12.922 -12.565 -12.334 -12.708 -12.762 -12.518 -12.132 -12.523
1.098888 -8.026 -7.983 -9.284 -10.872 -11.797 -12.388 -10.866 -11.044 -11.811 -12.402 -12.723 -12.87 -10.997 -12.03 -12.61 -12.814 -12.883 -12.136 -12.624 -12.828 -12.895 -12.938 -12.558 -12.317 -12.707 -12.787 -12.549 -12.168 -12.517
1.132124 -7.953 -7.856 -9.194 -10.807 -11.758 -12.369 -10.826 -10.984 -11.772 -12.383 -12.72 -12.879 -10.935 -11.999 -12.6 -12.816 -12.894 -12.109 -12.615 -12.83 -12.905 -12.952 -12.55 -12.296 -12.703 -12.81 -12.579 -12.204 -12.508
1.166364 -7.88 -7.723 -9.099 -10.738 -11.715 -12.346 -10.784 -10.919 -11.73 -12.362 -12.715 -12.887 -10.869 -11.964 -12.588 -12.816 -12.904 -12.078 -12.603 -12.831 -12.913 -12.965 -12.539 -12.273 -12.696 -12.833 -12.608 -12.238 -12.498
1.20164 -7.807 -7.584 -8.999 -10.664 -11.669 -12.321 -10.738 -10.85 -11.685 -12.337 -12.707 -12.893 -10.798 -11.926 -12.573 -12.814 -12.911 -12.044 -12.589 -12.829 -12.919 -12.976 -12.525 -12.247 -12.688 -12.853 -12.637 -12.272 -12.485
1.237983 -7.734 -7.437 -8.894 -10.585 -11.618 -12.292 -10.689 -10.777 -11.635 -12.309 -12.697 -12.897 -10.722 -11.884 -12.555 -12.809 -12.917 -12.006 -12.571 -12.825 -12.923 -12.985 -12.509 -12.217 -12.677 -12.873 -12.664 -12.305 -12.47
1.275425 -7.662 -7.282 -8.783 -10.501 -11.563 -12.26 -10.636 -10.698 -11.581 -12.278 -12.684 -12.898 -10.641 -11.838 -12.534 -12.802 -12.92 -11.965 -12.551 -12.819 -12.925 -12.992 -12.49 -12.184 -12.663 -12.891 -12.689 -12.337 -12.452
1.313999 -7.59 -7.12 -8.667 -10.411 -11.504 -12.224 -10.58 -10.613 -11.523 -12.243 -12.668 -12.898 -10.554 -11.788 -12.509 -12.793 -12.921 -11.919 -12.527 -12.81 -12.924 -12.998 -12.468 -12.148 -12.646 -12.907 -12.714 -12.368 -12.431
1.35374 -7.519 -6.949 -8.544 -10.315 -11.439 -12.184 -10.519 -10.523 -11.459 -12.204 -12.649 -12.894 -10.461 -11.734 -12.482 -12.78 -12.92 -11.87 -12.5 -12.798 -12.921 -13.001 -12.443 -12.107 -12.626 -12.922 -12.737 -12.398 -12.407
1.394683 -7.448 -6.768 -8.415 -10.212 -11.37 -12.14 -10.455 -10.426 -11.391 -12.161 -12.627 -12.889 -10.362 -11.675 -12.45 -12.765 -12.916 -11.816 -12.47 -12.783 -12.916 -13.002 -12.415 -12.063 -12.602 -12.935 -12.759 -12.427 -12.38
1.436864 -7.38 -6.579 -8.279 -10.103 -11.295 -12.091 -10.386 -10.322 -11.317 -12.114 -12.602 -12.88 -10.256 -11.61 -12.415 -12.746 -12.909 -11.757 -12.435 -12.764 -12.908 -13.0 -12.382 -12.014 -12.576 -12.945 -12.779 -12.454 -12.35
1.480321 -7.313 -6.378 -8.136 -9.986 -11.213 -12.037 -10.312 -10.212 -11.237 -12.062 -12.572 -12.869 -10.142 -11.54 -12.375 -12.723 -12.9 -11.693 -12.397 -12.743 -12.896 -12.995 -12.346 -11.96 -12.545 -12.954 -12.798 -12.48 -12.316
1.525092 -7.248 -6.167 -7.985 -9.861 -11.126 -11.978 -10.233 -10.093 -11.151 -12.004 -12.539 -12.854 -10.021 -11.464 -12.331 -12.697 -12.887 -11.624 -12.353 -12.717 -12.882 -12.988 -12.306 -11.902 -12.51 -12.961 -12.814 -12.505 -12.279
1.571218 -7.184 -5.945 -7.825 -9.727 -11.031 -11.914 -10.148 -9.967 -11.058 -11.941 -12.501 -12.836 -9.891 -11.382 -12.282 -12.667 -12.871 -11.549 -12.305 -12.688 -12.864 -12.978 -12.261 -11.837 -12.471 -12.965 -12.829 -12.529 -12.237
1.618738 -7.123 -5.711 -7.657 -9.585 -10.929 -11.843 -10.058 -9.831 -10.958 -11.873 -12.459 -12.814 -9.752 -11.293 -12.227 -12.632 -12.851 -11.467 -12.252 -12.654 -12.842 -12.964 -12.212 -11.767 -12.427 -12.966 -12.842 -12.551 -12.191
1.667696 -7.064 -5.463 -7.48 -9.432 -10.819 -11.766 -9.962 -9.686 -10.85 -11.797 -12.412 -12.788 -9.603 -11.197 -12.167 -12.593 -12.828 -11.379 -12.194 -12.616 -12.816 -12.947 -12.157 -11.691 -12.378 -12.965 -12.853 -12.571 -12.141
1.718134 -7.006 -5.203 -7.294 -9.269 -10.701 -11.682 -9.859 -9.53 -10.733 -11.715 -12.359 -12.758 -9.444 -11.093 -12.101 -12.549 -12.8 -11.284 -12.129 -12.572 -12.786 -12.926 -12.097 -11.608 -12.324 -12.961 -12.861 -12.59 -12.086
1.770098 -6.95 -4.929 -7.097 -9.094 -10.573 -11.591 -9.749 -9.364 -10.608 -11.626 -12.301 -12.723 -9.273 -10.981 -12.028 -12.499 -12.767 -11.182 -12.058 -12.524 -12.751 -12.901 -12.032 -11.518 -12.264 -12.953 -12.867 -12.606 -12.025
1.823633 -6.895 -4.641 -6.889 -8.906 -10.435 -11.491 -9.631 -9.185 -10.472 -11.528 -12.236 -12.684 -9.091 -10.859 -11.948 -12.444 -12.73 -11.071 -11.98 -12.469 -12.711 -12.871 -11.959 -11.42 -12.197 -12.942 -12.87 -12.621 -11.959
1.878788 -6.841 -4.339 -6.67 -8.706 -10.287 -11.382 -9.505 -8.994 -10.327 -11.422 -12.165 -12.639 -8.895 -10.727 -11.861 -12.382 -12.688 -10.951 -11.895 -12.408 -12.666 -12.837 -11.88 -11.314 -12.124 -12.927 -12.871 -12.633 -11.888
1.93561 -6.788 -4.024 -6.439 -8.491 -10.127 -11.264 -9.37 -8.788 -10.169 -11.307 -12.086 -12.588 -8.684 -10.585 -11.765 -12.313 -12.639 -10.822 -11.801 -12.341 -12.615 -12.797 -11.794 -11.198 -12.043 -12.908 -12.868 -12.643 -11.81
1.994152 -6.735 -3.696 -6.194 -8.26 -9.954 -11.136 -9.226 -8.568 -10.0 -11.181 -12.0 -12.53 -8.458 -10.432 -11.659 -12.236 -12.585 -10.683 -11.699 -12.266 -12.557 -12.752 -11.699 -11.073 -11.954 -12.885 -12.862 -12.65 -11.725
2.054463 -6.681 -3.359 -5.936 -8.012 -9.767 -10.996 -9.071 -8.331 -9.817 -11.045 -11.905 -12.466 -8.215 -10.265 -11.545 -12.152 -12.523 -10.534 -11.587 -12.183 -12.493 -12.7 -11.596 -10.937 -11.856 -12.857 -12.852 -12.654 -11.633
2.116599 -6.626 -3.017 -5.664 -7.746 -9.566 -10.844 -8.906 -8.076 -9.619 -10.896 -11.8 -12.394 -7.954 -10.085 -11.419 -12.059 -12.455 -10.374 -11.465 -12.092 -12.421 -12.642 -11.483 -10.789 -11.75 -12.823 -12.838 -12.656 -11.533
2.180614 -6.57 -2.675 -5.376 -7.459 -9.348 -10.679 -8.729 -7.801 -9.406 -10.735 -11.686 -12.315 -7.673 -9.891 -11.282 -11.956 -12.378 -10.201 -11.332 -11.991 -12.34 -12.577 -11.361 -10.629 -11.632 -12.784 -12.819 -12.654 -11.426
2.246566 -6.511 -2.342 -5.072 -7.151 -9.113 -10.499 -8.539 -7.506 -9.175 -10.559 -11.56 -12.226 -7.37 -9.68 -11.132 -11.842 -12.292 -10.016 -11.187 -11.879 -12.251 -12.504 -11.227 -10.455 -11.504 -12.739 -12.796 -12.648 -11.309
2.314511 -6.449 -2.027 -4.75 -6.819 -8.858 -10.303 -8.336 -7.187 -8.926 -10.368 -11.423 -12.128 -7.044 -9.451 -10.968 -11.717 -12.197 -9.818 -11.028 -11.757 -12.152 -12.422 -11.081 -10.267 -11.364 -12.687 -12.768 -12.639 -11.184
2.384512 -6.383 -1.739 -4.409 -6.46 -8.583 -10.09 -8.117 -6.843 -8.656 -10.16 -11.272 -12.019 -6.691 -9.204 -10.789 -11.579 -12.091 -9.607 -10.856 -11.622 -12.042 -12.331 -10.922 -10.062 -11.21 -12.627 -12.734 -12.625 -11.048
2.45663 -6.313 -1.487 -4.048 -6.073 -8.284 -9.857 -7.883 -6.471 -8.364 -9.933 -11.108 -11.898 -6.31 -8.935 -10.593 -11.428 -11.974 -9.381 -10.668 -11.474 -11.92 -12.229 -10.749 -9.839 -11.041 -12.559 -12.694 -12.607 -10.903
2.530929 -6.238 -1.273 -3.665 -5.654 -7.96 -9.604 -7.632 -6.068 -8.047 -9.686 -10.927 -11.765 -5.898 -8.643 -10.379 -11.261 -11.844 -9.143 -10.463 -11.311 -11.785 -12.116 -10.56 -9.597 -10.857 -12.482 -12.647 -12.583 -10.746
2.607475 -6.157 -1.093 -3.259 -5.201 -7.607 -9.328 -7.363 -5.633 -7.703 -9.417 -10.729 -11.618 -5.451 -8.326 -10.145 -11.078 -11.7 -8.891 -10.24 -11.131 -11.636 -11.991 -10.353 -9.333 -10.655 -12.395 -12.592 -12.554 -10.579
2.686337 -6.07 -0.94 -2.826 -4.709 -7.225 -9.026 -7.073 -5.16 -7.33 -9.123 -10.513 -11.455 -4.967 -7.98 -9.888 -10.876 -11.541 -8.627 -9.998 -10.935 -11.472 -11.853 -10.128 -9.046 -10.434 -12.297 -12.529 -12.519 -10.399
2.767583 -5.975 -0.805 -2.364 -4.176 -6.808 -8.696 -6.763 -4.646 -6.924 -8.802 -10.275 -11.276 -4.441 -7.604 -9.607 -10.654 -11.364 -8.353 -9.734 -10.718 -11.29 -11.699 -9.882 -8.733 -10.192 -12.187 -12.457 -12.477 -10.207
2.851287 -5.872 -0.679 -1.872 -3.596 -6.354 -8.335 -6.431 -4.088 -6.482 -8.451 -10.015 -11.077 -3.868 -7.194 -9.299 -10.41 -11.169 -8.071 -9.448 -10.48 -11.089 -11.529 -9.613 -8.391 -9.926 -12.064 -12.375 -12.428 -10.002
2.937522 -5.76 -0.555 -1.344 -2.964 -5.858 -7.939 -6.075 -3.479 -6.0 -8.066 -9.729 -10.858 -3.244 -6.746 -8.961 -10.14 -10.953 -7.785 -9.137 -10.219 -10.867 -11.341 -9.319 -8.018 -9.635 -11.925 -12.281 -12.37 -9.785
3.026365 -5.638 -0.427 -0.777 -2.275 -5.316 -7.505 -5.695 -2.815 -5.474 -7.645 -9.415 -10.616 -2.563 -6.256 -8.589 -9.842 -10.713 -7.501 -8.802 -9.932 -10.621 -11.134 -8.996 -7.61 -9.314 -11.77 -12.175 -12.303 -9.555
3.117896 -5.505 -0.291 -0.167 -1.522 -4.723 -7.027 -5.292 -2.089 -4.899 -7.182 -9.069 -10.348 -1.819 -5.719 -8.18 -9.513 -10.448 -7.22 -8.441 -9.616 -10.35 -10.904 -8.642 -7.163 -8.962 -11.596 -12.055 -12.226 -9.312
3.212194 -5.359 -0.144 0.491 -0.698 -4.072 -6.502 -4.866 -1.293 -4.269 -6.674 -8.689 -10.052 -1.003 -5.13 -7.729 -9.15 -10.153 -6.949 -8.056 -9.27 -10.05 -10.651 -8.253 -6.673 -8.574 -11.402 -11.919 -12.137 -9.058
3.309345 -5.2 0.015 1.205 0.206 -3.357 -5.923 -4.421 -0.421 -3.579 -6.115 -8.27 -9.724 -0.108 -4.482 -7.232 -8.747 -9.826 -6.687 -7.647 -8.889 -9.718 -10.372 -7.825 -6.134 -8.147 -11.183 -11.765 -12.035 -8.793
3.409434 -5.026 0.19 1.979 1.2 -2.57 -5.284 -3.961 0.539 -2.82 -5.498 -7.808 -9.36 0.877 -3.769 -6.682 -8.301 -9.462 -6.434 -7.22 -8.473 -9.352 -10.064 -7.354 -5.54 -7.675 -10.938 -11.591 -11.919 -8.517
3.51255 -4.835 0.381 2.822 2.295 -1.702 -4.577 -3.496 1.597 -1.985 -4.816 -7.296 -8.956 1.962 -2.982 -6.072 -7.805 -9.057 -6.187 -6.782 -8.019 -8.947 -9.726 -6.833 -4.885 -7.153 -10.664 -11.395 -11.786 -8.231
3.618785 -4.624 0.591 3.742 3.505 -0.742 -3.792 -3.035 2.765 -1.065 -4.063 -6.731 -8.507 3.161 -2.112 -5.396 -7.254 -8.606 -5.939 -6.34 -7.527 -8.501 -9.355 -6.256 -4.162 -6.575 -10.355 -11.173 -11.634 -7.936
3.728232 -4.393 0.823 4.751 4.844 0.322 -2.921 -2.589 4.059 -0.047 -3.227 -6.103 -8.007 4.488 -1.147 -4.644 -6.639 -8.101 -5.684 -5.907 -6.997 -8.01 -8.95 -5.617 -3.36 -5.933 -10.008 -10.922 -11.462 -7.631
3.84099 -4.137 1.078 5.858 6.33 1.503 -1.95 -2.164 5.496 1.081 -2.298 -5.406 -7.449 5.963 -0.075 -3.806 -5.952 -7.537 -5.416 -5.488 -6.436 -7.472 -8.511 -4.906 -2.469 -5.219 -9.617 -10.638 -11.265 -7.315
3.957158 -3.855 1.361 7.078 7.984 2.819 -0.865 -1.759 7.096 2.333 -1.264 -4.63 -6.826 7.604 1.12 -2.87 -5.184 -6.904 -5.126 -5.086 -5.853 -6.889 -8.037 -4.114 -1.477 -4.423 -9.175 -10.316 -11.04 -6.984
4.07684 -3.542 1.674 8.427 9.832 4.289 0.349 -1.366 8.882 3.727 -0.111 -3.764 -6.13 9.437 2.454 -1.821 -4.321 -6.193 -4.81 -4.694 -5.263 -6.264 -7.532 -3.229 -0.369 -3.534 -8.676 -9.95 -10.783 -6.635
4.200141 -3.234 1.981 9.504 11.291 5.465 1.335 -1.024 10.295 4.843 0.827 -3.042 -5.533 10.885 3.529 -0.958 -3.598 -5.584 -4.501 -4.351 -4.791 -5.744 -7.098 -2.492 0.536 -2.793 -8.225 -9.599 -10.513 -6.309
4.327172 -2.992 2.223 9.746 11.533 5.707 1.577 -0.782 10.537 5.085 1.069 -2.801 -5.291 11.126 3.771 -0.717 -3.356 -5.342 -4.259 -4.11 -4.55 -5.502 -6.856 -2.25 0.778 -2.551 -7.983 -9.357 -10.271 -6.067
4.458044 -2.736 2.48 10.002 11.789 5.963 1.834 -0.525 10.793 5.342 1.326 -2.544 -5.034 11.383 4.028 -0.46 -3.099 -5.085 -4.002 -3.853 -4.293 -5.245 -6.6 -1.993 1.035 -2.294 -7.726 -9.1 -10.014 -5.811
4.592874 -2.463 2.753 10.275 12.062 6.236 2.106 -0.253 11.066 5.614 1.598 -2.271 -4.762 11.656 4.3 -0.187 -2.827 -4.813 -3.73 -3.58 -4.02 -4.973 -6.327 -1.72 1.307 -2.022 -7.453 -8.828 -9.742 -5.538
4.731783 -2.174 3.042 10.564 12.351 6.525 2.396 0.037 11.355 5.904 1.888 -1.982 -4.472 11.945 4.59 0.102 -2.537 -4.523 -3.44 -3.291 -3.731 -4.684 -6.038 -1.431 1.597 -1.732 -7.164 -8.538 -9.453 -5.249
4.874892 -1.866 3.349 10.872 12.659 6.833 2.703 0.344 11.663 6.211 2.195 -1.675 -4.165 12.252 4.897 0.409 -2.23 -4.216 -3.133 -2.984 -3.424 -4.376 -5.73 -1.124 1.904 -1.425 -6.857 -8.231 -9.145 -4.941
5.02233 -1.54 3.675 11.198 12.985 7.159 3.029 0.67 11.989 6.537 2.521 -1.349 -3.839 12.578 5.223 0.735 -1.904 -3.89 -2.807 -2.657 -3.097 -4.05 -5.404 -0.798 2.23 -1.099 -6.531 -7.905 -8.819 -4.615
5.174227 -1.194 4.021 11.544 13.331 7.505 3.375 1.016 12.335 6.883 2.867 -1.002 -3.493 12.925 5.569 1.082 -1.558 -3.544 -2.461 -2.311 -2.751 -3.704 -5.058 -0.451 2.576 -0.753 -6.185 -7.559 -8.473 -4.269
5.330718 -0.827 4.389 11.911 13.698 7.872 3.743 1.384 12.702 7.251 3.235 -0.635 -3.125 13.292 5.937 1.449 -1.19 -3.177 -2.093 -1.944 -2.384 -3.337 -4.691 -0.084 2.944 -0.385 -5.817 -7.191 -8.106 -3.902
5.491942 -0.437 4.779 12.301 14.088 8.262 4.133 1.774 13.092 7.641 3.625 -0.245 -2.735 13.682 6.327 1.839 -0.8 -2.786 -1.703 -1.554 -1.994 -2.946 -4.301 0.306 3.334 0.005 -5.427 -6.801 -7.715 -3.512
5.658042 -0.023 5.193 12.715 14.503 8.677 4.547 2.188 13.506 8.055 4.039 0.169 -2.321 14.096 6.741 2.253 -0.386 -2.372 -1.289 -1.14 -1.58 -2.532 -3.887 0.72 3.748 0.419 -5.013 -6.387 -7.301 -3.098
5.829166 0.417 5.632 13.155 14.942 9.116 4.986 2.627 13.946 8.494 4.478 0.609 -1.882 14.536 7.18 2.693 0.053 -1.933 -0.85 -0.7 -1.14 -2.093 -3.447 1.159 4.187 0.858 -4.574 -5.948 -6.862 -2.658
