web/models/kne.last_good/kappa_0.5_3.0.v1/28/villar_0.0275_0.3433_3.0000.dat
# %ECSV 1.0
# ---
# datatype:
# - {name: time, datatype: float64}
# - {name: swift_uvot_uvw2, datatype: float64}
# - {name: swift_uvot_uvm2, datatype: float64}
# - {name: swift_uvot_uvw1, datatype: float64}
# - {name: swift_uvot_U, datatype: float64}
# - {name: swift_uvot_B, datatype: float64}
# - {name: swift_uvot_V, datatype: float64}
# - {name: swift_uvot_W, datatype: float64}
# - {name: johnson_U, datatype: float64}
# - {name: johnson_B, datatype: float64}
# - {name: johnson_V, datatype: float64}
# - {name: johnson_R, datatype: float64}
# - {name: johnson_I, datatype: float64}
# - {name: sdss_u, datatype: float64}
# - {name: sdss_g, datatype: float64}
# - {name: sdss_r, datatype: float64}
# - {name: sdss_i, datatype: float64}
# - {name: sdss_z, datatype: float64}
# - {name: PS1_g, datatype: float64}
# - {name: PS1_r, datatype: float64}
# - {name: PS1_i, datatype: float64}
# - {name: PS1_z, datatype: float64}
# - {name: PS1_Y, datatype: float64}
# - {name: PS1_w, datatype: float64}
# - {name: ATLAS_c, datatype: float64}
# - {name: ATLAS_o, datatype: float64}
# - {name: ukirt_J, datatype: float64}
# - {name: ukirt_H, datatype: float64}
# - {name: ukirt_K, datatype: float64}
# - {name: Clear, datatype: float64}
# meta: !!omap
# - comment: [kappa = 3.0, type = villar, mass = 0.027507471329904786, velocity = 0.3433333333333334, theta_obs = 0.0]
# schema: astropy-2.0
time swift_uvot_uvw2 swift_uvot_uvm2 swift_uvot_uvw1 swift_uvot_U swift_uvot_B swift_uvot_V swift_uvot_W johnson_U johnson_B johnson_V johnson_R johnson_I sdss_u sdss_g sdss_r sdss_i sdss_z PS1_g PS1_r PS1_i PS1_z PS1_Y PS1_w ATLAS_c ATLAS_o ukirt_J ukirt_H ukirt_K Clear
[from data line 214]
0.587772 -10.067 -10.078 -11.34 -12.9 -13.798 -14.367 -12.868 -13.067 -13.81 -14.38 -14.684 -14.817 -13.022 -14.022 -14.578 -14.769 -14.829 -14.124 -14.592 -14.783 -14.843 -14.88 -14.526 -14.297 -14.669 -14.719 -14.474 -14.088 -14.484
0.605549 -10.031 -10.007 -11.295 -12.873 -13.789 -14.372 -12.858 -13.043 -13.802 -14.386 -14.7 -14.843 -12.997 -14.019 -14.59 -14.79 -14.856 -14.123 -14.604 -14.803 -14.868 -14.909 -14.538 -14.301 -14.685 -14.755 -14.514 -14.131 -14.496
0.623863 -9.995 -9.934 -11.248 -12.844 -13.779 -14.376 -12.847 -13.018 -13.792 -14.39 -14.716 -14.868 -12.971 -14.014 -14.601 -14.809 -14.882 -14.122 -14.616 -14.823 -14.893 -14.938 -14.55 -14.304 -14.7 -14.79 -14.554 -14.175 -14.509
0.642731 -9.96 -9.859 -11.199 -12.815 -13.767 -14.38 -12.836 -12.992 -13.781 -14.394 -14.732 -14.892 -12.943 -14.009 -14.611 -14.828 -14.907 -14.119 -14.626 -14.843 -14.918 -14.965 -14.561 -14.307 -14.714 -14.824 -14.594 -14.218 -14.52
0.66217 -9.926 -9.782 -11.149 -12.783 -13.755 -14.382 -12.823 -12.963 -13.77 -14.397 -14.746 -14.916 -12.913 -14.002 -14.621 -14.846 -14.932 -14.115 -14.636 -14.861 -14.942 -14.993 -14.572 -14.308 -14.728 -14.858 -14.633 -14.261 -14.53
0.682197 -9.892 -9.702 -11.098 -12.75 -13.741 -14.383 -12.81 -12.934 -13.756 -14.398 -14.76 -14.939 -12.882 -13.994 -14.629 -14.864 -14.956 -14.11 -14.645 -14.879 -14.965 -15.019 -14.581 -14.309 -14.741 -14.892 -14.672 -14.304 -14.54
0.70283 -9.859 -9.62 -11.044 -12.715 -13.726 -14.382 -12.795 -12.902 -13.742 -14.399 -14.772 -14.961 -12.849 -13.985 -14.636 -14.881 -14.98 -14.103 -14.652 -14.896 -14.987 -15.046 -14.589 -14.308 -14.753 -14.925 -14.71 -14.347 -14.549
0.724086 -9.827 -9.535 -10.989 -12.678 -13.709 -14.381 -12.779 -12.869 -13.725 -14.398 -14.784 -14.983 -12.815 -13.974 -14.643 -14.896 -15.003 -14.096 -14.659 -14.912 -15.009 -15.071 -14.597 -14.306 -14.764 -14.958 -14.748 -14.389 -14.557
0.745986 -9.795 -9.448 -10.932 -12.64 -13.691 -14.379 -12.762 -12.834 -13.708 -14.396 -14.795 -15.004 -12.778 -13.962 -14.648 -14.911 -15.025 -14.087 -14.665 -14.928 -15.03 -15.096 -14.604 -14.303 -14.774 -14.99 -14.786 -14.431 -14.565
0.768548 -9.765 -9.358 -10.873 -12.599 -13.671 -14.375 -12.745 -12.797 -13.689 -14.393 -14.805 -15.024 -12.74 -13.949 -14.652 -14.926 -15.046 -14.077 -14.67 -14.942 -15.051 -15.12 -14.609 -14.299 -14.784 -15.022 -14.823 -14.473 -14.571
0.791792 -9.735 -9.265 -10.813 -12.557 -13.65 -14.37 -12.725 -12.759 -13.668 -14.389 -14.814 -15.044 -12.7 -13.934 -14.655 -14.939 -15.067 -14.065 -14.673 -14.956 -15.07 -15.144 -14.614 -14.294 -14.792 -15.053 -14.86 -14.514 -14.577
0.815739 -9.707 -9.17 -10.75 -12.512 -13.627 -14.363 -12.705 -12.718 -13.646 -14.384 -14.822 -15.062 -12.657 -13.918 -14.657 -14.951 -15.087 -14.052 -14.676 -14.968 -15.089 -15.167 -14.618 -14.287 -14.799 -15.084 -14.896 -14.555 -14.581
0.840411 -9.68 -9.071 -10.685 -12.466 -13.602 -14.355 -12.683 -12.675 -13.622 -14.377 -14.829 -15.08 -12.613 -13.9 -14.658 -14.962 -15.106 -14.038 -14.677 -14.98 -15.107 -15.189 -14.62 -14.279 -14.805 -15.114 -14.932 -14.596 -14.585
0.865828 -9.654 -8.97 -10.618 -12.417 -13.575 -14.346 -12.661 -12.63 -13.596 -14.368 -14.835 -15.097 -12.566 -13.881 -14.657 -14.972 -15.124 -14.022 -14.677 -14.99 -15.124 -15.21 -14.622 -14.27 -14.81 -15.143 -14.968 -14.636 -14.587
0.892015 -9.63 -8.865 -10.549 -12.366 -13.547 -14.335 -12.636 -12.583 -13.569 -14.358 -14.839 -15.113 -12.517 -13.859 -14.655 -14.981 -15.141 -14.005 -14.676 -15.0 -15.14 -15.23 -14.622 -14.259 -14.814 -15.172 -15.003 -14.676 -14.589
0.918993 -9.606 -8.757 -10.478 -12.312 -13.517 -14.323 -12.61 -12.534 -13.54 -14.347 -14.843 -15.128 -12.466 -13.836 -14.652 -14.989 -15.158 -13.986 -14.673 -15.008 -15.155 -15.25 -14.621 -14.246 -14.816 -15.201 -15.038 -14.716 -14.589
0.946787 -9.585 -8.646 -10.405 -12.256 -13.484 -14.309 -12.583 -12.482 -13.508 -14.334 -14.845 -15.142 -12.412 -13.812 -14.648 -14.996 -15.173 -13.965 -14.669 -15.016 -15.169 -15.269 -14.619 -14.232 -14.818 -15.228 -15.072 -14.755 -14.589
0.975422 -9.564 -8.531 -10.329 -12.197 -13.45 -14.293 -12.554 -12.427 -13.475 -14.319 -14.846 -15.155 -12.356 -13.785 -14.641 -15.002 -15.187 -13.942 -14.664 -15.022 -15.183 -15.287 -14.615 -14.217 -14.818 -15.255 -15.105 -14.794 -14.587
1.004923 -9.545 -8.413 -10.251 -12.136 -13.413 -14.276 -12.524 -12.37 -13.439 -14.302 -14.846 -15.167 -12.297 -13.756 -14.634 -15.006 -15.201 -13.918 -14.657 -15.026 -15.195 -15.304 -14.61 -14.199 -14.816 -15.281 -15.138 -14.832 -14.584
1.035317 -9.527 -8.291 -10.17 -12.072 -13.375 -14.257 -12.492 -12.311 -13.401 -14.284 -14.844 -15.178 -12.235 -13.725 -14.624 -15.009 -15.213 -13.892 -14.648 -15.03 -15.205 -15.32 -14.604 -14.18 -14.813 -15.306 -15.171 -14.87 -14.579
1.066629 -9.511 -8.165 -10.087 -12.004 -13.333 -14.235 -12.458 -12.248 -13.361 -14.264 -14.84 -15.188 -12.17 -13.692 -14.613 -15.011 -15.224 -13.864 -14.638 -15.032 -15.215 -15.334 -14.596 -14.159 -14.809 -15.331 -15.202 -14.907 -14.574
1.098888 -9.496 -8.036 -10.0 -11.934 -13.29 -14.212 -12.422 -12.182 -13.319 -14.242 -14.835 -15.196 -12.102 -13.657 -14.6 -15.011 -15.234 -13.833 -14.626 -15.033 -15.224 -15.348 -14.587 -14.136 -14.803 -15.354 -15.233 -14.944 -14.567
1.132124 -9.482 -7.902 -9.912 -11.86 -13.243 -14.187 -12.384 -12.114 -13.273 -14.218 -14.829 -15.203 -12.031 -13.62 -14.586 -15.009 -15.242 -13.801 -14.612 -15.032 -15.231 -15.361 -14.575 -14.111 -14.795 -15.377 -15.264 -14.981 -14.558
1.166364 -9.469 -7.765 -9.82 -11.784 -13.194 -14.159 -12.345 -12.042 -13.226 -14.191 -14.821 -15.209 -11.957 -13.579 -14.569 -15.006 -15.249 -13.766 -14.596 -15.029 -15.237 -15.372 -14.563 -14.084 -14.786 -15.399 -15.293 -15.017 -14.548
1.20164 -9.457 -7.623 -9.725 -11.703 -13.142 -14.129 -12.303 -11.966 -13.175 -14.162 -14.811 -15.213 -11.879 -13.537 -14.55 -15.002 -15.255 -13.729 -14.579 -15.025 -15.241 -15.382 -14.548 -14.055 -14.775 -15.42 -15.322 -15.052 -14.537
1.237983 -9.447 -7.477 -9.627 -11.619 -13.087 -14.096 -12.259 -11.887 -13.121 -14.131 -14.799 -15.216 -11.798 -13.491 -14.53 -14.995 -15.26 -13.69 -14.559 -15.02 -15.244 -15.391 -14.531 -14.024 -14.762 -15.44 -15.351 -15.087 -14.524
1.275425 -9.437 -7.326 -9.526 -11.531 -13.029 -14.061 -12.212 -11.804 -13.065 -14.098 -14.785 -15.217 -11.712 -13.443 -14.507 -14.987 -15.262 -13.648 -14.537 -15.012 -15.245 -15.399 -14.513 -13.989 -14.747 -15.458 -15.378 -15.121 -14.509
1.313999 -9.428 -7.172 -9.421 -11.438 -12.968 -14.024 -12.163 -11.717 -13.005 -14.061 -14.769 -15.217 -11.623 -13.391 -14.481 -14.977 -15.264 -13.603 -14.513 -15.002 -15.245 -15.404 -14.492 -13.953 -14.73 -15.476 -15.404 -15.154 -14.493
1.35374 -9.42 -7.013 -9.313 -11.342 -12.903 -13.983 -12.112 -11.626 -12.942 -14.022 -14.751 -15.215 -11.529 -13.337 -14.453 -14.964 -15.263 -13.556 -14.486 -14.991 -15.242 -15.409 -14.47 -13.914 -14.711 -15.492 -15.43 -15.187 -14.474
1.394683 -9.413 -6.85 -9.201 -11.241 -12.834 -13.939 -12.058 -11.531 -12.875 -13.98 -14.731 -15.211 -11.43 -13.279 -14.423 -14.95 -15.261 -13.506 -14.457 -14.977 -15.238 -15.412 -14.444 -13.871 -14.689 -15.507 -15.454 -15.219 -14.454
1.436864 -9.406 -6.683 -9.085 -11.135 -12.762 -13.893 -12.001 -11.431 -12.804 -13.935 -14.708 -15.205 -11.327 -13.218 -14.389 -14.933 -15.257 -13.452 -14.426 -14.961 -15.232 -15.413 -14.417 -13.826 -14.665 -15.521 -15.478 -15.25 -14.432
1.480321 -9.399 -6.513 -8.965 -11.024 -12.685 -13.842 -11.941 -11.326 -12.73 -13.887 -14.683 -15.197 -11.219 -13.152 -14.353 -14.914 -15.25 -13.396 -14.391 -14.943 -15.224 -15.412 -14.387 -13.778 -14.639 -15.533 -15.5 -15.281 -14.407
1.525092 -9.392 -6.339 -8.841 -10.908 -12.605 -13.789 -11.878 -11.216 -12.651 -13.835 -14.655 -15.187 -11.106 -13.083 -14.314 -14.892 -15.242 -13.336 -14.353 -14.922 -15.214 -15.409 -14.354 -13.726 -14.609 -15.544 -15.522 -15.31 -14.38
1.571218 -9.386 -6.162 -8.713 -10.786 -12.519 -13.731 -11.812 -11.1 -12.567 -13.779 -14.624 -15.175 -10.987 -13.01 -14.271 -14.868 -15.231 -13.273 -14.313 -14.899 -15.202 -15.405 -14.319 -13.671 -14.577 -15.553 -15.542 -15.339 -14.351
1.618738 -9.379 -5.984 -8.58 -10.658 -12.429 -13.67 -11.742 -10.979 -12.479 -13.72 -14.591 -15.16 -10.862 -12.932 -14.225 -14.841 -15.218 -13.206 -14.269 -14.872 -15.187 -15.398 -14.28 -13.612 -14.542 -15.561 -15.56 -15.367 -14.32
1.667696 -9.372 -5.805 -8.442 -10.523 -12.334 -13.604 -11.668 -10.852 -12.387 -13.656 -14.554 -15.143 -10.731 -12.85 -14.176 -14.81 -15.203 -13.135 -14.221 -14.843 -15.169 -15.389 -14.238 -13.549 -14.503 -15.566 -15.578 -15.393 -14.286
1.718134 -9.365 -5.625 -8.299 -10.382 -12.233 -13.534 -11.591 -10.718 -12.288 -13.589 -14.513 -15.123 -10.593 -12.763 -14.122 -14.777 -15.185 -13.061 -14.17 -14.811 -15.149 -15.377 -14.193 -13.482 -14.462 -15.57 -15.594 -15.419 -14.249
1.770098 -9.357 -5.448 -8.151 -10.234 -12.127 -13.46 -11.509 -10.577 -12.185 -13.516 -14.47 -15.1 -10.448 -12.67 -14.064 -14.74 -15.164 -12.982 -14.115 -14.775 -15.126 -15.363 -14.144 -13.41 -14.416 -15.572 -15.608 -15.443 -14.21
1.823633 -9.348 -5.274 -7.997 -10.078 -12.014 -13.38 -11.424 -10.429 -12.075 -13.439 -14.422 -15.074 -10.296 -12.572 -14.002 -14.699 -15.139 -12.899 -14.055 -14.736 -15.099 -15.346 -14.091 -13.334 -14.367 -15.572 -15.621 -15.467 -14.167
1.878788 -9.338 -5.105 -7.838 -9.915 -11.895 -13.295 -11.333 -10.273 -11.959 -13.356 -14.37 -15.045 -10.136 -12.468 -13.935 -14.655 -15.112 -12.811 -13.992 -14.693 -15.07 -15.327 -14.035 -13.253 -14.313 -15.569 -15.632 -15.488 -14.122
1.93561 -9.328 -4.944 -7.672 -9.742 -11.769 -13.204 -11.238 -10.108 -11.836 -13.268 -14.314 -15.013 -9.967 -12.358 -13.864 -14.606 -15.081 -12.719 -13.923 -14.646 -15.037 -15.304 -13.974 -13.166 -14.255 -15.564 -15.641 -15.509 -14.073
1.994152 -9.315 -4.792 -7.499 -9.561 -11.636 -13.107 -11.137 -9.935 -11.706 -13.174 -14.254 -14.976 -9.789 -12.241 -13.787 -14.553 -15.047 -12.623 -13.85 -14.594 -15.0 -15.278 -13.908 -13.074 -14.193 -15.556 -15.648 -15.528 -14.021
2.054463 -9.302 -4.652 -7.32 -9.369 -11.495 -13.004 -11.031 -9.753 -11.568 -13.074 -14.188 -14.936 -9.601 -12.117 -13.704 -14.496 -15.009 -12.521 -13.771 -14.538 -14.959 -15.248 -13.838 -12.976 -14.126 -15.546 -15.653 -15.545 -13.965
2.116599 -9.287 -4.524 -7.133 -9.168 -11.345 -12.893 -10.92 -9.56 -11.423 -12.967 -14.118 -14.892 -9.403 -11.985 -13.615 -14.433 -14.966 -12.414 -13.687 -14.477 -14.914 -15.215 -13.762 -12.871 -14.053 -15.532 -15.656 -15.561 -13.905
2.180614 -9.27 -4.409 -6.938 -8.955 -11.187 -12.776 -10.802 -9.357 -11.268 -12.853 -14.042 -14.843 -9.194 -11.845 -13.52 -14.365 -14.919 -12.302 -13.597 -14.411 -14.864 -15.178 -13.681 -12.759 -13.975 -15.516 -15.657 -15.575 -13.842
2.246566 -9.251 -4.307 -6.734 -8.73 -11.018 -12.65 -10.677 -9.142 -11.104 -12.731 -13.959 -14.789 -8.973 -11.696 -13.418 -14.291 -14.867 -12.185 -13.5 -14.34 -14.809 -15.136 -13.594 -12.64 -13.89 -15.495 -15.654 -15.587 -13.774
2.314511 -9.23 -4.218 -6.522 -8.492 -10.84 -12.515 -10.546 -8.914 -10.931 -12.601 -13.871 -14.73 -8.739 -11.538 -13.308 -14.211 -14.81 -12.063 -13.396 -14.262 -14.749 -15.09 -13.5 -12.513 -13.799 -15.472 -15.649 -15.597 -13.702
2.384512 -9.206 -4.14 -6.3 -8.241 -10.65 -12.372 -10.407 -8.673 -10.746 -12.461 -13.775 -14.665 -8.492 -11.369 -13.19 -14.125 -14.747 -11.936 -13.286 -14.178 -14.683 -15.039 -13.399 -12.378 -13.701 -15.444 -15.641 -15.604 -13.625
2.45663 -9.18 -4.071 -6.068 -7.975 -10.448 -12.219 -10.261 -8.418 -10.55 -12.313 -13.673 -14.595 -8.23 -11.19 -13.064 -14.031 -14.679 -11.803 -13.167 -14.087 -14.612 -14.983 -13.292 -12.233 -13.596 -15.412 -15.63 -15.609 -13.544
2.530929 -9.151 -4.01 -5.825 -7.693 -10.234 -12.055 -10.106 -8.148 -10.342 -12.154 -13.562 -14.518 -7.952 -10.999 -12.928 -13.929 -14.604 -11.667 -13.041 -13.989 -14.533 -14.921 -13.176 -12.078 -13.483 -15.375 -15.615 -15.612 -13.458
2.607475 -9.118 -3.954 -5.569 -7.393 -10.006 -11.879 -9.943 -7.861 -10.12 -11.984 -13.443 -14.434 -7.657 -10.795 -12.783 -13.819 -14.522 -11.525 -12.906 -13.882 -14.448 -14.853 -13.051 -11.913 -13.361 -15.334 -15.597 -15.612 -13.366
2.686337 -9.083 -3.901 -5.301 -7.076 -9.763 -11.691 -9.77 -7.555 -9.884 -11.802 -13.315 -14.342 -7.344 -10.578 -12.626 -13.701 -14.432 -11.38 -12.762 -13.767 -14.355 -14.778 -12.918 -11.737 -13.229 -15.287 -15.574 -15.609 -13.27
2.767583 -9.043 -3.85 -5.019 -6.738 -9.504 -11.49 -9.588 -7.231 -9.632 -11.607 -13.176 -14.243 -7.011 -10.346 -12.458 -13.572 -14.335 -11.232 -12.608 -13.643 -14.254 -14.696 -12.774 -11.548 -13.088 -15.234 -15.547 -15.602 -13.168
2.851287 -9.0 -3.798 -4.722 -6.378 -9.227 -11.274 -9.396 -6.886 -9.364 -11.398 -13.028 -14.135 -6.656 -10.099 -12.277 -13.433 -14.228 -11.081 -12.444 -13.509 -14.144 -14.607 -12.62 -11.346 -12.935 -15.175 -15.515 -15.592 -13.06
2.937522 -8.953 -3.745 -4.409 -5.996 -8.931 -11.043 -9.193 -6.518 -9.078 -11.174 -12.867 -14.017 -6.278 -9.834 -12.083 -13.283 -14.112 -10.929 -12.269 -13.365 -14.025 -14.51 -12.455 -11.13 -12.771 -15.109 -15.479 -15.579 -12.946
3.026365 -8.9 -3.69 -4.078 -5.587 -8.615 -10.795 -8.98 -6.125 -8.772 -10.934 -12.694 -13.889 -5.875 -9.55 -11.874 -13.12 -13.986 -10.776 -12.083 -13.209 -13.895 -14.404 -12.276 -10.898 -12.594 -15.036 -15.436 -15.561 -12.826
3.117896 -8.843 -3.63 -3.728 -5.151 -8.277 -10.528 -8.755 -5.705 -8.445 -10.676 -12.508 -13.75 -5.444 -9.247 -11.649 -12.944 -13.849 -10.624 -11.886 -13.04 -13.753 -14.288 -12.084 -10.649 -12.404 -14.954 -15.387 -15.538 -12.701
3.212194 -8.78 -3.566 -3.357 -4.685 -7.915 -10.241 -8.52 -5.257 -8.094 -10.398 -12.306 -13.599 -4.983 -8.921 -11.406 -12.753 -13.699 -10.473 -11.676 -12.859 -13.6 -14.162 -11.878 -10.382 -12.198 -14.864 -15.332 -15.511 -12.569
3.309345 -8.712 -3.497 -2.963 -4.187 -7.526 -9.931 -8.273 -4.776 -7.719 -10.1 -12.089 -13.435 -4.49 -8.571 -11.144 -12.546 -13.536 -10.324 -11.456 -12.663 -13.434 -14.025 -11.655 -10.095 -11.976 -14.764 -15.27 -15.478 -12.432
3.409434 -8.637 -3.422 -2.545 -3.652 -7.108 -9.598 -8.016 -4.261 -7.316 -9.778 -11.854 -13.257 -3.961 -8.195 -10.861 -12.322 -13.358 -10.177 -11.223 -12.451 -13.253 -13.876 -11.414 -9.786 -11.736 -14.654 -15.199 -15.44 -12.288
3.51255 -8.555 -3.339 -2.099 -3.078 -6.66 -9.239 -7.75 -3.708 -6.884 -9.432 -11.6 -13.063 -3.393 -7.791 -10.555 -12.079 -13.165 -10.034 -10.98 -12.223 -13.057 -13.715 -11.155 -9.453 -11.476 -14.532 -15.12 -15.395 -12.138
3.618785 -8.466 -3.25 -1.623 -2.462 -6.176 -8.85 -7.475 -3.114 -6.419 -9.058 -11.326 -12.852 -2.783 -7.355 -10.224 -11.815 -12.954 -9.892 -10.726 -11.978 -12.844 -13.54 -10.874 -9.094 -11.195 -14.398 -15.031 -15.343 -11.982
3.728232 -8.368 -3.152 -1.115 -1.798 -5.655 -8.431 -7.194 -2.474 -5.918 -8.654 -11.028 -12.622 -2.126 -6.885 -9.865 -11.528 -12.724 -9.752 -10.464 -11.715 -12.613 -13.35 -10.571 -8.706 -10.891 -14.249 -14.932 -15.284 -11.821
3.84099 -8.261 -3.046 -0.57 -1.083 -5.092 -7.976 -6.909 -1.784 -5.378 -8.217 -10.706 -12.371 -1.417 -6.377 -9.477 -11.216 -12.472 -9.611 -10.196 -11.432 -12.362 -13.145 -10.242 -8.287 -10.562 -14.086 -14.821 -15.216 -11.653
3.957158 -8.145 -2.929 0.013 -0.311 -4.484 -7.483 -6.624 -1.038 -4.795 -7.744 -10.356 -12.098 -0.652 -5.827 -9.055 -10.876 -12.198 -9.469 -9.924 -11.129 -12.091 -12.923 -9.885 -7.834 -10.204 -13.905 -14.698 -15.138 -11.48
4.07684 -8.018 -2.802 0.64 0.524 -3.825 -6.947 -6.341 -0.232 -4.165 -7.231 -9.977 -11.8 0.176 -5.232 -8.596 -10.505 -11.898 -9.322 -9.652 -10.807 -11.797 -12.683 -9.498 -7.343 -9.815 -13.706 -14.56 -15.051 -11.3
4.200141 -7.879 -2.663 1.314 1.429 -3.111 -6.365 -6.063 0.642 -3.482 -6.674 -9.564 -11.475 1.073 -4.586 -8.096 -10.1 -11.569 -9.169 -9.382 -10.465 -11.479 -12.425 -9.077 -6.809 -9.392 -13.486 -14.407 -14.951 -11.113
4.327172 -7.727 -2.512 2.042 2.411 -2.334 -5.731 -5.793 1.59 -2.742 -6.068 -9.114 -11.12 2.047 -3.883 -7.552 -9.658 -11.21 -9.008 -9.116 -10.105 -11.136 -12.149 -8.618 -6.229 -8.932 -13.243 -14.236 -14.839 -10.919
