web/models/kne.last_good/kappa_0.5_3.0.v1/28/villar_0.0512_0.2807_0.5000.dat
# %ECSV 1.0
# ---
# datatype:
# - {name: time, datatype: float64}
# - {name: swift_uvot_uvw2, datatype: float64}
# - {name: swift_uvot_uvm2, datatype: float64}
# - {name: swift_uvot_uvw1, datatype: float64}
# - {name: swift_uvot_U, datatype: float64}
# - {name: swift_uvot_B, datatype: float64}
# - {name: swift_uvot_V, datatype: float64}
# - {name: swift_uvot_W, datatype: float64}
# - {name: johnson_U, datatype: float64}
# - {name: johnson_B, datatype: float64}
# - {name: johnson_V, datatype: float64}
# - {name: johnson_R, datatype: float64}
# - {name: johnson_I, datatype: float64}
# - {name: sdss_u, datatype: float64}
# - {name: sdss_g, datatype: float64}
# - {name: sdss_r, datatype: float64}
# - {name: sdss_i, datatype: float64}
# - {name: sdss_z, datatype: float64}
# - {name: PS1_g, datatype: float64}
# - {name: PS1_r, datatype: float64}
# - {name: PS1_i, datatype: float64}
# - {name: PS1_z, datatype: float64}
# - {name: PS1_Y, datatype: float64}
# - {name: PS1_w, datatype: float64}
# - {name: ATLAS_c, datatype: float64}
# - {name: ATLAS_o, datatype: float64}
# - {name: ukirt_J, datatype: float64}
# - {name: ukirt_H, datatype: float64}
# - {name: ukirt_K, datatype: float64}
# - {name: Clear, datatype: float64}
# meta: !!omap
# - comment: [kappa = 0.5, type = villar, mass = 0.051209162050732976, velocity = 0.2806666666666667, theta_obs = 0.0]
# schema: astropy-2.0
time swift_uvot_uvw2 swift_uvot_uvm2 swift_uvot_uvw1 swift_uvot_U swift_uvot_B swift_uvot_V swift_uvot_W johnson_U johnson_B johnson_V johnson_R johnson_I sdss_u sdss_g sdss_r sdss_i sdss_z PS1_g PS1_r PS1_i PS1_z PS1_Y PS1_w ATLAS_c ATLAS_o ukirt_J ukirt_H ukirt_K Clear
[from data line 77]
0.009917 -11.11 -10.982 -10.88 -10.555 -10.243 -9.893 -10.727 -10.509 -10.239 -9.883 -9.515 -9.084 -10.518 -10.132 -9.681 -9.342 -9.02 -10.119 -9.72 -9.392 -9.181 -9.185 -9.736 -9.956 -9.542 -8.368 -7.834 -7.213 -9.808
0.010217 -11.149 -11.024 -10.924 -10.603 -10.292 -9.944 -10.772 -10.557 -10.288 -9.934 -9.567 -9.136 -10.567 -10.182 -9.733 -9.395 -9.073 -10.168 -9.771 -9.443 -9.233 -9.234 -9.787 -10.007 -9.594 -8.422 -7.888 -7.267 -9.859
0.010526 -11.188 -11.066 -10.968 -10.65 -10.342 -9.995 -10.816 -10.605 -10.338 -9.985 -9.619 -9.189 -10.615 -10.232 -9.784 -9.447 -9.126 -10.218 -9.822 -9.495 -9.284 -9.283 -9.838 -10.057 -9.646 -8.476 -7.942 -7.322 -9.909
0.010845 -11.227 -11.108 -11.012 -10.698 -10.391 -10.046 -10.859 -10.653 -10.387 -10.036 -9.671 -9.242 -10.662 -10.281 -9.836 -9.499 -9.178 -10.268 -9.873 -9.546 -9.335 -9.333 -9.889 -10.108 -9.697 -8.529 -7.996 -7.376 -9.96
0.011173 -11.266 -11.15 -11.055 -10.745 -10.44 -10.096 -10.903 -10.701 -10.436 -10.086 -9.722 -9.294 -10.71 -10.331 -9.887 -9.551 -9.231 -10.317 -9.923 -9.597 -9.386 -9.382 -9.94 -10.158 -9.749 -8.583 -8.05 -7.431 -10.01
0.011511 -11.304 -11.192 -11.098 -10.792 -10.489 -10.147 -10.946 -10.748 -10.486 -10.137 -9.774 -9.347 -10.757 -10.381 -9.938 -9.603 -9.284 -10.367 -9.974 -9.649 -9.437 -9.431 -9.991 -10.208 -9.801 -8.636 -8.104 -7.485 -10.061
0.011859 -11.342 -11.233 -11.141 -10.839 -10.538 -10.197 -10.99 -10.796 -10.535 -10.187 -9.826 -9.399 -10.805 -10.43 -9.989 -9.655 -9.336 -10.416 -10.025 -9.7 -9.488 -9.48 -10.042 -10.258 -9.852 -8.69 -8.158 -7.539 -10.111
0.012217 -11.38 -11.274 -11.184 -10.886 -10.587 -10.248 -11.033 -10.843 -10.583 -10.238 -9.877 -9.451 -10.852 -10.48 -10.04 -9.707 -9.389 -10.465 -10.075 -9.751 -9.539 -9.529 -10.092 -10.308 -9.903 -8.743 -8.212 -7.594 -10.161
0.012587 -11.417 -11.315 -11.226 -10.933 -10.636 -10.298 -11.076 -10.89 -10.632 -10.288 -9.928 -9.504 -10.899 -10.529 -10.091 -9.759 -9.441 -10.514 -10.125 -9.802 -9.59 -9.578 -10.143 -10.358 -9.955 -8.796 -8.266 -7.648 -10.212
0.012968 -11.455 -11.355 -11.269 -10.98 -10.685 -10.348 -11.118 -10.937 -10.681 -10.338 -9.98 -9.556 -10.946 -10.578 -10.142 -9.811 -9.493 -10.563 -10.176 -9.853 -9.641 -9.627 -10.193 -10.408 -10.006 -8.85 -8.319 -7.702 -10.262
0.01336 -11.492 -11.396 -11.311 -11.026 -10.733 -10.398 -11.161 -10.984 -10.729 -10.388 -10.031 -9.608 -10.993 -10.627 -10.193 -9.862 -9.546 -10.612 -10.226 -9.904 -9.692 -9.676 -10.244 -10.458 -10.057 -8.903 -8.373 -7.756 -10.312
0.013764 -11.528 -11.436 -11.353 -11.073 -10.782 -10.448 -11.203 -11.031 -10.778 -10.438 -10.082 -9.66 -11.04 -10.676 -10.243 -9.914 -9.598 -10.661 -10.276 -9.955 -9.743 -9.725 -10.294 -10.507 -10.108 -8.956 -8.427 -7.81 -10.361
0.01418 -11.565 -11.476 -11.395 -11.119 -10.83 -10.498 -11.245 -11.077 -10.826 -10.488 -10.133 -9.712 -11.086 -10.725 -10.294 -9.965 -9.65 -10.71 -10.326 -10.006 -9.793 -9.774 -10.344 -10.557 -10.159 -9.009 -8.48 -7.864 -10.411
0.014609 -11.601 -11.516 -11.436 -11.165 -10.878 -10.548 -11.287 -11.124 -10.874 -10.538 -10.184 -9.764 -11.133 -10.774 -10.345 -10.017 -9.702 -10.758 -10.376 -10.056 -9.844 -9.823 -10.394 -10.606 -10.21 -9.062 -8.534 -7.918 -10.461
0.015051 -11.637 -11.555 -11.478 -11.211 -10.926 -10.598 -11.329 -11.17 -10.923 -10.588 -10.235 -9.816 -11.179 -10.822 -10.395 -10.068 -9.754 -10.807 -10.426 -10.107 -9.895 -9.872 -10.444 -10.656 -10.26 -9.115 -8.587 -7.972 -10.51
0.015506 -11.673 -11.595 -11.519 -11.257 -10.974 -10.647 -11.371 -11.216 -10.971 -10.637 -10.285 -9.868 -11.225 -10.871 -10.445 -10.119 -9.806 -10.855 -10.476 -10.158 -9.945 -9.921 -10.494 -10.705 -10.311 -9.168 -8.641 -8.026 -10.56
0.015975 -11.709 -11.634 -11.56 -11.302 -11.022 -10.697 -11.412 -11.262 -11.018 -10.687 -10.336 -9.919 -11.271 -10.919 -10.496 -10.17 -9.858 -10.903 -10.526 -10.208 -9.996 -9.969 -10.544 -10.754 -10.362 -9.221 -8.694 -8.08 -10.609
0.016458 -11.744 -11.672 -11.6 -11.348 -11.07 -10.746 -11.454 -11.308 -11.066 -10.736 -10.387 -9.971 -11.317 -10.968 -10.546 -10.222 -9.91 -10.951 -10.576 -10.259 -10.046 -10.018 -10.593 -10.803 -10.412 -9.274 -8.748 -8.134 -10.659
0.016956 -11.779 -11.711 -11.641 -11.393 -11.118 -10.796 -11.495 -11.354 -11.114 -10.786 -10.437 -10.023 -11.362 -11.016 -10.596 -10.273 -9.962 -11.0 -10.625 -10.309 -10.097 -10.067 -10.643 -10.852 -10.463 -9.326 -8.801 -8.188 -10.708
0.017469 -11.814 -11.749 -11.681 -11.438 -11.165 -10.845 -11.536 -11.4 -11.161 -10.835 -10.488 -10.074 -11.408 -11.064 -10.646 -10.324 -10.013 -11.048 -10.675 -10.359 -10.147 -10.116 -10.693 -10.901 -10.513 -9.379 -8.854 -8.242 -10.757
0.017997 -11.849 -11.787 -11.721 -11.483 -11.212 -10.894 -11.576 -11.445 -11.209 -10.884 -10.538 -10.126 -11.453 -11.112 -10.696 -10.375 -10.065 -11.095 -10.724 -10.41 -10.197 -10.164 -10.742 -10.95 -10.563 -9.432 -8.908 -8.295 -10.806
0.018541 -11.883 -11.825 -11.761 -11.528 -11.26 -10.943 -11.617 -11.49 -11.256 -10.933 -10.588 -10.177 -11.499 -11.16 -10.746 -10.425 -10.116 -11.143 -10.774 -10.46 -10.248 -10.213 -10.791 -10.998 -10.614 -9.484 -8.961 -8.349 -10.855
0.019102 -11.917 -11.863 -11.801 -11.573 -11.307 -10.992 -11.657 -11.536 -11.303 -10.982 -10.639 -10.229 -11.544 -11.207 -10.795 -10.476 -10.168 -11.191 -10.823 -10.51 -10.298 -10.262 -10.841 -11.047 -10.664 -9.537 -9.014 -8.403 -10.904
0.01968 -11.951 -11.9 -11.84 -11.618 -11.354 -11.041 -11.697 -11.581 -11.35 -11.031 -10.689 -10.28 -11.589 -11.255 -10.845 -10.527 -10.219 -11.238 -10.872 -10.56 -10.348 -10.31 -10.89 -11.095 -10.714 -9.59 -9.067 -8.456 -10.952
0.020275 -11.985 -11.937 -11.88 -11.662 -11.401 -11.09 -11.737 -11.625 -11.397 -11.08 -10.739 -10.331 -11.634 -11.303 -10.895 -10.578 -10.271 -11.286 -10.921 -10.61 -10.398 -10.359 -10.939 -11.144 -10.764 -9.642 -9.12 -8.51 -11.001
0.020888 -12.018 -11.974 -11.919 -11.706 -11.448 -11.139 -11.777 -11.67 -11.444 -11.129 -10.789 -10.382 -11.678 -11.35 -10.944 -10.628 -10.322 -11.333 -10.971 -10.66 -10.448 -10.408 -10.988 -11.192 -10.814 -9.695 -9.173 -8.563 -11.05
0.02152 -12.051 -12.011 -11.958 -11.751 -11.494 -11.187 -11.817 -11.715 -11.491 -11.177 -10.839 -10.433 -11.723 -11.397 -10.994 -10.679 -10.373 -11.381 -11.02 -10.71 -10.498 -10.456 -11.037 -11.24 -10.864 -9.747 -9.226 -8.617 -11.098
0.022171 -12.084 -12.047 -11.996 -11.795 -11.541 -11.236 -11.856 -11.759 -11.537 -11.226 -10.889 -10.484 -11.767 -11.445 -11.043 -10.729 -10.425 -11.428 -11.068 -10.76 -10.548 -10.505 -11.086 -11.288 -10.913 -9.799 -9.279 -8.67 -11.146
0.022841 -12.116 -12.083 -12.035 -11.838 -11.587 -11.284 -11.895 -11.803 -11.584 -11.274 -10.938 -10.535 -11.811 -11.492 -11.092 -10.779 -10.476 -11.475 -11.117 -10.81 -10.598 -10.553 -11.134 -11.336 -10.963 -9.852 -9.332 -8.724 -11.195
0.023532 -12.148 -12.119 -12.073 -11.882 -11.634 -11.332 -11.934 -11.848 -11.63 -11.323 -10.988 -10.586 -11.855 -11.539 -11.141 -10.83 -10.527 -11.522 -11.166 -10.859 -10.648 -10.602 -11.183 -11.384 -11.013 -9.904 -9.385 -8.777 -11.243
0.024244 -12.18 -12.155 -12.111 -11.926 -11.68 -11.38 -11.973 -11.892 -11.676 -11.371 -11.038 -10.637 -11.899 -11.586 -11.19 -10.88 -10.578 -11.569 -11.215 -10.909 -10.698 -10.65 -11.231 -11.432 -11.062 -9.956 -9.438 -8.831 -11.291
0.024977 -12.212 -12.19 -12.149 -11.969 -11.726 -11.429 -12.012 -11.935 -11.722 -11.419 -11.087 -10.688 -11.943 -11.632 -11.239 -10.93 -10.629 -11.615 -11.263 -10.959 -10.748 -10.699 -11.28 -11.479 -11.112 -10.008 -9.491 -8.884 -11.339
0.025733 -12.243 -12.225 -12.186 -12.012 -11.772 -11.477 -12.05 -11.979 -11.768 -11.467 -11.137 -10.738 -11.987 -11.679 -11.288 -10.98 -10.68 -11.662 -11.312 -11.008 -10.798 -10.747 -11.328 -11.527 -11.161 -10.06 -9.544 -8.937 -11.387
0.026511 -12.274 -12.26 -12.223 -12.055 -11.818 -11.524 -12.088 -12.023 -11.814 -11.515 -11.186 -10.789 -12.03 -11.725 -11.337 -11.03 -10.731 -11.708 -11.36 -11.058 -10.847 -10.796 -11.376 -11.574 -11.21 -10.112 -9.596 -8.991 -11.434
0.027313 -12.305 -12.294 -12.26 -12.098 -11.863 -11.572 -12.126 -12.066 -11.86 -11.563 -11.235 -10.84 -12.074 -11.772 -11.386 -11.08 -10.781 -11.755 -11.409 -11.107 -10.897 -10.844 -11.425 -11.622 -11.259 -10.164 -9.649 -9.044 -11.482
0.028139 -12.336 -12.329 -12.297 -12.141 -11.909 -11.62 -12.164 -12.109 -11.905 -11.61 -11.284 -10.89 -12.117 -11.818 -11.434 -11.13 -10.832 -11.801 -11.457 -11.156 -10.947 -10.893 -11.473 -11.669 -11.308 -10.216 -9.702 -9.097 -11.53
0.02899 -12.366 -12.363 -12.334 -12.183 -11.954 -11.668 -12.202 -12.152 -11.951 -11.658 -11.333 -10.941 -12.16 -11.864 -11.483 -11.18 -10.883 -11.847 -11.505 -11.206 -10.996 -10.941 -11.521 -11.716 -11.358 -10.268 -9.754 -9.15 -11.577
0.029867 -12.396 -12.396 -12.37 -12.226 -11.999 -11.715 -12.239 -12.195 -11.996 -11.706 -11.382 -10.991 -12.202 -11.91 -11.531 -11.229 -10.933 -11.893 -11.553 -11.255 -11.046 -10.989 -11.569 -11.763 -11.406 -10.32 -9.807 -9.204 -11.624
0.03077 -12.425 -12.43 -12.406 -12.268 -12.045 -11.762 -12.277 -12.238 -12.041 -11.753 -11.431 -11.041 -12.245 -11.956 -11.58 -11.279 -10.984 -11.939 -11.601 -11.304 -11.095 -11.038 -11.616 -11.81 -11.455 -10.372 -9.859 -9.257 -11.672
0.031701 -12.455 -12.463 -12.442 -12.31 -12.09 -11.81 -12.314 -12.28 -12.086 -11.8 -11.48 -11.092 -12.288 -12.002 -11.628 -11.328 -11.034 -11.985 -11.649 -11.353 -11.144 -11.086 -11.664 -11.857 -11.504 -10.424 -9.912 -9.31 -11.719
0.032659 -12.484 -12.496 -12.478 -12.352 -12.135 -11.857 -12.351 -12.323 -12.131 -11.847 -11.529 -11.142 -12.33 -12.048 -11.676 -11.378 -11.085 -12.031 -11.697 -11.402 -11.194 -11.134 -11.712 -11.903 -11.553 -10.475 -9.964 -9.363 -11.766
0.033647 -12.512 -12.528 -12.513 -12.393 -12.179 -11.904 -12.387 -12.365 -12.176 -11.895 -11.578 -11.192 -12.372 -12.093 -11.724 -11.427 -11.135 -12.077 -11.745 -11.451 -11.243 -11.183 -11.759 -11.95 -11.601 -10.527 -10.017 -9.416 -11.813
0.034665 -12.541 -12.561 -12.548 -12.435 -12.224 -11.951 -12.424 -12.407 -12.22 -11.942 -11.626 -11.242 -12.414 -12.139 -11.772 -11.477 -11.185 -12.122 -11.793 -11.5 -11.292 -11.231 -11.807 -11.996 -11.65 -10.579 -10.069 -9.469 -11.86
0.035713 -12.569 -12.593 -12.583 -12.476 -12.268 -11.998 -12.46 -12.449 -12.265 -11.988 -11.675 -11.292 -12.456 -12.184 -11.82 -11.526 -11.235 -12.167 -11.84 -11.549 -11.342 -11.279 -11.854 -12.043 -11.698 -10.63 -10.122 -9.522 -11.906
0.036793 -12.597 -12.624 -12.617 -12.517 -12.313 -12.045 -12.496 -12.49 -12.309 -12.035 -11.723 -11.342 -12.497 -12.229 -11.868 -11.575 -11.286 -12.213 -11.888 -11.597 -11.391 -11.327 -11.901 -12.089 -11.747 -10.682 -10.174 -9.575 -11.953
0.037906 -12.624 -12.656 -12.652 -12.558 -12.357 -12.091 -12.532 -12.532 -12.353 -12.082 -11.772 -11.392 -12.539 -12.274 -11.916 -11.624 -11.336 -12.258 -11.935 -11.646 -11.44 -11.375 -11.948 -12.135 -11.795 -10.733 -10.226 -9.628 -12.0
0.039052 -12.651 -12.687 -12.686 -12.599 -12.401 -12.138 -12.567 -12.573 -12.398 -12.129 -11.82 -11.442 -12.58 -12.319 -11.963 -11.673 -11.386 -12.303 -11.982 -11.695 -11.489 -11.423 -11.995 -12.181 -11.843 -10.785 -10.278 -9.681 -12.046
0.040234 -12.678 -12.718 -12.72 -12.64 -12.445 -12.184 -12.603 -12.614 -12.441 -12.175 -11.868 -11.491 -12.621 -12.364 -12.011 -11.722 -11.436 -12.348 -12.03 -11.743 -11.538 -11.471 -12.042 -12.227 -11.891 -10.836 -10.331 -9.733 -12.092
0.04145 -12.705 -12.748 -12.753 -12.68 -12.489 -12.23 -12.638 -12.655 -12.485 -12.221 -11.916 -11.541 -12.662 -12.408 -12.058 -11.771 -11.485 -12.393 -12.077 -11.792 -11.587 -11.519 -12.089 -12.273 -11.939 -10.888 -10.383 -9.786 -12.139
0.042704 -12.731 -12.778 -12.787 -12.72 -12.532 -12.277 -12.673 -12.696 -12.529 -12.268 -11.964 -11.59 -12.703 -12.453 -12.106 -11.82 -11.535 -12.437 -12.124 -11.84 -11.636 -11.567 -12.135 -12.318 -11.987 -10.939 -10.435 -9.839 -12.185
0.043996 -12.756 -12.808 -12.82 -12.76 -12.576 -12.323 -12.708 -12.737 -12.572 -12.314 -12.012 -11.64 -12.743 -12.497 -12.153 -11.868 -11.585 -12.482 -12.171 -11.888 -11.684 -11.615 -12.182 -12.364 -12.035 -10.99 -10.487 -9.892 -12.231
0.045326 -12.782 -12.837 -12.852 -12.8 -12.619 -12.369 -12.743 -12.777 -12.616 -12.36 -12.06 -11.689 -12.784 -12.542 -12.2 -11.917 -11.635 -12.526 -12.218 -11.937 -11.733 -11.663 -12.229 -12.409 -12.082 -11.041 -10.539 -9.945 -12.277
0.046697 -12.807 -12.867 -12.885 -12.84 -12.662 -12.415 -12.777 -12.817 -12.659 -12.406 -12.108 -11.739 -12.824 -12.586 -12.247 -11.965 -11.684 -12.57 -12.264 -11.985 -11.782 -11.711 -12.275 -12.455 -12.13 -11.092 -10.591 -9.997 -12.322
0.048109 -12.832 -12.895 -12.917 -12.879 -12.705 -12.46 -12.811 -12.858 -12.702 -12.451 -12.155 -11.788 -12.864 -12.63 -12.294 -12.014 -11.734 -12.614 -12.311 -12.033 -11.831 -11.759 -12.321 -12.5 -12.178 -11.144 -10.643 -10.05 -12.368
0.049564 -12.856 -12.924 -12.949 -12.918 -12.748 -12.506 -12.845 -12.897 -12.745 -12.497 -12.203 -11.837 -12.903 -12.673 -12.341 -12.062 -11.783 -12.658 -12.358 -12.081 -11.879 -11.807 -12.367 -12.545 -12.225 -11.195 -10.695 -10.103 -12.414
0.051063 -12.88 -12.952 -12.981 -12.957 -12.791 -12.551 -12.879 -12.937 -12.788 -12.543 -12.25 -11.886 -12.943 -12.717 -12.388 -12.11 -11.833 -12.702 -12.404 -12.129 -11.928 -11.855 -12.413 -12.59 -12.272 -11.246 -10.747 -10.155 -12.459
0.052608 -12.904 -12.98 -13.012 -12.996 -12.834 -12.597 -12.912 -12.976 -12.83 -12.588 -12.298 -11.935 -12.982 -12.761 -12.434 -12.159 -11.882 -12.746 -12.45 -12.177 -11.976 -11.903 -12.459 -12.634 -12.32 -11.297 -10.798 -10.208 -12.504
0.054199 -12.927 -13.007 -13.043 -13.035 -12.876 -12.642 -12.946 -13.016 -12.873 -12.633 -12.345 -11.984 -13.022 -12.804 -12.481 -12.207 -11.931 -12.79 -12.497 -12.224 -12.024 -11.95 -12.505 -12.679 -12.367 -11.347 -10.85 -10.26 -12.549
0.055838 -12.95 -13.035 -13.074 -13.073 -12.918 -12.687 -12.979 -13.055 -12.915 -12.678 -12.392 -12.033 -13.06 -12.847 -12.527 -12.255 -11.98 -12.833 -12.543 -12.272 -12.073 -11.998 -12.551 -12.724 -12.414 -11.398 -10.902 -10.313 -12.595
0.057527 -12.973 -13.061 -13.104 -13.111 -12.96 -12.732 -13.011 -13.094 -12.957 -12.723 -12.439 -12.082 -13.099 -12.89 -12.573 -12.303 -12.029 -12.876 -12.589 -12.32 -12.121 -12.046 -12.596 -12.768 -12.461 -11.449 -10.954 -10.365 -12.639
0.059267 -12.995 -13.088 -13.134 -13.149 -13.002 -12.777 -13.044 -13.132 -12.999 -12.768 -12.486 -12.131 -13.138 -12.933 -12.62 -12.351 -12.078 -12.919 -12.635 -12.367 -12.169 -12.093 -12.642 -12.812 -12.507 -11.5 -11.005 -10.418 -12.684
0.061059 -13.017 -13.114 -13.164 -13.187 -13.044 -12.822 -13.076 -13.171 -13.041 -12.813 -12.533 -12.18 -13.176 -12.976 -12.666 -12.398 -12.127 -12.962 -12.681 -12.415 -12.217 -12.141 -12.687 -12.856 -12.554 -11.55 -11.057 -10.47 -12.729
0.062906 -13.038 -13.14 -13.194 -13.224 -13.086 -12.866 -13.109 -13.209 -13.082 -12.858 -12.58 -12.228 -13.214 -13.019 -12.712 -12.446 -12.176 -13.005 -12.726 -12.462 -12.265 -12.188 -12.732 -12.9 -12.601 -11.601 -11.108 -10.522 -12.774
0.064808 -13.06 -13.165 -13.223 -13.262 -13.127 -12.911 -13.141 -13.247 -13.124 -12.902 -12.626 -12.277 -13.252 -13.061 -12.757 -12.493 -12.225 -13.048 -12.772 -12.509 -12.313 -12.236 -12.778 -12.944 -12.647 -11.652 -11.16 -10.575 -12.818
0.066769 -13.08 -13.19 -13.252 -13.299 -13.168 -12.955 -13.172 -13.285 -13.165 -12.947 -12.673 -12.325 -13.29 -13.103 -12.803 -12.541 -12.274 -13.091 -12.817 -12.556 -12.361 -12.283 -12.822 -12.988 -12.694 -11.702 -11.211 -10.627 -12.862
0.068788 -13.1 -13.214 -13.28 -13.336 -13.209 -12.999 -13.204 -13.322 -13.206 -12.991 -12.719 -12.374 -13.327 -13.146 -12.849 -12.588 -12.322 -13.133 -12.863 -12.603 -12.409 -12.331 -12.867 -13.031 -12.74 -11.753 -11.263 -10.679 -12.906
0.070868 -13.12 -13.239 -13.309 -13.372 -13.25 -13.044 -13.235 -13.36 -13.247 -13.035 -12.766 -12.422 -13.364 -13.188 -12.894 -12.636 -12.371 -13.175 -12.908 -12.65 -12.457 -12.378 -12.912 -13.075 -12.786 -11.803 -11.314 -10.731 -12.951
