web/models/kne.last_good/kappa_0.5_3.0.v1/28/villar_0.0275_0.4217_0.5000.dat
# %ECSV 1.0
# ---
# datatype:
# - {name: time, datatype: float64}
# - {name: swift_uvot_uvw2, datatype: float64}
# - {name: swift_uvot_uvm2, datatype: float64}
# - {name: swift_uvot_uvw1, datatype: float64}
# - {name: swift_uvot_U, datatype: float64}
# - {name: swift_uvot_B, datatype: float64}
# - {name: swift_uvot_V, datatype: float64}
# - {name: swift_uvot_W, datatype: float64}
# - {name: johnson_U, datatype: float64}
# - {name: johnson_B, datatype: float64}
# - {name: johnson_V, datatype: float64}
# - {name: johnson_R, datatype: float64}
# - {name: johnson_I, datatype: float64}
# - {name: sdss_u, datatype: float64}
# - {name: sdss_g, datatype: float64}
# - {name: sdss_r, datatype: float64}
# - {name: sdss_i, datatype: float64}
# - {name: sdss_z, datatype: float64}
# - {name: PS1_g, datatype: float64}
# - {name: PS1_r, datatype: float64}
# - {name: PS1_i, datatype: float64}
# - {name: PS1_z, datatype: float64}
# - {name: PS1_Y, datatype: float64}
# - {name: PS1_w, datatype: float64}
# - {name: ATLAS_c, datatype: float64}
# - {name: ATLAS_o, datatype: float64}
# - {name: ukirt_J, datatype: float64}
# - {name: ukirt_H, datatype: float64}
# - {name: ukirt_K, datatype: float64}
# - {name: Clear, datatype: float64}
# meta: !!omap
# - comment: [kappa = 0.5, type = villar, mass = 0.027507471329904786, velocity = 0.4216666666666667, theta_obs = 0.0]
# schema: astropy-2.0
time swift_uvot_uvw2 swift_uvot_uvm2 swift_uvot_uvw1 swift_uvot_U swift_uvot_B swift_uvot_V swift_uvot_W johnson_U johnson_B johnson_V johnson_R johnson_I sdss_u sdss_g sdss_r sdss_i sdss_z PS1_g PS1_r PS1_i PS1_z PS1_Y PS1_w ATLAS_c ATLAS_o ukirt_J ukirt_H ukirt_K Clear
[from data line 144]
0.073012 -12.799 -13.03 -13.226 -13.529 -13.534 -13.424 -13.264 -13.538 -13.532 -13.417 -13.214 -12.928 -13.539 -13.505 -13.317 -13.112 -12.886 -13.503 -13.327 -13.122 -12.954 -12.873 -13.314 -13.436 -13.23 -12.372 -11.913 -11.355 -13.334
0.07522 -12.808 -13.043 -13.245 -13.558 -13.57 -13.464 -13.289 -13.569 -13.568 -13.457 -13.257 -12.974 -13.57 -13.542 -13.359 -13.156 -12.932 -13.541 -13.369 -13.166 -13.0 -12.919 -13.355 -13.475 -13.273 -12.421 -11.963 -11.406 -13.374
0.077495 -12.816 -13.055 -13.264 -13.588 -13.606 -13.504 -13.314 -13.6 -13.603 -13.497 -13.301 -13.02 -13.6 -13.579 -13.401 -13.201 -12.978 -13.579 -13.411 -13.21 -13.045 -12.964 -13.396 -13.514 -13.316 -12.47 -12.014 -11.457 -13.414
0.079839 -12.824 -13.067 -13.282 -13.617 -13.641 -13.544 -13.339 -13.63 -13.638 -13.537 -13.344 -13.066 -13.63 -13.616 -13.443 -13.245 -13.024 -13.616 -13.452 -13.255 -13.091 -13.01 -13.437 -13.553 -13.359 -12.519 -12.064 -11.509 -13.454
0.082253 -12.83 -13.078 -13.3 -13.645 -13.676 -13.583 -13.363 -13.659 -13.673 -13.577 -13.386 -13.111 -13.66 -13.653 -13.484 -13.289 -13.07 -13.653 -13.494 -13.299 -13.136 -13.056 -13.478 -13.592 -13.402 -12.567 -12.114 -11.56 -13.494
0.084741 -12.837 -13.089 -13.317 -13.674 -13.71 -13.622 -13.387 -13.689 -13.708 -13.616 -13.429 -13.157 -13.689 -13.689 -13.526 -13.333 -13.116 -13.69 -13.535 -13.342 -13.182 -13.102 -13.518 -13.63 -13.444 -12.616 -12.164 -11.611 -13.534
0.087304 -12.843 -13.099 -13.334 -13.702 -13.744 -13.661 -13.411 -13.718 -13.742 -13.655 -13.471 -13.202 -13.718 -13.725 -13.567 -13.377 -13.162 -13.726 -13.576 -13.386 -13.227 -13.147 -13.559 -13.668 -13.487 -12.665 -12.214 -11.662 -13.573
0.089944 -12.848 -13.109 -13.35 -13.729 -13.778 -13.7 -13.435 -13.747 -13.776 -13.694 -13.514 -13.248 -13.746 -13.761 -13.608 -13.421 -13.208 -13.763 -13.617 -13.43 -13.272 -13.192 -13.599 -13.706 -13.529 -12.713 -12.264 -11.713 -13.612
0.092665 -12.852 -13.118 -13.366 -13.756 -13.812 -13.739 -13.458 -13.775 -13.81 -13.733 -13.556 -13.293 -13.774 -13.796 -13.649 -13.464 -13.253 -13.799 -13.658 -13.473 -13.317 -13.238 -13.639 -13.744 -13.571 -12.761 -12.313 -11.764 -13.651
0.095467 -12.856 -13.126 -13.381 -13.783 -13.846 -13.777 -13.481 -13.803 -13.843 -13.771 -13.598 -13.338 -13.802 -13.831 -13.689 -13.508 -13.299 -13.835 -13.698 -13.517 -13.362 -13.283 -13.678 -13.782 -13.612 -12.809 -12.363 -11.815 -13.69
0.098355 -12.86 -13.134 -13.396 -13.81 -13.879 -13.815 -13.503 -13.83 -13.877 -13.809 -13.64 -13.382 -13.829 -13.866 -13.73 -13.551 -13.344 -13.87 -13.738 -13.56 -13.406 -13.328 -13.718 -13.819 -13.654 -12.858 -12.413 -11.866 -13.729
0.101329 -12.862 -13.141 -13.41 -13.836 -13.911 -13.853 -13.526 -13.858 -13.909 -13.847 -13.681 -13.427 -13.856 -13.901 -13.77 -13.594 -13.389 -13.905 -13.779 -13.603 -13.451 -13.373 -13.757 -13.856 -13.695 -12.906 -12.462 -11.917 -13.767
0.104394 -12.865 -13.148 -13.424 -13.861 -13.944 -13.891 -13.548 -13.884 -13.942 -13.885 -13.723 -13.472 -13.883 -13.935 -13.81 -13.637 -13.434 -13.94 -13.818 -13.645 -13.495 -13.418 -13.796 -13.892 -13.736 -12.954 -12.512 -11.968 -13.806
0.107551 -12.866 -13.154 -13.437 -13.886 -13.976 -13.928 -13.569 -13.911 -13.974 -13.923 -13.764 -13.516 -13.909 -13.969 -13.85 -13.68 -13.479 -13.975 -13.858 -13.688 -13.539 -13.462 -13.835 -13.929 -13.777 -13.001 -12.561 -12.018 -13.843
0.110804 -12.867 -13.159 -13.45 -13.911 -14.008 -13.965 -13.591 -13.937 -14.006 -13.96 -13.805 -13.56 -13.935 -14.003 -13.889 -13.722 -13.523 -14.009 -13.898 -13.731 -13.583 -13.507 -13.874 -13.965 -13.818 -13.049 -12.611 -12.069 -13.881
0.114155 -12.867 -13.163 -13.462 -13.935 -14.039 -14.002 -13.612 -13.962 -14.038 -13.997 -13.846 -13.604 -13.96 -14.036 -13.928 -13.765 -13.568 -14.044 -13.937 -13.773 -13.627 -13.552 -13.912 -14.001 -13.859 -13.097 -12.66 -12.12 -13.919
0.117608 -12.867 -13.167 -13.473 -13.959 -14.071 -14.039 -13.632 -13.988 -14.069 -14.034 -13.886 -13.648 -13.985 -14.069 -13.968 -13.807 -13.612 -14.077 -13.976 -13.815 -13.671 -13.596 -13.95 -14.037 -13.899 -13.144 -12.709 -12.17 -13.956
0.121165 -12.866 -13.17 -13.484 -13.983 -14.101 -14.075 -13.652 -14.012 -14.1 -14.07 -13.927 -13.692 -14.009 -14.102 -14.006 -13.849 -13.657 -14.111 -14.015 -13.857 -13.715 -13.64 -13.988 -14.072 -13.939 -13.191 -12.758 -12.221 -13.993
0.124829 -12.864 -13.173 -13.494 -14.006 -14.132 -14.111 -13.672 -14.036 -14.13 -14.106 -13.967 -13.736 -14.033 -14.135 -14.045 -13.891 -13.701 -14.144 -14.053 -13.898 -13.758 -13.684 -14.026 -14.107 -13.979 -13.239 -12.807 -12.271 -14.03
0.128605 -12.861 -13.174 -13.504 -14.028 -14.162 -14.147 -13.692 -14.06 -14.16 -14.142 -14.007 -13.779 -14.057 -14.167 -14.083 -13.932 -13.745 -14.177 -14.091 -13.94 -13.801 -13.728 -14.063 -14.142 -14.019 -13.286 -12.856 -12.321 -14.066
0.132494 -12.858 -13.175 -13.513 -14.05 -14.191 -14.183 -13.711 -14.084 -14.19 -14.178 -14.047 -13.822 -14.08 -14.198 -14.121 -13.973 -13.788 -14.209 -14.129 -13.981 -13.845 -13.772 -14.1 -14.176 -14.058 -13.333 -12.905 -12.371 -14.102
0.136502 -12.854 -13.175 -13.522 -14.071 -14.221 -14.218 -13.73 -14.106 -14.219 -14.213 -14.086 -13.865 -14.102 -14.23 -14.159 -14.015 -13.832 -14.242 -14.167 -14.022 -13.887 -13.816 -14.137 -14.211 -14.098 -13.38 -12.954 -12.422 -14.138
0.14063 -12.849 -13.175 -13.529 -14.092 -14.25 -14.253 -13.748 -14.129 -14.248 -14.248 -14.125 -13.908 -14.124 -14.261 -14.197 -14.056 -13.875 -14.273 -14.205 -14.063 -13.93 -13.859 -14.174 -14.244 -14.137 -13.427 -13.002 -12.472 -14.174
0.144883 -12.844 -13.173 -13.537 -14.113 -14.278 -14.287 -13.767 -14.151 -14.277 -14.283 -14.164 -13.951 -14.146 -14.291 -14.234 -14.096 -13.918 -14.305 -14.242 -14.104 -13.973 -13.903 -14.21 -14.278 -14.175 -13.473 -13.051 -12.522 -14.21
0.149265 -12.837 -13.171 -13.543 -14.133 -14.306 -14.321 -13.784 -14.172 -14.305 -14.317 -14.203 -13.993 -14.167 -14.322 -14.271 -14.137 -13.961 -14.336 -14.279 -14.144 -14.015 -13.946 -14.246 -14.311 -14.214 -13.52 -13.099 -12.572 -14.245
0.15378 -12.83 -13.168 -13.549 -14.152 -14.334 -14.355 -13.802 -14.193 -14.333 -14.351 -14.242 -14.036 -14.187 -14.352 -14.308 -14.177 -14.004 -14.367 -14.316 -14.185 -14.057 -13.989 -14.282 -14.344 -14.252 -13.566 -13.147 -12.621 -14.28
0.15843 -12.822 -13.164 -13.554 -14.171 -14.361 -14.389 -13.818 -14.213 -14.36 -14.385 -14.28 -14.078 -14.207 -14.381 -14.344 -14.217 -14.047 -14.397 -14.352 -14.225 -14.099 -14.032 -14.318 -14.377 -14.29 -13.612 -13.195 -12.671 -14.314
0.163222 -12.814 -13.159 -13.558 -14.189 -14.388 -14.422 -13.835 -14.233 -14.387 -14.418 -14.318 -14.119 -14.226 -14.41 -14.38 -14.257 -14.089 -14.427 -14.388 -14.264 -14.141 -14.074 -14.353 -14.409 -14.328 -13.658 -13.243 -12.721 -14.348
0.168159 -12.804 -13.153 -13.562 -14.207 -14.414 -14.455 -13.851 -14.252 -14.413 -14.451 -14.355 -14.161 -14.245 -14.439 -14.416 -14.296 -14.131 -14.457 -14.424 -14.304 -14.183 -14.117 -14.388 -14.44 -14.365 -13.704 -13.291 -12.77 -14.382
0.173245 -12.794 -13.146 -13.565 -14.224 -14.44 -14.487 -13.867 -14.27 -14.439 -14.484 -14.393 -14.202 -14.263 -14.467 -14.452 -14.336 -14.173 -14.486 -14.459 -14.343 -14.224 -14.159 -14.422 -14.472 -14.402 -13.75 -13.339 -12.82 -14.416
0.178484 -12.783 -13.138 -13.567 -14.24 -14.465 -14.519 -13.882 -14.288 -14.464 -14.516 -14.43 -14.244 -14.281 -14.495 -14.487 -14.375 -14.215 -14.514 -14.494 -14.382 -14.265 -14.201 -14.456 -14.503 -14.439 -13.796 -13.387 -12.869 -14.449
0.183882 -12.77 -13.13 -13.568 -14.256 -14.49 -14.551 -13.896 -14.306 -14.489 -14.548 -14.467 -14.285 -14.298 -14.522 -14.522 -14.413 -14.256 -14.543 -14.529 -14.421 -14.306 -14.243 -14.49 -14.533 -14.475 -13.841 -13.434 -12.918 -14.482
0.189444 -12.757 -13.12 -13.569 -14.271 -14.514 -14.582 -13.911 -14.322 -14.514 -14.579 -14.503 -14.325 -14.314 -14.549 -14.556 -14.452 -14.298 -14.57 -14.564 -14.459 -14.347 -14.285 -14.524 -14.564 -14.511 -13.887 -13.482 -12.968 -14.515
0.195173 -12.743 -13.109 -13.568 -14.285 -14.538 -14.613 -13.924 -14.338 -14.537 -14.61 -14.539 -14.366 -14.33 -14.575 -14.59 -14.49 -14.339 -14.598 -14.598 -14.497 -14.387 -14.326 -14.557 -14.593 -14.547 -13.932 -13.529 -13.017 -14.547
0.201076 -12.729 -13.098 -13.567 -14.299 -14.561 -14.644 -13.937 -14.354 -14.561 -14.641 -14.575 -14.406 -14.345 -14.601 -14.624 -14.528 -14.38 -14.625 -14.631 -14.535 -14.427 -14.368 -14.59 -14.623 -14.583 -13.977 -13.576 -13.065 -14.579
0.207158 -12.713 -13.085 -13.565 -14.312 -14.584 -14.674 -13.95 -14.368 -14.584 -14.671 -14.61 -14.446 -14.359 -14.626 -14.657 -14.565 -14.42 -14.651 -14.665 -14.573 -14.467 -14.409 -14.622 -14.652 -14.618 -14.021 -13.623 -13.114 -14.61
0.213423 -12.696 -13.071 -13.562 -14.324 -14.606 -14.703 -13.962 -14.382 -14.606 -14.701 -14.645 -14.485 -14.372 -14.651 -14.69 -14.602 -14.46 -14.677 -14.698 -14.61 -14.507 -14.449 -14.654 -14.68 -14.653 -14.066 -13.67 -13.163 -14.641
0.219878 -12.678 -13.055 -13.558 -14.335 -14.627 -14.732 -13.974 -14.395 -14.627 -14.73 -14.68 -14.525 -14.385 -14.675 -14.723 -14.639 -14.5 -14.702 -14.73 -14.647 -14.546 -14.49 -14.686 -14.708 -14.687 -14.11 -13.717 -13.212 -14.672
0.226528 -12.659 -13.039 -13.553 -14.346 -14.648 -14.761 -13.985 -14.408 -14.648 -14.759 -14.715 -14.564 -14.397 -14.699 -14.755 -14.676 -14.54 -14.727 -14.762 -14.683 -14.585 -14.53 -14.717 -14.735 -14.721 -14.154 -13.763 -13.26 -14.702
0.233379 -12.639 -13.021 -13.547 -14.356 -14.668 -14.789 -13.995 -14.419 -14.668 -14.787 -14.748 -14.602 -14.408 -14.722 -14.786 -14.712 -14.579 -14.751 -14.794 -14.719 -14.624 -14.57 -14.748 -14.762 -14.754 -14.198 -13.81 -13.308 -14.732
0.240437 -12.618 -13.002 -13.54 -14.365 -14.688 -14.816 -14.005 -14.43 -14.688 -14.815 -14.782 -14.641 -14.419 -14.744 -14.817 -14.748 -14.618 -14.775 -14.825 -14.755 -14.662 -14.61 -14.778 -14.788 -14.788 -14.242 -13.856 -13.356 -14.761
0.247709 -12.595 -12.982 -13.532 -14.373 -14.706 -14.843 -14.015 -14.44 -14.707 -14.842 -14.815 -14.679 -14.428 -14.766 -14.848 -14.783 -14.657 -14.798 -14.856 -14.791 -14.7 -14.649 -14.808 -14.814 -14.82 -14.285 -13.902 -13.404 -14.79
0.255201 -12.572 -12.961 -13.523 -14.38 -14.724 -14.869 -14.023 -14.449 -14.725 -14.868 -14.848 -14.717 -14.437 -14.787 -14.878 -14.818 -14.695 -14.82 -14.886 -14.826 -14.738 -14.689 -14.837 -14.839 -14.853 -14.328 -13.947 -13.452 -14.818
0.262919 -12.547 -12.938 -13.513 -14.386 -14.742 -14.895 -14.031 -14.457 -14.743 -14.894 -14.88 -14.754 -14.444 -14.808 -14.908 -14.852 -14.733 -14.842 -14.916 -14.86 -14.776 -14.727 -14.866 -14.864 -14.884 -14.371 -13.993 -13.5 -14.846
0.270871 -12.521 -12.913 -13.501 -14.391 -14.758 -14.92 -14.038 -14.465 -14.759 -14.92 -14.912 -14.791 -14.451 -14.827 -14.937 -14.886 -14.771 -14.863 -14.945 -14.894 -14.813 -14.766 -14.894 -14.888 -14.916 -14.414 -14.038 -13.547 -14.873
0.279064 -12.494 -12.887 -13.488 -14.396 -14.774 -14.945 -14.045 -14.471 -14.775 -14.944 -14.943 -14.827 -14.457 -14.846 -14.966 -14.92 -14.808 -14.883 -14.974 -14.928 -14.849 -14.804 -14.922 -14.911 -14.946 -14.456 -14.083 -13.595 -14.9
0.287504 -12.465 -12.859 -13.474 -14.399 -14.789 -14.969 -14.05 -14.476 -14.79 -14.968 -14.973 -14.864 -14.461 -14.864 -14.994 -14.953 -14.845 -14.902 -15.002 -14.961 -14.885 -14.842 -14.949 -14.934 -14.977 -14.499 -14.128 -13.642 -14.926
0.296199 -12.435 -12.83 -13.459 -14.401 -14.803 -14.992 -14.055 -14.48 -14.805 -14.992 -15.004 -14.899 -14.465 -14.882 -15.021 -14.986 -14.882 -14.921 -15.029 -14.994 -14.921 -14.879 -14.975 -14.956 -15.006 -14.54 -14.173 -13.689 -14.952
0.305157 -12.404 -12.799 -13.442 -14.402 -14.816 -15.014 -14.06 -14.483 -14.818 -15.015 -15.033 -14.935 -14.467 -14.898 -15.048 -15.018 -14.918 -14.939 -15.056 -15.026 -14.956 -14.916 -15.001 -14.977 -15.036 -14.582 -14.217 -13.735 -14.977
0.314387 -12.371 -12.766 -13.424 -14.401 -14.828 -15.036 -14.063 -14.485 -14.83 -15.036 -15.062 -14.969 -14.468 -14.914 -15.074 -15.05 -14.953 -14.956 -15.082 -15.058 -14.991 -14.953 -15.027 -14.998 -15.064 -14.623 -14.261 -13.782 -15.001
0.323895 -12.337 -12.732 -13.404 -14.4 -14.839 -15.057 -14.065 -14.486 -14.842 -15.058 -15.09 -15.004 -14.468 -14.929 -15.099 -15.081 -14.988 -14.973 -15.107 -15.089 -15.026 -14.989 -15.051 -15.017 -15.092 -14.664 -14.305 -13.828 -15.025
0.333691 -12.302 -12.695 -13.383 -14.397 -14.85 -15.077 -14.067 -14.485 -14.852 -15.078 -15.118 -15.038 -14.467 -14.943 -15.124 -15.111 -15.023 -14.988 -15.132 -15.12 -15.06 -15.025 -15.075 -15.036 -15.119 -14.704 -14.349 -13.874 -15.048
0.343783 -12.264 -12.656 -13.36 -14.393 -14.859 -15.096 -14.067 -14.483 -14.861 -15.097 -15.145 -15.071 -14.465 -14.956 -15.148 -15.141 -15.057 -15.002 -15.156 -15.15 -15.093 -15.06 -15.099 -15.054 -15.146 -14.744 -14.392 -13.92 -15.07
0.354181 -12.225 -12.616 -13.336 -14.387 -14.866 -15.114 -14.067 -14.48 -14.869 -15.116 -15.172 -15.104 -14.461 -14.967 -15.171 -15.17 -15.091 -15.016 -15.18 -15.179 -15.126 -15.095 -15.121 -15.071 -15.172 -14.784 -14.435 -13.965 -15.092
0.364893 -12.185 -12.573 -13.31 -14.38 -14.873 -15.132 -14.065 -14.475 -14.876 -15.134 -15.197 -15.136 -14.455 -14.978 -15.193 -15.199 -15.124 -15.028 -15.202 -15.207 -15.158 -15.129 -15.143 -15.087 -15.197 -14.823 -14.478 -14.011 -15.113
0.375929 -12.143 -12.528 -13.281 -14.371 -14.879 -15.148 -14.063 -14.469 -14.882 -15.15 -15.222 -15.167 -14.448 -14.988 -15.215 -15.227 -15.156 -15.039 -15.224 -15.235 -15.19 -15.163 -15.163 -15.102 -15.221 -14.862 -14.52 -14.056 -15.133
0.387298 -12.099 -12.48 -13.251 -14.361 -14.883 -15.164 -14.059 -14.462 -14.886 -15.166 -15.246 -15.198 -14.44 -14.996 -15.235 -15.254 -15.188 -15.049 -15.244 -15.263 -15.221 -15.196 -15.183 -15.116 -15.245 -14.901 -14.562 -14.1 -15.152
0.399012 -12.053 -12.43 -13.219 -14.349 -14.886 -15.178 -14.054 -14.452 -14.89 -15.181 -15.269 -15.228 -14.429 -15.003 -15.255 -15.28 -15.219 -15.058 -15.264 -15.289 -15.251 -15.229 -15.202 -15.129 -15.267 -14.939 -14.603 -14.145 -15.17
0.41108 -12.005 -12.377 -13.185 -14.335 -14.887 -15.191 -14.048 -14.441 -14.891 -15.194 -15.291 -15.258 -14.417 -15.009 -15.274 -15.305 -15.249 -15.066 -15.283 -15.315 -15.281 -15.261 -15.22 -15.141 -15.289 -14.976 -14.644 -14.189 -15.187
0.423513 -11.956 -12.321 -13.149 -14.319 -14.887 -15.203 -14.04 -14.428 -14.892 -15.206 -15.313 -15.287 -14.404 -15.013 -15.291 -15.33 -15.279 -15.072 -15.3 -15.339 -15.309 -15.292 -15.237 -15.152 -15.31 -15.013 -14.685 -14.233 -15.203
0.436321 -11.904 -12.263 -13.11 -14.301 -14.885 -15.213 -14.031 -14.413 -14.89 -15.217 -15.333 -15.315 -14.388 -15.016 -15.308 -15.354 -15.308 -15.077 -15.317 -15.363 -15.338 -15.323 -15.253 -15.161 -15.33 -15.049 -14.725 -14.276 -15.219
0.449518 -11.85 -12.201 -13.069 -14.282 -14.882 -15.223 -14.021 -14.396 -14.887 -15.227 -15.352 -15.342 -14.37 -15.018 -15.323 -15.376 -15.336 -15.081 -15.332 -15.386 -15.365 -15.352 -15.268 -15.169 -15.348 -15.085 -14.765 -14.319 -15.233
0.463113 -11.795 -12.136 -13.025 -14.26 -14.877 -15.231 -14.009 -14.377 -14.882 -15.235 -15.371 -15.368 -14.35 -15.018 -15.337 -15.398 -15.364 -15.083 -15.347 -15.408 -15.391 -15.382 -15.282 -15.176 -15.366 -15.12 -14.804 -14.361 -15.246
0.47712 -11.737 -12.068 -12.979 -14.235 -14.87 -15.237 -13.995 -14.356 -14.876 -15.242 -15.388 -15.393 -14.328 -15.016 -15.35 -15.419 -15.39 -15.083 -15.36 -15.429 -15.417 -15.41 -15.294 -15.181 -15.382 -15.154 -14.843 -14.404 -15.257
0.49155 -11.677 -11.996 -12.93 -14.209 -14.861 -15.242 -13.98 -14.332 -14.867 -15.248 -15.403 -15.418 -14.303 -15.012 -15.361 -15.438 -15.415 -15.082 -15.371 -15.449 -15.441 -15.437 -15.306 -15.185 -15.397 -15.188 -14.881 -14.445 -15.268
0.506416 -11.615 -11.921 -12.878 -14.179 -14.85 -15.245 -13.963 -14.306 -14.857 -15.251 -15.418 -15.441 -14.276 -15.007 -15.371 -15.457 -15.44 -15.078 -15.381 -15.467 -15.465 -15.464 -15.315 -15.187 -15.411 -15.221 -14.919 -14.487 -15.277
