web/models/kne.last_good/kappa_0.5_3.0.v1/28/villar_0.0120_0.4217_3.0000.dat
# %ECSV 1.0
# ---
# datatype:
# - {name: time, datatype: float64}
# - {name: swift_uvot_uvw2, datatype: float64}
# - {name: swift_uvot_uvm2, datatype: float64}
# - {name: swift_uvot_uvw1, datatype: float64}
# - {name: swift_uvot_U, datatype: float64}
# - {name: swift_uvot_B, datatype: float64}
# - {name: swift_uvot_V, datatype: float64}
# - {name: swift_uvot_W, datatype: float64}
# - {name: johnson_U, datatype: float64}
# - {name: johnson_B, datatype: float64}
# - {name: johnson_V, datatype: float64}
# - {name: johnson_R, datatype: float64}
# - {name: johnson_I, datatype: float64}
# - {name: sdss_u, datatype: float64}
# - {name: sdss_g, datatype: float64}
# - {name: sdss_r, datatype: float64}
# - {name: sdss_i, datatype: float64}
# - {name: sdss_z, datatype: float64}
# - {name: PS1_g, datatype: float64}
# - {name: PS1_r, datatype: float64}
# - {name: PS1_i, datatype: float64}
# - {name: PS1_z, datatype: float64}
# - {name: PS1_Y, datatype: float64}
# - {name: PS1_w, datatype: float64}
# - {name: ATLAS_c, datatype: float64}
# - {name: ATLAS_o, datatype: float64}
# - {name: ukirt_J, datatype: float64}
# - {name: ukirt_H, datatype: float64}
# - {name: ukirt_K, datatype: float64}
# - {name: Clear, datatype: float64}
# meta: !!omap
# - comment: [kappa = 3.0, type = villar, mass = 0.012011244339858356, velocity = 0.4216666666666667, theta_obs = 0.0]
# schema: astropy-2.0
time swift_uvot_uvw2 swift_uvot_uvm2 swift_uvot_uvw1 swift_uvot_U swift_uvot_B swift_uvot_V swift_uvot_W johnson_U johnson_B johnson_V johnson_R johnson_I sdss_u sdss_g sdss_r sdss_i sdss_z PS1_g PS1_r PS1_i PS1_z PS1_Y PS1_w ATLAS_c ATLAS_o ukirt_J ukirt_H ukirt_K Clear
[from data line 286]
5.02233 -1.459 3.757 11.279 13.066 7.24 3.111 0.752 12.07 6.618 2.602 -1.267 -3.757 12.66 5.304 0.817 -1.822 -3.809 -2.726 -2.576 -3.016 -3.969 -5.323 -0.716 2.311 -1.018 -6.449 -7.823 -8.738 -4.534
5.174227 -1.014 4.201 11.724 13.511 7.685 3.555 1.196 12.515 7.063 3.047 -0.822 -3.313 13.105 5.749 1.262 -1.378 -3.364 -2.281 -2.131 -2.571 -3.524 -4.878 -0.271 2.756 -0.573 -6.005 -7.379 -8.293 -4.089
5.330718 -0.542 4.674 12.196 13.983 8.157 4.027 1.668 12.987 7.535 3.519 -0.35 -2.841 13.577 6.221 1.734 -0.906 -2.892 -1.809 -1.659 -2.099 -3.052 -4.406 0.201 3.228 -0.101 -5.532 -6.907 -7.821 -3.617
5.491942 -0.041 5.175 12.697 14.484 8.658 4.528 2.169 13.488 8.036 4.02 0.151 -2.34 14.078 6.722 2.235 -0.405 -2.391 -1.308 -1.158 -1.598 -2.551 -3.905 0.702 3.729 0.4 -5.031 -6.405 -7.32 -3.116
5.658042 0.491 5.706 13.229 15.016 9.19 5.06 2.701 14.02 8.568 4.552 0.683 -1.808 14.61 7.254 2.767 0.127 -1.859 -0.776 -0.626 -1.066 -2.019 -3.373 1.233 4.261 0.932 -4.5 -5.874 -6.788 -2.584
5.829166 1.055 6.271 13.793 15.58 9.754 5.625 3.266 14.584 9.133 5.116 1.247 -1.243 15.174 7.818 3.331 0.692 -1.295 -0.212 -0.062 -0.502 -1.455 -2.809 1.798 4.826 1.496 -3.935 -5.309 -6.224 -2.02
6.005465 1.654 6.87 14.392 16.18 10.354 6.224 3.865 15.183 9.732 5.716 1.846 -0.644 15.773 8.418 3.93 1.291 -0.695 0.388 0.537 0.097 -0.855 -2.21 2.397 5.425 2.096 -3.336 -4.71 -5.624 -1.421
6.187096 2.29 7.506 15.028 16.815 10.989 6.86 4.501 15.819 10.368 6.352 2.482 -0.008 16.409 9.054 4.566 1.927 -0.06 1.024 1.173 0.733 -0.22 -1.574 3.033 6.061 2.732 -2.7 -4.074 -4.989 -0.785
6.37422 2.965 8.181 15.703 17.49 11.664 7.535 5.176 16.494 11.043 7.026 3.157 0.667 17.084 9.729 5.241 2.602 0.615 1.699 1.848 1.408 0.455 -0.899 3.708 6.736 3.407 -2.025 -3.399 -4.314 -0.11
6.567004 3.682 8.897 16.42 18.207 12.381 8.251 5.892 17.211 11.759 7.743 3.874 1.383 17.8 10.445 5.957 3.318 1.332 2.415 2.565 2.125 1.172 -0.182 4.424 7.452 4.123 -1.309 -2.683 -3.597 0.607
6.765619 4.442 9.658 17.18 18.967 13.141 9.012 6.653 17.971 12.519 8.503 4.634 2.144 18.561 11.205 6.718 4.079 2.092 3.175 3.325 2.885 1.932 0.578 5.185 8.212 4.883 -0.548 -1.922 -2.837 1.367
6.97024 5.249 10.465 17.987 19.774 13.948 9.819 7.46 18.778 13.327 9.31 5.441 2.951 19.368 12.012 7.525 4.886 2.899 3.982 4.132 3.692 2.739 1.385 5.992 9.02 5.69 0.259 -1.115 -2.03 2.174
7.181051 6.106 11.321 18.844 20.631 14.805 10.675 8.316 19.635 14.183 10.167 6.298 3.807 20.225 12.869 8.382 5.742 3.756 4.839 4.989 4.549 3.596 2.242 6.849 9.876 6.547 1.115 -0.259 -1.173 3.031
7.398237 7.015 12.231 19.753 21.54 15.714 11.585 9.226 20.544 15.092 11.076 7.207 4.717 21.134 13.778 9.291 6.652 4.665 5.748 5.898 5.458 4.505 3.151 7.758 10.785 7.456 2.025 0.651 -0.264 3.94
7.621991 7.98 13.196 20.718 22.505 16.679 12.55 10.191 21.509 16.058 12.041 8.172 5.682 22.099 14.743 10.256 7.617 5.63 6.713 6.863 6.423 5.47 4.116 8.723 11.751 8.421 2.99 1.616 0.701 4.905
7.852513 9.005 14.22 21.743 23.53 17.704 13.574 11.215 22.534 17.082 13.066 9.196 6.706 23.123 15.768 11.28 8.641 6.655 7.738 7.887 7.447 6.495 5.141 9.747 12.775 9.446 4.014 2.64 1.726 5.93
8.090007 10.092 15.307 22.83 24.617 18.791 14.661 12.302 23.621 18.169 14.153 10.284 7.793 24.211 16.855 12.368 9.728 7.742 8.825 8.975 8.535 7.582 6.228 10.834 13.862 10.533 5.101 3.727 2.813 7.017
8.334684 11.246 16.461 23.984 25.771 19.945 15.815 13.456 24.775 19.323 15.307 11.438 8.947 25.365 18.009 13.522 10.882 8.896 9.979 10.129 9.689 8.736 7.382 11.988 15.016 11.687 6.255 4.881 3.967 8.171
8.586761 12.471 17.686 25.209 26.996 21.17 17.04 14.681 26.0 20.548 16.532 12.662 10.172 26.589 19.234 14.746 12.107 10.121 11.204 11.354 10.914 9.961 8.607 13.213 16.241 12.912 7.48 6.106 5.192 9.396
8.846461 13.771 18.986 26.509 28.296 22.47 18.34 15.981 27.3 21.848 17.832 13.963 11.472 27.89 20.534 16.047 13.407 11.421 12.504 12.654 12.214 11.261 9.907 14.513 17.541 14.212 8.78 7.406 6.492 10.696
9.114017 15.151 20.366 27.889 29.676 23.85 19.72 17.361 28.68 23.228 19.212 15.342 12.852 29.269 21.914 17.426 14.787 12.801 13.884 14.034 13.594 12.641 11.287 15.893 18.921 15.592 10.16 8.786 7.872 12.076
9.389664 16.615 21.831 29.353 31.14 25.314 21.185 18.826 30.144 24.693 20.677 16.807 14.317 30.734 23.379 18.891 16.252 14.265 15.349 15.498 15.058 14.105 12.751 17.358 20.386 17.057 11.625 10.251 9.336 13.54
9.673648 18.17 23.386 30.908 32.695 26.869 22.739 20.38 31.699 26.247 22.231 18.362 15.871 32.289 24.933 20.446 17.806 15.82 16.903 17.053 16.613 15.66 14.306 18.913 21.94 18.611 13.179 11.805 10.891 15.095
9.966221 19.82 25.036 32.558 34.345 28.519 24.389 22.03 33.349 27.897 23.881 20.012 17.521 33.939 26.583 22.096 19.456 17.47 18.553 18.703 18.263 17.31 15.956 20.563 23.59 20.261 14.83 13.455 12.541 16.745
10.267642 21.571 26.787 34.309 36.096 30.27 26.141 23.782 35.1 29.649 25.632 21.763 19.273 35.69 28.334 23.847 21.208 19.221 20.304 20.454 20.014 19.061 17.707 22.314 25.342 22.012 16.581 15.207 14.292 18.496
10.57818 23.43 28.646 36.168 37.955 32.129 28.0 25.641 36.959 31.507 27.491 23.622 21.132 37.549 30.193 25.706 23.067 21.08 22.163 22.313 21.873 20.92 19.566 24.173 27.2 23.871 18.44 17.066 16.151 20.355
10.89811 25.403 30.619 38.141 39.928 34.102 29.973 27.614 38.932 33.48 29.464 25.595 23.105 39.522 32.166 27.679 25.04 23.053 24.136 24.286 23.846 22.893 21.539 26.146 29.174 25.844 20.413 19.039 18.124 22.328
11.227716 27.497 32.713 40.235 42.022 36.196 32.067 29.708 41.026 35.575 31.559 27.689 25.199 41.616 34.261 29.773 27.134 25.148 26.231 26.38 25.94 24.988 23.633 28.24 31.268 27.939 22.507 21.133 20.219 24.422
11.56729 29.72 34.936 42.458 44.245 38.419 34.29 31.931 43.249 37.797 33.781 29.912 27.422 43.839 36.483 31.996 29.357 27.37 28.453 28.603 28.163 27.21 25.856 30.463 33.49 30.161 24.73 23.356 22.441 26.645
11.917135 32.079 37.295 44.817 46.605 40.779 36.649 34.29 45.608 40.157 36.141 32.271 29.781 46.198 38.843 34.355 31.716 29.73 30.813 30.962 30.522 29.57 28.215 32.822 35.85 32.521 27.089 25.715 24.801 29.004
12.277561 34.583 39.799 47.321 49.109 43.283 39.153 36.794 48.113 42.661 38.645 34.775 32.285 48.702 41.347 36.859 34.22 32.234 33.317 33.466 33.026 32.074 30.72 35.326 38.354 35.025 29.593 28.219 27.305 31.509
12.648887 37.241 42.457 49.979 51.767 45.941 41.811 39.452 50.77 45.319 41.303 37.433 34.943 51.36 44.005 39.517 36.878 34.892 35.975 36.124 35.684 34.732 33.377 37.984 41.012 37.683 32.251 30.877 29.963 34.166
13.031444 40.062 45.278 52.8 54.588 48.762 44.632 42.273 53.591 48.14 44.124 40.254 37.764 54.181 46.826 42.338 39.699 37.713 38.796 38.945 38.505 37.553 36.198 40.805 43.833 40.504 35.072 33.698 32.784 36.988
13.425571 43.057 48.272 55.795 57.582 51.756 47.626 45.267 56.586 51.134 47.118 43.249 40.758 57.176 49.82 45.333 42.693 40.707 41.79 41.94 41.5 40.547 39.193 43.799 46.827 43.498 38.066 36.692 35.778 39.982
13.831619 46.235 51.451 58.973 60.76 54.934 50.804 48.445 59.764 54.312 50.296 46.427 43.936 60.354 52.998 48.511 45.871 43.885 44.968 45.118 44.678 43.725 42.371 46.978 50.005 46.676 41.245 39.87 38.956 43.16
14.249947 49.608 54.824 62.346 64.133 58.307 54.178 51.819 63.137 57.686 53.669 49.8 47.31 63.727 56.371 51.884 49.245 47.258 48.341 48.491 48.051 47.098 45.744 50.351 53.379 50.049 44.618 43.244 42.329 46.533
14.680926 53.189 58.404 65.927 67.714 61.888 57.758 55.399 66.718 61.266 57.25 53.381 50.89 67.307 59.952 55.464 52.825 50.839 51.922 52.072 51.632 50.679 49.325 53.931 56.959 53.63 48.198 46.824 45.91 50.114
15.124941 56.989 62.205 69.727 71.514 65.688 61.558 59.2 70.518 65.066 61.05 57.181 54.69 71.108 63.752 59.265 56.625 54.639 55.722 55.872 55.432 54.479 53.125 57.732 60.759 57.43 51.999 50.625 49.71 53.914
15.582385 61.023 66.238 73.761 75.548 69.722 65.592 63.233 74.552 69.1 65.084 61.214 58.724 75.141 67.786 63.298 60.659 58.673 59.756 59.906 59.466 58.513 57.159 61.765 64.793 61.464 56.032 54.658 53.744 57.948
16.053663 65.304 70.52 78.042 79.829 74.003 69.873 67.515 78.833 73.381 69.365 65.496 63.005 79.423 72.067 67.58 64.94 62.954 64.037 64.187 63.747 62.794 61.44 66.047 69.074 65.745 60.314 58.94 58.025 62.229
16.539195 69.848 75.064 82.586 84.373 78.547 74.418 72.059 83.377 77.925 73.909 70.04 67.55 83.967 76.611 72.124 69.485 67.498 68.581 68.731 68.291 67.338 65.984 70.591 73.619 70.289 64.858 63.484 62.569 66.773
17.039412 74.671 79.887 87.409 89.197 83.371 79.241 76.882 88.2 82.749 78.733 74.863 72.373 88.79 81.435 76.947 74.308 72.322 73.405 73.554 73.114 72.162 70.807 75.414 78.442 75.113 69.681 68.307 67.393 71.597
17.554757 79.791 85.006 92.529 94.316 88.49 84.36 82.001 93.32 87.868 83.852 79.983 77.492 93.91 86.554 82.067 79.427 77.441 78.524 78.674 78.234 77.281 75.927 80.534 83.561 80.232 74.8 73.426 72.512 76.716
18.085689 85.225 90.44 97.963 99.75 93.924 89.794 87.435 98.754 93.302 89.286 85.416 82.926 99.343 91.988 87.5 84.861 82.875 83.958 84.108 83.667 82.715 81.361 85.967 88.995 85.666 80.234 78.86 77.946 82.15
18.632678 90.992 96.208 103.73 105.517 99.691 95.561 93.203 104.521 99.069 95.053 91.184 88.693 105.111 97.755 93.268 90.629 88.642 89.725 89.875 89.435 88.482 87.128 91.735 94.762 91.433 86.002 84.628 83.713 87.917
19.196211 97.114 102.329 109.852 111.639 105.813 101.683 99.324 110.643 105.191 101.175 97.305 94.815 111.232 103.877 99.389 96.75 94.764 95.847 95.996 95.556 94.604 93.25 97.856 100.884 97.555 92.123 90.749 89.835 94.039
19.776787 103.611 108.827 116.349 118.136 112.31 108.18 105.822 117.14 111.688 107.672 103.803 101.312 117.73 110.374 105.887 103.247 101.261 102.344 102.494 102.054 101.101 99.747 104.354 107.381 104.052 98.621 97.247 96.332 100.536
20.374923 110.507 115.723 123.245 125.033 119.207 115.077 112.718 124.036 118.585 114.569 110.699 108.209 124.626 117.271 112.783 110.144 108.158 109.241 109.39 108.95 107.998 106.643 111.25 114.278 110.949 105.517 104.143 103.229 107.433
20.991149 117.827 123.043 130.565 132.352 126.526 122.397 120.038 131.356 125.905 121.889 118.019 115.529 131.946 124.591 120.103 117.464 115.477 116.561 116.71 116.27 115.317 113.963 118.57 121.598 118.269 112.837 111.463 110.548 114.752
21.626011 125.597 130.812 138.335 140.122 134.296 130.166 127.807 139.126 133.674 129.658 125.788 123.298 139.715 132.36 127.872 125.233 123.247 124.33 124.48 124.039 123.087 121.733 126.339 129.367 126.038 120.606 119.232 118.318 122.522
22.280075 133.843 139.059 146.581 148.368 142.542 138.412 136.054 147.372 141.92 137.904 134.035 131.544 147.962 140.606 136.119 133.479 131.493 132.576 132.726 132.286 131.333 129.979 134.586 137.613 134.284 128.853 127.479 126.564 130.768
22.953921 142.596 147.811 155.334 157.121 151.295 147.165 144.806 156.125 150.673 146.657 142.788 140.297 156.715 149.359 144.872 142.232 140.246 141.329 141.479 141.039 140.086 138.732 143.338 146.366 143.037 137.605 136.231 135.317 139.521
23.648147 151.886 157.102 164.624 166.411 160.585 156.455 154.096 165.415 159.963 155.947 152.078 149.587 166.005 158.649 154.162 151.522 149.536 150.619 150.769 150.329 149.376 148.022 152.629 155.656 152.327 146.896 145.522 144.607 148.811
24.363369 161.747 166.962 174.485 176.272 170.446 166.316 163.957 175.276 169.824 165.808 161.938 159.448 175.865 168.51 164.022 161.383 159.397 160.48 160.629 160.189 159.237 157.883 162.489 165.517 162.188 156.756 155.382 154.468 158.672
25.100222 172.213 177.428 184.951 186.738 180.912 176.782 174.423 185.742 180.29 176.274 172.405 169.914 186.331 178.976 174.489 171.849 169.863 170.946 171.096 170.656 169.703 168.349 172.955 175.983 172.654 167.222 165.848 164.934 169.138
25.859362 183.321 188.537 196.059 197.847 192.021 187.891 185.532 196.851 191.399 187.383 183.513 181.023 197.44 190.085 185.597 182.958 180.972 182.055 182.204 181.764 180.812 179.458 184.064 187.092 183.763 178.331 176.957 176.043 180.247
26.64146 195.112 200.328 207.85 209.638 203.812 199.682 197.323 208.641 203.19 199.174 195.304 192.814 209.231 201.876 197.388 194.749 192.763 193.846 193.995 193.555 192.603 191.248 195.855 198.883 195.554 190.122 188.748 187.834 192.037
27.447213 207.627 212.843 220.365 222.152 216.326 212.197 209.838 221.156 215.705 211.689 207.819 205.329 221.746 214.391 209.903 207.264 205.277 206.361 206.51 206.07 205.117 203.763 208.37 211.398 208.069 202.637 201.263 200.348 204.552
28.277335 220.911 226.126 233.649 235.436 229.61 225.48 223.121 234.44 228.988 224.972 221.102 218.612 235.029 227.674 223.186 220.547 218.561 219.644 219.794 219.354 218.401 217.047 221.653 224.681 221.352 215.92 214.546 213.632 217.836
29.132564 235.01 240.225 247.748 249.535 243.709 239.579 237.22 248.539 243.087 239.071 235.201 232.711 249.128 241.773 237.285 234.646 232.66 233.743 233.893 233.453 232.5 231.146 235.752 238.78 235.451 230.019 228.645 227.731 231.935
30.013659 249.974 255.19 262.712 264.5 258.674 254.544 252.185 263.503 258.052 254.036 250.166 247.676 264.093 256.738 252.25 249.611 247.625 248.708 248.857 248.417 247.465 246.11 250.717 253.745 250.416 244.984 243.61 242.696 246.899
30.921401 265.858 271.074 278.596 280.383 274.557 270.427 268.068 279.387 273.935 269.919 266.05 263.559 279.977 272.621 268.134 265.494 263.508 264.591 264.741 264.301 263.348 261.994 266.601 269.628 266.299 260.868 259.494 258.579 262.783
31.856598 282.717 287.933 295.455 297.242 291.416 287.286 284.927 296.246 290.794 286.778 282.909 280.418 296.836 289.48 284.993 282.353 280.367 281.45 281.6 281.16 280.207 278.853 283.46 286.487 283.158 277.726 276.352 275.438 279.642
32.820079 300.611 305.827 313.349 315.136 309.31 305.18 302.822 314.14 308.688 304.672 300.803 298.312 314.73 307.374 302.887 300.247 298.261 299.344 299.494 299.054 298.101 296.747 301.354 304.381 301.052 295.621 294.247 293.332 297.536
33.8127 319.604 324.819 332.342 334.129 328.303 324.173 321.814 333.133 327.681 323.665 319.796 317.305 333.723 326.367 321.88 319.24 317.254 318.337 318.487 318.047 317.094 315.74 320.347 323.374 320.045 314.613 313.239 312.325 316.529
34.835342 339.763 344.979 352.501 354.288 348.462 344.332 341.973 353.292 347.84 343.824 339.955 337.464 353.882 346.526 342.039 339.399 337.413 338.496 338.646 338.206 337.253 335.899 340.506 343.533 340.204 334.773 333.398 332.484 336.688
35.888913 361.16 366.375 373.898 375.685 369.859 365.729 363.37 374.689 369.237 365.221 361.352 358.861 375.279 367.923 363.436 360.796 358.81 359.893 360.043 359.603 358.65 357.296 361.903 364.93 361.601 356.169 354.795 353.881 358.085
36.974349 383.871 389.086 396.609 398.396 392.57 388.44 386.081 397.4 391.948 387.932 384.062 381.572 397.989 390.634 386.146 383.507 381.521 382.604 382.753 382.313 381.361 380.007 384.613 387.641 384.312 378.88 377.506 376.592 380.796
38.092613 407.976 413.192 420.714 422.501 416.675 412.545 410.186 421.505 416.053 412.037 408.168 405.677 422.095 414.739 410.252 407.612 405.626 406.709 406.859 406.419 405.466 404.112 408.719 411.746 408.417 402.985 401.611 400.697 404.901
39.244698 433.561 438.777 446.299 448.086 442.26 438.131 435.772 447.09 441.639 437.623 433.753 431.263 447.68 440.325 435.837 433.198 431.212 432.295 432.444 432.004 431.051 429.697 434.304 437.332 434.003 428.571 427.197 426.282 430.486
40.431627 460.718 465.933 473.456 475.243 469.417 465.287 462.928 474.247 468.795 464.779 460.91 458.419 474.837 467.481 462.994 460.354 458.368 459.451 459.601 459.161 458.208 456.854 461.46 464.488 461.159 455.727 454.353 453.439 457.643
41.654454 489.542 494.757 502.28 504.067 498.241 494.111 491.752 503.071 497.619 493.603 489.734 487.243 503.66 496.305 491.818 489.178 487.192 488.275 488.425 487.985 487.032 485.678 490.284 493.312 489.983 484.551 483.177 482.263 486.467
42.914265 520.136 525.351 532.874 534.661 528.835 524.705 522.346 533.665 528.213 524.197 520.327 517.837 534.254 526.899 522.411 519.772 517.786 518.869 519.018 518.578 517.626 516.272 520.878 523.906 520.577 515.145 513.771 512.857 517.061
