web/models/linear/39/-15_490_0_002.dat
# %ECSV 1.0
# ---
# datatype:
# - {name: time, datatype: float64}
# - {name: swift_uvot_uvw2, datatype: float64}
# - {name: swift_uvot_uvm2, datatype: float64}
# - {name: swift_uvot_uvw1, datatype: float64}
# - {name: swift_uvot_U, datatype: float64}
# - {name: swift_uvot_B, datatype: float64}
# - {name: swift_uvot_V, datatype: float64}
# - {name: swift_uvot_W, datatype: float64}
# - {name: johnson_U, datatype: float64}
# - {name: johnson_B, datatype: float64}
# - {name: johnson_V, datatype: float64}
# - {name: johnson_R, datatype: float64}
# - {name: johnson_I, datatype: float64}
# - {name: sdss_u, datatype: float64}
# - {name: sdss_g, datatype: float64}
# - {name: sdss_r, datatype: float64}
# - {name: sdss_i, datatype: float64}
# - {name: sdss_z, datatype: float64}
# - {name: PS1_g, datatype: float64}
# - {name: PS1_r, datatype: float64}
# - {name: PS1_i, datatype: float64}
# - {name: PS1_z, datatype: float64}
# - {name: PS1_Y, datatype: float64}
# - {name: PS1_w, datatype: float64}
# - {name: ATLAS_c, datatype: float64}
# - {name: ATLAS_o, datatype: float64}
# - {name: ukirt_J, datatype: float64}
# - {name: ukirt_H, datatype: float64}
# - {name: ukirt_K, datatype: float64}
# - {name: Clear, datatype: float64}
# meta: !!omap
# - comment: [M=-15.489795918367347, dM=0.0021718998507771624]
# schema: astropy-2.0
time swift_uvot_uvw2 swift_uvot_uvm2 swift_uvot_uvw1 swift_uvot_U swift_uvot_B swift_uvot_V swift_uvot_W johnson_U johnson_B johnson_V johnson_R johnson_I sdss_u sdss_g sdss_r sdss_i sdss_z PS1_g PS1_r PS1_i PS1_z PS1_Y PS1_w ATLAS_c ATLAS_o ukirt_J ukirt_H ukirt_K Clear
[from data line 109]
8.21608040201005 -15.471951414568249 -15.471951414568249 -15.471951414568249 -15.471951414568249 -15.471951414568249 -15.471951414568249 -15.471951414568249 -15.471951414568249 -15.471951414568249 -15.471951414568249 -15.471951414568249 -15.471951414568249 -15.471951414568249 -15.471951414568249 -15.471951414568249 -15.471951414568249 -15.471951414568249 -15.471951414568249 -15.471951414568249 -15.471951414568249 -15.471951414568249 -15.471951414568249 -15.471951414568249 -15.471951414568249 -15.471951414568249 -15.471951414568249 -15.471951414568249 -15.471951414568249 -15.471951414568249
8.29145728643216 -15.471787703524221 -15.471787703524221 -15.471787703524221 -15.471787703524221 -15.471787703524221 -15.471787703524221 -15.471787703524221 -15.471787703524221 -15.471787703524221 -15.471787703524221 -15.471787703524221 -15.471787703524221 -15.471787703524221 -15.471787703524221 -15.471787703524221 -15.471787703524221 -15.471787703524221 -15.471787703524221 -15.471787703524221 -15.471787703524221 -15.471787703524221 -15.471787703524221 -15.471787703524221 -15.471787703524221 -15.471787703524221 -15.471787703524221 -15.471787703524221 -15.471787703524221 -15.471787703524221
8.36683417085427 -15.471623992480191 -15.471623992480191 -15.471623992480191 -15.471623992480191 -15.471623992480191 -15.471623992480191 -15.471623992480191 -15.471623992480191 -15.471623992480191 -15.471623992480191 -15.471623992480191 -15.471623992480191 -15.471623992480191 -15.471623992480191 -15.471623992480191 -15.471623992480191 -15.471623992480191 -15.471623992480191 -15.471623992480191 -15.471623992480191 -15.471623992480191 -15.471623992480191 -15.471623992480191 -15.471623992480191 -15.471623992480191 -15.471623992480191 -15.471623992480191 -15.471623992480191 -15.471623992480191
8.442211055276381 -15.471460281436164 -15.471460281436164 -15.471460281436164 -15.471460281436164 -15.471460281436164 -15.471460281436164 -15.471460281436164 -15.471460281436164 -15.471460281436164 -15.471460281436164 -15.471460281436164 -15.471460281436164 -15.471460281436164 -15.471460281436164 -15.471460281436164 -15.471460281436164 -15.471460281436164 -15.471460281436164 -15.471460281436164 -15.471460281436164 -15.471460281436164 -15.471460281436164 -15.471460281436164 -15.471460281436164 -15.471460281436164 -15.471460281436164 -15.471460281436164 -15.471460281436164 -15.471460281436164
8.517587939698492 -15.471296570392134 -15.471296570392134 -15.471296570392134 -15.471296570392134 -15.471296570392134 -15.471296570392134 -15.471296570392134 -15.471296570392134 -15.471296570392134 -15.471296570392134 -15.471296570392134 -15.471296570392134 -15.471296570392134 -15.471296570392134 -15.471296570392134 -15.471296570392134 -15.471296570392134 -15.471296570392134 -15.471296570392134 -15.471296570392134 -15.471296570392134 -15.471296570392134 -15.471296570392134 -15.471296570392134 -15.471296570392134 -15.471296570392134 -15.471296570392134 -15.471296570392134 -15.471296570392134
8.592964824120603 -15.471132859348106 -15.471132859348106 -15.471132859348106 -15.471132859348106 -15.471132859348106 -15.471132859348106 -15.471132859348106 -15.471132859348106 -15.471132859348106 -15.471132859348106 -15.471132859348106 -15.471132859348106 -15.471132859348106 -15.471132859348106 -15.471132859348106 -15.471132859348106 -15.471132859348106 -15.471132859348106 -15.471132859348106 -15.471132859348106 -15.471132859348106 -15.471132859348106 -15.471132859348106 -15.471132859348106 -15.471132859348106 -15.471132859348106 -15.471132859348106 -15.471132859348106 -15.471132859348106
8.668341708542712 -15.470969148304079 -15.470969148304079 -15.470969148304079 -15.470969148304079 -15.470969148304079 -15.470969148304079 -15.470969148304079 -15.470969148304079 -15.470969148304079 -15.470969148304079 -15.470969148304079 -15.470969148304079 -15.470969148304079 -15.470969148304079 -15.470969148304079 -15.470969148304079 -15.470969148304079 -15.470969148304079 -15.470969148304079 -15.470969148304079 -15.470969148304079 -15.470969148304079 -15.470969148304079 -15.470969148304079 -15.470969148304079 -15.470969148304079 -15.470969148304079 -15.470969148304079 -15.470969148304079
8.743718592964823 -15.470805437260049 -15.470805437260049 -15.470805437260049 -15.470805437260049 -15.470805437260049 -15.470805437260049 -15.470805437260049 -15.470805437260049 -15.470805437260049 -15.470805437260049 -15.470805437260049 -15.470805437260049 -15.470805437260049 -15.470805437260049 -15.470805437260049 -15.470805437260049 -15.470805437260049 -15.470805437260049 -15.470805437260049 -15.470805437260049 -15.470805437260049 -15.470805437260049 -15.470805437260049 -15.470805437260049 -15.470805437260049 -15.470805437260049 -15.470805437260049 -15.470805437260049 -15.470805437260049
8.819095477386934 -15.470641726216021 -15.470641726216021 -15.470641726216021 -15.470641726216021 -15.470641726216021 -15.470641726216021 -15.470641726216021 -15.470641726216021 -15.470641726216021 -15.470641726216021 -15.470641726216021 -15.470641726216021 -15.470641726216021 -15.470641726216021 -15.470641726216021 -15.470641726216021 -15.470641726216021 -15.470641726216021 -15.470641726216021 -15.470641726216021 -15.470641726216021 -15.470641726216021 -15.470641726216021 -15.470641726216021 -15.470641726216021 -15.470641726216021 -15.470641726216021 -15.470641726216021 -15.470641726216021
8.894472361809044 -15.470478015171993 -15.470478015171993 -15.470478015171993 -15.470478015171993 -15.470478015171993 -15.470478015171993 -15.470478015171993 -15.470478015171993 -15.470478015171993 -15.470478015171993 -15.470478015171993 -15.470478015171993 -15.470478015171993 -15.470478015171993 -15.470478015171993 -15.470478015171993 -15.470478015171993 -15.470478015171993 -15.470478015171993 -15.470478015171993 -15.470478015171993 -15.470478015171993 -15.470478015171993 -15.470478015171993 -15.470478015171993 -15.470478015171993 -15.470478015171993 -15.470478015171993 -15.470478015171993
8.969849246231155 -15.470314304127964 -15.470314304127964 -15.470314304127964 -15.470314304127964 -15.470314304127964 -15.470314304127964 -15.470314304127964 -15.470314304127964 -15.470314304127964 -15.470314304127964 -15.470314304127964 -15.470314304127964 -15.470314304127964 -15.470314304127964 -15.470314304127964 -15.470314304127964 -15.470314304127964 -15.470314304127964 -15.470314304127964 -15.470314304127964 -15.470314304127964 -15.470314304127964 -15.470314304127964 -15.470314304127964 -15.470314304127964 -15.470314304127964 -15.470314304127964 -15.470314304127964 -15.470314304127964
9.045226130653266 -15.470150593083936 -15.470150593083936 -15.470150593083936 -15.470150593083936 -15.470150593083936 -15.470150593083936 -15.470150593083936 -15.470150593083936 -15.470150593083936 -15.470150593083936 -15.470150593083936 -15.470150593083936 -15.470150593083936 -15.470150593083936 -15.470150593083936 -15.470150593083936 -15.470150593083936 -15.470150593083936 -15.470150593083936 -15.470150593083936 -15.470150593083936 -15.470150593083936 -15.470150593083936 -15.470150593083936 -15.470150593083936 -15.470150593083936 -15.470150593083936 -15.470150593083936 -15.470150593083936
9.120603015075377 -15.469986882039908 -15.469986882039908 -15.469986882039908 -15.469986882039908 -15.469986882039908 -15.469986882039908 -15.469986882039908 -15.469986882039908 -15.469986882039908 -15.469986882039908 -15.469986882039908 -15.469986882039908 -15.469986882039908 -15.469986882039908 -15.469986882039908 -15.469986882039908 -15.469986882039908 -15.469986882039908 -15.469986882039908 -15.469986882039908 -15.469986882039908 -15.469986882039908 -15.469986882039908 -15.469986882039908 -15.469986882039908 -15.469986882039908 -15.469986882039908 -15.469986882039908 -15.469986882039908
9.195979899497488 -15.469823170995879 -15.469823170995879 -15.469823170995879 -15.469823170995879 -15.469823170995879 -15.469823170995879 -15.469823170995879 -15.469823170995879 -15.469823170995879 -15.469823170995879 -15.469823170995879 -15.469823170995879 -15.469823170995879 -15.469823170995879 -15.469823170995879 -15.469823170995879 -15.469823170995879 -15.469823170995879 -15.469823170995879 -15.469823170995879 -15.469823170995879 -15.469823170995879 -15.469823170995879 -15.469823170995879 -15.469823170995879 -15.469823170995879 -15.469823170995879 -15.469823170995879 -15.469823170995879
9.271356783919597 -15.46965945995185 -15.46965945995185 -15.46965945995185 -15.46965945995185 -15.46965945995185 -15.46965945995185 -15.46965945995185 -15.46965945995185 -15.46965945995185 -15.46965945995185 -15.46965945995185 -15.46965945995185 -15.46965945995185 -15.46965945995185 -15.46965945995185 -15.46965945995185 -15.46965945995185 -15.46965945995185 -15.46965945995185 -15.46965945995185 -15.46965945995185 -15.46965945995185 -15.46965945995185 -15.46965945995185 -15.46965945995185 -15.46965945995185 -15.46965945995185 -15.46965945995185 -15.46965945995185
9.346733668341708 -15.469495748907823 -15.469495748907823 -15.469495748907823 -15.469495748907823 -15.469495748907823 -15.469495748907823 -15.469495748907823 -15.469495748907823 -15.469495748907823 -15.469495748907823 -15.469495748907823 -15.469495748907823 -15.469495748907823 -15.469495748907823 -15.469495748907823 -15.469495748907823 -15.469495748907823 -15.469495748907823 -15.469495748907823 -15.469495748907823 -15.469495748907823 -15.469495748907823 -15.469495748907823 -15.469495748907823 -15.469495748907823 -15.469495748907823 -15.469495748907823 -15.469495748907823 -15.469495748907823
9.422110552763819 -15.469332037863794 -15.469332037863794 -15.469332037863794 -15.469332037863794 -15.469332037863794 -15.469332037863794 -15.469332037863794 -15.469332037863794 -15.469332037863794 -15.469332037863794 -15.469332037863794 -15.469332037863794 -15.469332037863794 -15.469332037863794 -15.469332037863794 -15.469332037863794 -15.469332037863794 -15.469332037863794 -15.469332037863794 -15.469332037863794 -15.469332037863794 -15.469332037863794 -15.469332037863794 -15.469332037863794 -15.469332037863794 -15.469332037863794 -15.469332037863794 -15.469332037863794 -15.469332037863794
9.497487437185928 -15.469168326819766 -15.469168326819766 -15.469168326819766 -15.469168326819766 -15.469168326819766 -15.469168326819766 -15.469168326819766 -15.469168326819766 -15.469168326819766 -15.469168326819766 -15.469168326819766 -15.469168326819766 -15.469168326819766 -15.469168326819766 -15.469168326819766 -15.469168326819766 -15.469168326819766 -15.469168326819766 -15.469168326819766 -15.469168326819766 -15.469168326819766 -15.469168326819766 -15.469168326819766 -15.469168326819766 -15.469168326819766 -15.469168326819766 -15.469168326819766 -15.469168326819766 -15.469168326819766
9.572864321608039 -15.469004615775736 -15.469004615775736 -15.469004615775736 -15.469004615775736 -15.469004615775736 -15.469004615775736 -15.469004615775736 -15.469004615775736 -15.469004615775736 -15.469004615775736 -15.469004615775736 -15.469004615775736 -15.469004615775736 -15.469004615775736 -15.469004615775736 -15.469004615775736 -15.469004615775736 -15.469004615775736 -15.469004615775736 -15.469004615775736 -15.469004615775736 -15.469004615775736 -15.469004615775736 -15.469004615775736 -15.469004615775736 -15.469004615775736 -15.469004615775736 -15.469004615775736 -15.469004615775736
9.64824120603015 -15.468840904731708 -15.468840904731708 -15.468840904731708 -15.468840904731708 -15.468840904731708 -15.468840904731708 -15.468840904731708 -15.468840904731708 -15.468840904731708 -15.468840904731708 -15.468840904731708 -15.468840904731708 -15.468840904731708 -15.468840904731708 -15.468840904731708 -15.468840904731708 -15.468840904731708 -15.468840904731708 -15.468840904731708 -15.468840904731708 -15.468840904731708 -15.468840904731708 -15.468840904731708 -15.468840904731708 -15.468840904731708 -15.468840904731708 -15.468840904731708 -15.468840904731708 -15.468840904731708
9.72361809045226 -15.46867719368768 -15.46867719368768 -15.46867719368768 -15.46867719368768 -15.46867719368768 -15.46867719368768 -15.46867719368768 -15.46867719368768 -15.46867719368768 -15.46867719368768 -15.46867719368768 -15.46867719368768 -15.46867719368768 -15.46867719368768 -15.46867719368768 -15.46867719368768 -15.46867719368768 -15.46867719368768 -15.46867719368768 -15.46867719368768 -15.46867719368768 -15.46867719368768 -15.46867719368768 -15.46867719368768 -15.46867719368768 -15.46867719368768 -15.46867719368768 -15.46867719368768 -15.46867719368768
9.798994974874372 -15.468513482643651 -15.468513482643651 -15.468513482643651 -15.468513482643651 -15.468513482643651 -15.468513482643651 -15.468513482643651 -15.468513482643651 -15.468513482643651 -15.468513482643651 -15.468513482643651 -15.468513482643651 -15.468513482643651 -15.468513482643651 -15.468513482643651 -15.468513482643651 -15.468513482643651 -15.468513482643651 -15.468513482643651 -15.468513482643651 -15.468513482643651 -15.468513482643651 -15.468513482643651 -15.468513482643651 -15.468513482643651 -15.468513482643651 -15.468513482643651 -15.468513482643651 -15.468513482643651
9.874371859296481 -15.468349771599623 -15.468349771599623 -15.468349771599623 -15.468349771599623 -15.468349771599623 -15.468349771599623 -15.468349771599623 -15.468349771599623 -15.468349771599623 -15.468349771599623 -15.468349771599623 -15.468349771599623 -15.468349771599623 -15.468349771599623 -15.468349771599623 -15.468349771599623 -15.468349771599623 -15.468349771599623 -15.468349771599623 -15.468349771599623 -15.468349771599623 -15.468349771599623 -15.468349771599623 -15.468349771599623 -15.468349771599623 -15.468349771599623 -15.468349771599623 -15.468349771599623 -15.468349771599623
9.949748743718592 -15.468186060555595 -15.468186060555595 -15.468186060555595 -15.468186060555595 -15.468186060555595 -15.468186060555595 -15.468186060555595 -15.468186060555595 -15.468186060555595 -15.468186060555595 -15.468186060555595 -15.468186060555595 -15.468186060555595 -15.468186060555595 -15.468186060555595 -15.468186060555595 -15.468186060555595 -15.468186060555595 -15.468186060555595 -15.468186060555595 -15.468186060555595 -15.468186060555595 -15.468186060555595 -15.468186060555595 -15.468186060555595 -15.468186060555595 -15.468186060555595 -15.468186060555595 -15.468186060555595
10.025125628140703 -15.468022349511566 -15.468022349511566 -15.468022349511566 -15.468022349511566 -15.468022349511566 -15.468022349511566 -15.468022349511566 -15.468022349511566 -15.468022349511566 -15.468022349511566 -15.468022349511566 -15.468022349511566 -15.468022349511566 -15.468022349511566 -15.468022349511566 -15.468022349511566 -15.468022349511566 -15.468022349511566 -15.468022349511566 -15.468022349511566 -15.468022349511566 -15.468022349511566 -15.468022349511566 -15.468022349511566 -15.468022349511566 -15.468022349511566 -15.468022349511566 -15.468022349511566 -15.468022349511566
