web/models/linear/39/-15_490_0_026.dat
# %ECSV 1.0
# ---
# datatype:
# - {name: time, datatype: float64}
# - {name: sdss_u, datatype: float64}
# - {name: sdss_g, datatype: float64}
# - {name: sdss_r, datatype: float64}
# - {name: sdss_i, datatype: float64}
# - {name: sdss_z, datatype: float64}
# - {name: Clear, datatype: float64}
# - {name: johnson_B, datatype: float64}
# - {name: johnson_V, datatype: float64}
# - {name: johnson_R, datatype: float64}
# - {name: johnson_I, datatype: float64}
# - {name: ukirt_J, datatype: float64}
# - {name: ukirt_H, datatype: float64}
# - {name: ukirt_K, datatype: float64}
# meta: !!omap
# - comment: [M=-15.489795918367347, dM=0.025985264452188205]
# schema: astropy-2.0
time sdss_u sdss_g sdss_r sdss_i sdss_z Clear johnson_B johnson_V johnson_R johnson_I ukirt_J ukirt_H ukirt_K
[from data line 175]
13.190954773869345 -15.147025470191497 -15.147025470191497 -15.147025470191497 -15.147025470191497 -15.147025470191497 -15.147025470191497 -15.147025470191497 -15.147025470191497 -15.147025470191497 -15.147025470191497 -15.147025470191497 -15.147025470191497 -15.147025470191497
13.266331658291456 -15.145066781916208 -15.145066781916208 -15.145066781916208 -15.145066781916208 -15.145066781916208 -15.145066781916208 -15.145066781916208 -15.145066781916208 -15.145066781916208 -15.145066781916208 -15.145066781916208 -15.145066781916208 -15.145066781916208
13.341708542713567 -15.143108093640917 -15.143108093640917 -15.143108093640917 -15.143108093640917 -15.143108093640917 -15.143108093640917 -15.143108093640917 -15.143108093640917 -15.143108093640917 -15.143108093640917 -15.143108093640917 -15.143108093640917 -15.143108093640917
13.417085427135678 -15.141149405365626 -15.141149405365626 -15.141149405365626 -15.141149405365626 -15.141149405365626 -15.141149405365626 -15.141149405365626 -15.141149405365626 -15.141149405365626 -15.141149405365626 -15.141149405365626 -15.141149405365626 -15.141149405365626
13.492462311557787 -15.139190717090337 -15.139190717090337 -15.139190717090337 -15.139190717090337 -15.139190717090337 -15.139190717090337 -15.139190717090337 -15.139190717090337 -15.139190717090337 -15.139190717090337 -15.139190717090337 -15.139190717090337 -15.139190717090337
13.567839195979898 -15.137232028815045 -15.137232028815045 -15.137232028815045 -15.137232028815045 -15.137232028815045 -15.137232028815045 -15.137232028815045 -15.137232028815045 -15.137232028815045 -15.137232028815045 -15.137232028815045 -15.137232028815045 -15.137232028815045
13.64321608040201 -15.135273340539754 -15.135273340539754 -15.135273340539754 -15.135273340539754 -15.135273340539754 -15.135273340539754 -15.135273340539754 -15.135273340539754 -15.135273340539754 -15.135273340539754 -15.135273340539754 -15.135273340539754 -15.135273340539754
13.718592964824118 -15.133314652264463 -15.133314652264463 -15.133314652264463 -15.133314652264463 -15.133314652264463 -15.133314652264463 -15.133314652264463 -15.133314652264463 -15.133314652264463 -15.133314652264463 -15.133314652264463 -15.133314652264463 -15.133314652264463
13.79396984924623 -15.131355963989174 -15.131355963989174 -15.131355963989174 -15.131355963989174 -15.131355963989174 -15.131355963989174 -15.131355963989174 -15.131355963989174 -15.131355963989174 -15.131355963989174 -15.131355963989174 -15.131355963989174 -15.131355963989174
13.86934673366834 -15.129397275713883 -15.129397275713883 -15.129397275713883 -15.129397275713883 -15.129397275713883 -15.129397275713883 -15.129397275713883 -15.129397275713883 -15.129397275713883 -15.129397275713883 -15.129397275713883 -15.129397275713883 -15.129397275713883
13.944723618090451 -15.127438587438592 -15.127438587438592 -15.127438587438592 -15.127438587438592 -15.127438587438592 -15.127438587438592 -15.127438587438592 -15.127438587438592 -15.127438587438592 -15.127438587438592 -15.127438587438592 -15.127438587438592 -15.127438587438592
14.020100502512562 -15.125479899163302 -15.125479899163302 -15.125479899163302 -15.125479899163302 -15.125479899163302 -15.125479899163302 -15.125479899163302 -15.125479899163302 -15.125479899163302 -15.125479899163302 -15.125479899163302 -15.125479899163302 -15.125479899163302
14.095477386934672 -15.123521210888011 -15.123521210888011 -15.123521210888011 -15.123521210888011 -15.123521210888011 -15.123521210888011 -15.123521210888011 -15.123521210888011 -15.123521210888011 -15.123521210888011 -15.123521210888011 -15.123521210888011 -15.123521210888011
14.170854271356783 -15.12156252261272 -15.12156252261272 -15.12156252261272 -15.12156252261272 -15.12156252261272 -15.12156252261272 -15.12156252261272 -15.12156252261272 -15.12156252261272 -15.12156252261272 -15.12156252261272 -15.12156252261272 -15.12156252261272
14.246231155778894 -15.11960383433743 -15.11960383433743 -15.11960383433743 -15.11960383433743 -15.11960383433743 -15.11960383433743 -15.11960383433743 -15.11960383433743 -15.11960383433743 -15.11960383433743 -15.11960383433743 -15.11960383433743 -15.11960383433743
14.321608040201003 -15.11764514606214 -15.11764514606214 -15.11764514606214 -15.11764514606214 -15.11764514606214 -15.11764514606214 -15.11764514606214 -15.11764514606214 -15.11764514606214 -15.11764514606214 -15.11764514606214 -15.11764514606214 -15.11764514606214
14.396984924623114 -15.115686457786849 -15.115686457786849 -15.115686457786849 -15.115686457786849 -15.115686457786849 -15.115686457786849 -15.115686457786849 -15.115686457786849 -15.115686457786849 -15.115686457786849 -15.115686457786849 -15.115686457786849 -15.115686457786849
14.472361809045225 -15.11372776951156 -15.11372776951156 -15.11372776951156 -15.11372776951156 -15.11372776951156 -15.11372776951156 -15.11372776951156 -15.11372776951156 -15.11372776951156 -15.11372776951156 -15.11372776951156 -15.11372776951156 -15.11372776951156
14.547738693467336 -15.111769081236268 -15.111769081236268 -15.111769081236268 -15.111769081236268 -15.111769081236268 -15.111769081236268 -15.111769081236268 -15.111769081236268 -15.111769081236268 -15.111769081236268 -15.111769081236268 -15.111769081236268 -15.111769081236268
14.623115577889447 -15.109810392960977 -15.109810392960977 -15.109810392960977 -15.109810392960977 -15.109810392960977 -15.109810392960977 -15.109810392960977 -15.109810392960977 -15.109810392960977 -15.109810392960977 -15.109810392960977 -15.109810392960977 -15.109810392960977
14.698492462311556 -15.107851704685686 -15.107851704685686 -15.107851704685686 -15.107851704685686 -15.107851704685686 -15.107851704685686 -15.107851704685686 -15.107851704685686 -15.107851704685686 -15.107851704685686 -15.107851704685686 -15.107851704685686 -15.107851704685686
14.773869346733667 -15.105893016410397 -15.105893016410397 -15.105893016410397 -15.105893016410397 -15.105893016410397 -15.105893016410397 -15.105893016410397 -15.105893016410397 -15.105893016410397 -15.105893016410397 -15.105893016410397 -15.105893016410397 -15.105893016410397
14.849246231155778 -15.103934328135106 -15.103934328135106 -15.103934328135106 -15.103934328135106 -15.103934328135106 -15.103934328135106 -15.103934328135106 -15.103934328135106 -15.103934328135106 -15.103934328135106 -15.103934328135106 -15.103934328135106 -15.103934328135106
14.924623115577887 -15.101975639859814 -15.101975639859814 -15.101975639859814 -15.101975639859814 -15.101975639859814 -15.101975639859814 -15.101975639859814 -15.101975639859814 -15.101975639859814 -15.101975639859814 -15.101975639859814 -15.101975639859814 -15.101975639859814
15.0 -15.100016951584525 -15.100016951584525 -15.100016951584525 -15.100016951584525 -15.100016951584525 -15.100016951584525 -15.100016951584525 -15.100016951584525 -15.100016951584525 -15.100016951584525 -15.100016951584525 -15.100016951584525 -15.100016951584525
