web/models/linear/39/-15_490_0_003.dat
# %ECSV 1.0
# ---
# datatype:
# - {name: time, datatype: float64}
# - {name: sdss_u, datatype: float64}
# - {name: sdss_g, datatype: float64}
# - {name: sdss_r, datatype: float64}
# - {name: sdss_i, datatype: float64}
# - {name: sdss_z, datatype: float64}
# - {name: Clear, datatype: float64}
# - {name: johnson_B, datatype: float64}
# - {name: johnson_V, datatype: float64}
# - {name: johnson_R, datatype: float64}
# - {name: johnson_I, datatype: float64}
# - {name: ukirt_J, datatype: float64}
# - {name: ukirt_H, datatype: float64}
# - {name: ukirt_K, datatype: float64}
# meta: !!omap
# - comment: [M=-15.489795918367347, dM=0.0034589451300033724]
# schema: astropy-2.0
time sdss_u sdss_g sdss_r sdss_i sdss_z Clear johnson_B johnson_V johnson_R johnson_I ukirt_J ukirt_H ukirt_K
[from data line 117]
8.819095477386934 -15.459291151014805 -15.459291151014805 -15.459291151014805 -15.459291151014805 -15.459291151014805 -15.459291151014805 -15.459291151014805 -15.459291151014805 -15.459291151014805 -15.459291151014805 -15.459291151014805 -15.459291151014805 -15.459291151014805
8.894472361809044 -15.45903042650752 -15.45903042650752 -15.45903042650752 -15.45903042650752 -15.45903042650752 -15.45903042650752 -15.45903042650752 -15.45903042650752 -15.45903042650752 -15.45903042650752 -15.45903042650752 -15.45903042650752 -15.45903042650752
8.969849246231155 -15.458769702000232 -15.458769702000232 -15.458769702000232 -15.458769702000232 -15.458769702000232 -15.458769702000232 -15.458769702000232 -15.458769702000232 -15.458769702000232 -15.458769702000232 -15.458769702000232 -15.458769702000232 -15.458769702000232
9.045226130653266 -15.458508977492945 -15.458508977492945 -15.458508977492945 -15.458508977492945 -15.458508977492945 -15.458508977492945 -15.458508977492945 -15.458508977492945 -15.458508977492945 -15.458508977492945 -15.458508977492945 -15.458508977492945 -15.458508977492945
9.120603015075377 -15.458248252985658 -15.458248252985658 -15.458248252985658 -15.458248252985658 -15.458248252985658 -15.458248252985658 -15.458248252985658 -15.458248252985658 -15.458248252985658 -15.458248252985658 -15.458248252985658 -15.458248252985658 -15.458248252985658
9.195979899497488 -15.457987528478371 -15.457987528478371 -15.457987528478371 -15.457987528478371 -15.457987528478371 -15.457987528478371 -15.457987528478371 -15.457987528478371 -15.457987528478371 -15.457987528478371 -15.457987528478371 -15.457987528478371 -15.457987528478371
9.271356783919597 -15.457726803971084 -15.457726803971084 -15.457726803971084 -15.457726803971084 -15.457726803971084 -15.457726803971084 -15.457726803971084 -15.457726803971084 -15.457726803971084 -15.457726803971084 -15.457726803971084 -15.457726803971084 -15.457726803971084
9.346733668341708 -15.4574660794638 -15.4574660794638 -15.4574660794638 -15.4574660794638 -15.4574660794638 -15.4574660794638 -15.4574660794638 -15.4574660794638 -15.4574660794638 -15.4574660794638 -15.4574660794638 -15.4574660794638 -15.4574660794638
9.422110552763819 -15.457205354956512 -15.457205354956512 -15.457205354956512 -15.457205354956512 -15.457205354956512 -15.457205354956512 -15.457205354956512 -15.457205354956512 -15.457205354956512 -15.457205354956512 -15.457205354956512 -15.457205354956512 -15.457205354956512
9.497487437185928 -15.456944630449225 -15.456944630449225 -15.456944630449225 -15.456944630449225 -15.456944630449225 -15.456944630449225 -15.456944630449225 -15.456944630449225 -15.456944630449225 -15.456944630449225 -15.456944630449225 -15.456944630449225 -15.456944630449225
9.572864321608039 -15.456683905941938 -15.456683905941938 -15.456683905941938 -15.456683905941938 -15.456683905941938 -15.456683905941938 -15.456683905941938 -15.456683905941938 -15.456683905941938 -15.456683905941938 -15.456683905941938 -15.456683905941938 -15.456683905941938
9.64824120603015 -15.456423181434651 -15.456423181434651 -15.456423181434651 -15.456423181434651 -15.456423181434651 -15.456423181434651 -15.456423181434651 -15.456423181434651 -15.456423181434651 -15.456423181434651 -15.456423181434651 -15.456423181434651 -15.456423181434651
9.72361809045226 -15.456162456927364 -15.456162456927364 -15.456162456927364 -15.456162456927364 -15.456162456927364 -15.456162456927364 -15.456162456927364 -15.456162456927364 -15.456162456927364 -15.456162456927364 -15.456162456927364 -15.456162456927364 -15.456162456927364
9.798994974874372 -15.455901732420077 -15.455901732420077 -15.455901732420077 -15.455901732420077 -15.455901732420077 -15.455901732420077 -15.455901732420077 -15.455901732420077 -15.455901732420077 -15.455901732420077 -15.455901732420077 -15.455901732420077 -15.455901732420077
9.874371859296481 -15.455641007912792 -15.455641007912792 -15.455641007912792 -15.455641007912792 -15.455641007912792 -15.455641007912792 -15.455641007912792 -15.455641007912792 -15.455641007912792 -15.455641007912792 -15.455641007912792 -15.455641007912792 -15.455641007912792
9.949748743718592 -15.455380283405505 -15.455380283405505 -15.455380283405505 -15.455380283405505 -15.455380283405505 -15.455380283405505 -15.455380283405505 -15.455380283405505 -15.455380283405505 -15.455380283405505 -15.455380283405505 -15.455380283405505 -15.455380283405505
10.025125628140703 -15.455119558898218 -15.455119558898218 -15.455119558898218 -15.455119558898218 -15.455119558898218 -15.455119558898218 -15.455119558898218 -15.455119558898218 -15.455119558898218 -15.455119558898218 -15.455119558898218 -15.455119558898218 -15.455119558898218
10.100502512562812 -15.454858834390931 -15.454858834390931 -15.454858834390931 -15.454858834390931 -15.454858834390931 -15.454858834390931 -15.454858834390931 -15.454858834390931 -15.454858834390931 -15.454858834390931 -15.454858834390931 -15.454858834390931 -15.454858834390931
10.175879396984923 -15.454598109883644 -15.454598109883644 -15.454598109883644 -15.454598109883644 -15.454598109883644 -15.454598109883644 -15.454598109883644 -15.454598109883644 -15.454598109883644 -15.454598109883644 -15.454598109883644 -15.454598109883644 -15.454598109883644
10.251256281407034 -15.454337385376357 -15.454337385376357 -15.454337385376357 -15.454337385376357 -15.454337385376357 -15.454337385376357 -15.454337385376357 -15.454337385376357 -15.454337385376357 -15.454337385376357 -15.454337385376357 -15.454337385376357 -15.454337385376357
10.326633165829145 -15.454076660869072 -15.454076660869072 -15.454076660869072 -15.454076660869072 -15.454076660869072 -15.454076660869072 -15.454076660869072 -15.454076660869072 -15.454076660869072 -15.454076660869072 -15.454076660869072 -15.454076660869072 -15.454076660869072
10.402010050251256 -15.453815936361785 -15.453815936361785 -15.453815936361785 -15.453815936361785 -15.453815936361785 -15.453815936361785 -15.453815936361785 -15.453815936361785 -15.453815936361785 -15.453815936361785 -15.453815936361785 -15.453815936361785 -15.453815936361785
10.477386934673365 -15.453555211854498 -15.453555211854498 -15.453555211854498 -15.453555211854498 -15.453555211854498 -15.453555211854498 -15.453555211854498 -15.453555211854498 -15.453555211854498 -15.453555211854498 -15.453555211854498 -15.453555211854498 -15.453555211854498
10.552763819095476 -15.453294487347211 -15.453294487347211 -15.453294487347211 -15.453294487347211 -15.453294487347211 -15.453294487347211 -15.453294487347211 -15.453294487347211 -15.453294487347211 -15.453294487347211 -15.453294487347211 -15.453294487347211 -15.453294487347211
10.628140703517587 -15.453033762839924 -15.453033762839924 -15.453033762839924 -15.453033762839924 -15.453033762839924 -15.453033762839924 -15.453033762839924 -15.453033762839924 -15.453033762839924 -15.453033762839924 -15.453033762839924 -15.453033762839924 -15.453033762839924
10.703517587939697 -15.452773038332637 -15.452773038332637 -15.452773038332637 -15.452773038332637 -15.452773038332637 -15.452773038332637 -15.452773038332637 -15.452773038332637 -15.452773038332637 -15.452773038332637 -15.452773038332637 -15.452773038332637 -15.452773038332637
10.778894472361808 -15.452512313825352 -15.452512313825352 -15.452512313825352 -15.452512313825352 -15.452512313825352 -15.452512313825352 -15.452512313825352 -15.452512313825352 -15.452512313825352 -15.452512313825352 -15.452512313825352 -15.452512313825352 -15.452512313825352
10.854271356783919 -15.452251589318065 -15.452251589318065 -15.452251589318065 -15.452251589318065 -15.452251589318065 -15.452251589318065 -15.452251589318065 -15.452251589318065 -15.452251589318065 -15.452251589318065 -15.452251589318065 -15.452251589318065 -15.452251589318065
10.92964824120603 -15.451990864810778 -15.451990864810778 -15.451990864810778 -15.451990864810778 -15.451990864810778 -15.451990864810778 -15.451990864810778 -15.451990864810778 -15.451990864810778 -15.451990864810778 -15.451990864810778 -15.451990864810778 -15.451990864810778
11.00502512562814 -15.451730140303491 -15.451730140303491 -15.451730140303491 -15.451730140303491 -15.451730140303491 -15.451730140303491 -15.451730140303491 -15.451730140303491 -15.451730140303491 -15.451730140303491 -15.451730140303491 -15.451730140303491 -15.451730140303491
11.08040201005025 -15.451469415796204 -15.451469415796204 -15.451469415796204 -15.451469415796204 -15.451469415796204 -15.451469415796204 -15.451469415796204 -15.451469415796204 -15.451469415796204 -15.451469415796204 -15.451469415796204 -15.451469415796204 -15.451469415796204
11.15577889447236 -15.451208691288917 -15.451208691288917 -15.451208691288917 -15.451208691288917 -15.451208691288917 -15.451208691288917 -15.451208691288917 -15.451208691288917 -15.451208691288917 -15.451208691288917 -15.451208691288917 -15.451208691288917 -15.451208691288917
11.231155778894472 -15.450947966781632 -15.450947966781632 -15.450947966781632 -15.450947966781632 -15.450947966781632 -15.450947966781632 -15.450947966781632 -15.450947966781632 -15.450947966781632 -15.450947966781632 -15.450947966781632 -15.450947966781632 -15.450947966781632
11.306532663316581 -15.450687242274345 -15.450687242274345 -15.450687242274345 -15.450687242274345 -15.450687242274345 -15.450687242274345 -15.450687242274345 -15.450687242274345 -15.450687242274345 -15.450687242274345 -15.450687242274345 -15.450687242274345 -15.450687242274345
11.381909547738692 -15.450426517767058 -15.450426517767058 -15.450426517767058 -15.450426517767058 -15.450426517767058 -15.450426517767058 -15.450426517767058 -15.450426517767058 -15.450426517767058 -15.450426517767058 -15.450426517767058 -15.450426517767058 -15.450426517767058
11.457286432160803 -15.450165793259771 -15.450165793259771 -15.450165793259771 -15.450165793259771 -15.450165793259771 -15.450165793259771 -15.450165793259771 -15.450165793259771 -15.450165793259771 -15.450165793259771 -15.450165793259771 -15.450165793259771 -15.450165793259771
11.532663316582914 -15.449905068752484 -15.449905068752484 -15.449905068752484 -15.449905068752484 -15.449905068752484 -15.449905068752484 -15.449905068752484 -15.449905068752484 -15.449905068752484 -15.449905068752484 -15.449905068752484 -15.449905068752484 -15.449905068752484
11.608040201005025 -15.449644344245197 -15.449644344245197 -15.449644344245197 -15.449644344245197 -15.449644344245197 -15.449644344245197 -15.449644344245197 -15.449644344245197 -15.449644344245197 -15.449644344245197 -15.449644344245197 -15.449644344245197 -15.449644344245197
11.683417085427134 -15.449383619737912 -15.449383619737912 -15.449383619737912 -15.449383619737912 -15.449383619737912 -15.449383619737912 -15.449383619737912 -15.449383619737912 -15.449383619737912 -15.449383619737912 -15.449383619737912 -15.449383619737912 -15.449383619737912
11.758793969849245 -15.449122895230625 -15.449122895230625 -15.449122895230625 -15.449122895230625 -15.449122895230625 -15.449122895230625 -15.449122895230625 -15.449122895230625 -15.449122895230625 -15.449122895230625 -15.449122895230625 -15.449122895230625 -15.449122895230625
11.834170854271356 -15.448862170723338 -15.448862170723338 -15.448862170723338 -15.448862170723338 -15.448862170723338 -15.448862170723338 -15.448862170723338 -15.448862170723338 -15.448862170723338 -15.448862170723338 -15.448862170723338 -15.448862170723338 -15.448862170723338
11.909547738693465 -15.44860144621605 -15.44860144621605 -15.44860144621605 -15.44860144621605 -15.44860144621605 -15.44860144621605 -15.44860144621605 -15.44860144621605 -15.44860144621605 -15.44860144621605 -15.44860144621605 -15.44860144621605 -15.44860144621605
11.984924623115576 -15.448340721708764 -15.448340721708764 -15.448340721708764 -15.448340721708764 -15.448340721708764 -15.448340721708764 -15.448340721708764 -15.448340721708764 -15.448340721708764 -15.448340721708764 -15.448340721708764 -15.448340721708764 -15.448340721708764
12.060301507537687 -15.448079997201477 -15.448079997201477 -15.448079997201477 -15.448079997201477 -15.448079997201477 -15.448079997201477 -15.448079997201477 -15.448079997201477 -15.448079997201477 -15.448079997201477 -15.448079997201477 -15.448079997201477 -15.448079997201477
12.135678391959798 -15.447819272694192 -15.447819272694192 -15.447819272694192 -15.447819272694192 -15.447819272694192 -15.447819272694192 -15.447819272694192 -15.447819272694192 -15.447819272694192 -15.447819272694192 -15.447819272694192 -15.447819272694192 -15.447819272694192
12.21105527638191 -15.447558548186905 -15.447558548186905 -15.447558548186905 -15.447558548186905 -15.447558548186905 -15.447558548186905 -15.447558548186905 -15.447558548186905 -15.447558548186905 -15.447558548186905 -15.447558548186905 -15.447558548186905 -15.447558548186905
12.286432160804019 -15.447297823679618 -15.447297823679618 -15.447297823679618 -15.447297823679618 -15.447297823679618 -15.447297823679618 -15.447297823679618 -15.447297823679618 -15.447297823679618 -15.447297823679618 -15.447297823679618 -15.447297823679618 -15.447297823679618
12.36180904522613 -15.44703709917233 -15.44703709917233 -15.44703709917233 -15.44703709917233 -15.44703709917233 -15.44703709917233 -15.44703709917233 -15.44703709917233 -15.44703709917233 -15.44703709917233 -15.44703709917233 -15.44703709917233 -15.44703709917233
12.43718592964824 -15.446776374665044 -15.446776374665044 -15.446776374665044 -15.446776374665044 -15.446776374665044 -15.446776374665044 -15.446776374665044 -15.446776374665044 -15.446776374665044 -15.446776374665044 -15.446776374665044 -15.446776374665044 -15.446776374665044
12.51256281407035 -15.446515650157757 -15.446515650157757 -15.446515650157757 -15.446515650157757 -15.446515650157757 -15.446515650157757 -15.446515650157757 -15.446515650157757 -15.446515650157757 -15.446515650157757 -15.446515650157757 -15.446515650157757 -15.446515650157757
12.58793969849246 -15.446254925650472 -15.446254925650472 -15.446254925650472 -15.446254925650472 -15.446254925650472 -15.446254925650472 -15.446254925650472 -15.446254925650472 -15.446254925650472 -15.446254925650472 -15.446254925650472 -15.446254925650472 -15.446254925650472
12.663316582914572 -15.445994201143185 -15.445994201143185 -15.445994201143185 -15.445994201143185 -15.445994201143185 -15.445994201143185 -15.445994201143185 -15.445994201143185 -15.445994201143185 -15.445994201143185 -15.445994201143185 -15.445994201143185 -15.445994201143185
12.738693467336683 -15.445733476635898 -15.445733476635898 -15.445733476635898 -15.445733476635898 -15.445733476635898 -15.445733476635898 -15.445733476635898 -15.445733476635898 -15.445733476635898 -15.445733476635898 -15.445733476635898 -15.445733476635898 -15.445733476635898
12.814070351758794 -15.44547275212861 -15.44547275212861 -15.44547275212861 -15.44547275212861 -15.44547275212861 -15.44547275212861 -15.44547275212861 -15.44547275212861 -15.44547275212861 -15.44547275212861 -15.44547275212861 -15.44547275212861 -15.44547275212861
12.889447236180903 -15.445212027621324 -15.445212027621324 -15.445212027621324 -15.445212027621324 -15.445212027621324 -15.445212027621324 -15.445212027621324 -15.445212027621324 -15.445212027621324 -15.445212027621324 -15.445212027621324 -15.445212027621324 -15.445212027621324
12.964824120603014 -15.444951303114037 -15.444951303114037 -15.444951303114037 -15.444951303114037 -15.444951303114037 -15.444951303114037 -15.444951303114037 -15.444951303114037 -15.444951303114037 -15.444951303114037 -15.444951303114037 -15.444951303114037 -15.444951303114037
13.040201005025125 -15.444690578606751 -15.444690578606751 -15.444690578606751 -15.444690578606751 -15.444690578606751 -15.444690578606751 -15.444690578606751 -15.444690578606751 -15.444690578606751 -15.444690578606751 -15.444690578606751 -15.444690578606751 -15.444690578606751
