web/models/kne/54/mosfit_kn_0.330399_0.0770_0.5000.dat
# %ECSV 1.0
# ---
# datatype:
# - {name: time, datatype: float64}
# - {name: PS1_g, datatype: float64}
# - {name: PS1_i, datatype: float64}
# - {name: PS1_r, datatype: float64}
# - {name: PS1_w, datatype: float64}
# - {name: PS1_y, datatype: float64}
# - {name: PS1_z, datatype: float64}
# - {name: swift_uvot_B, datatype: float64}
# - {name: swift_uvot_U, datatype: float64}
# - {name: swift_uvot_uvm2, datatype: float64}
# - {name: swift_uvot_uvw1, datatype: float64}
# - {name: swift_uvot_uvw2, datatype: float64}
# - {name: swift_uvot_V, datatype: float64}
# - {name: johnson_B, datatype: float64}
# - {name: johnson_I, datatype: float64}
# - {name: johnson_R, datatype: float64}
# - {name: johnson_U, datatype: float64}
# - {name: johnson_V, datatype: float64}
# - {name: sdss_g, datatype: float64}
# - {name: sdss_i, datatype: float64}
# - {name: sdss_r, datatype: float64}
# - {name: sdss_u, datatype: float64}
# - {name: sdss_z, datatype: float64}
# - {name: ATLAS_c, datatype: float64}
# - {name: ATLAS_o, datatype: float64}
# - {name: ukirt_H, datatype: float64}
# - {name: ukirt_J, datatype: float64}
# - {name: ukirt_K, datatype: float64}
# - {name: Clear, datatype: float64}
# meta: !!omap
# - comment: [kappa = 0.5, type = rprocess, mass = 0.33039895931513485, velocity = 0.07700000000000001, theta_obs = 0.0, tfloor = 1000.0]
# schema: astropy-2.0
time PS1_g PS1_i PS1_r PS1_w PS1_y PS1_z swift_uvot_B swift_uvot_U swift_uvot_uvm2 swift_uvot_uvw1 swift_uvot_uvw2 swift_uvot_V johnson_B johnson_I johnson_R johnson_U johnson_V sdss_g sdss_i sdss_r sdss_u sdss_z ATLAS_c ATLAS_o ukirt_H ukirt_J ukirt_K Clear
[from data line 84]
5.110220440881763 -15.597417248209613 -16.253973410254314 -16.063392271980472 -15.973411541991194 -16.286827189270205 -16.293578155830808 -15.194340923498626 -15.455431707342786 -13.348539342314613 -14.270088186092309 -12.83719643954408 -15.865747744227836 -15.232639404484697 -16.715848760786624 -16.32798691076487 -15.377139222349083 -15.896839383049846 -15.523190588527402 -16.25863727963832 -16.06347149250194 -14.570514079737595 -16.295959226062724 -15.789419575833676 -16.161630541940397 -15.900509331709053 -16.17908895513029 -15.56077694621626 -16.00790674791389
5.170340681362725 -15.579021093221908 -16.250239366659862 -16.05399408821592 -15.963373623194776 -16.28855908603075 -16.293209281446543 -15.171172654865305 -15.420332937813885 -13.283858216926244 -14.220527583945675 -12.775637431259529 -15.851835976550987 -15.209987105276323 -16.71368103301842 -16.320102902241437 -15.34419530941354 -15.883352353830256 -15.503511705334692 -16.25475568141063 -16.053996703200486 -14.536831448478154 -16.296144398383152 -15.774804708009782 -16.15477617617996 -15.909548569957042 -16.184818674557047 -15.572010077863892 -15.999844593107433
5.2304609218436875 -15.561734861630363 -16.247158087933595 -16.045422360442707 -15.954212147687095 -16.290779581272457 -16.293391593203168 -15.149259311741538 -15.386867471637284 -13.221781226849284 -14.17316042556326 -12.716788760177632 -15.83888654467333 -15.188577541736294 -16.712119327916295 -16.31300232061384 -15.312813795776805 -15.870817381107505 -15.484982755424888 -16.25153128464678 -16.045349554310047 -14.504732283437107 -16.296864899842056 -15.761191546880049 -16.148675825270917 -15.918860330433017 -16.19091894092813 -15.583450557751364 -15.992610063450066
5.290581162324649 -15.542304035589094 -16.24256766114547 -16.035092829781394 -15.943297978105626 -16.291734670694833 -16.29221425918443 -15.124990389365013 -15.350536215862327 -13.155608803728466 -14.122420640207327 -12.654203918540329 -15.823978380623249 -15.164839046965945 -16.709118651676082 -16.304214156964438 -15.278655850244355 -15.856345339636311 -15.464253629763185 -16.246791165647192 -16.03493996091638 -14.46982251172825 -16.296251325483695 -15.745608287482025 -16.140935460203405 -15.927236324864854 -16.195934315831604 -15.594053926954937 -15.983722439842314
5.350701402805611 -15.526940040760575 -16.240596996565078 -16.027940020233782 -15.935645087559251 -16.29477454375552 -16.293326950814073 -15.105256541299703 -15.319921846806057 -13.098106575846828 -14.078903834880236 -12.600128673870582 -15.81268892675687 -15.14558752479536 -16.70858465123005 -16.298456298709667 -15.24999951722527 -15.845452228540465 -15.447717935893639 -16.244685254859252 -16.027713781667252 -14.440485841176116 -16.297874119648377 -15.73372562793816 -16.13612570247005 -15.93698443635233 -16.20264467893204 -15.605815260037177 -15.977910210287973
5.410821643286573 -15.506047005591324 -16.234873308309083 -16.01634398972866 -15.923514141169157 -16.29473240088588 -16.29109899360696 -15.079410153724588 -15.281758431260162 -13.029539079752496 -14.02624321213855 -12.53566026972225 -15.796402598438377 -15.120291583688758 -16.70449034223208 -16.288444657293397 -15.214049974990058 -15.829617953558158 -15.425497829659136 -16.238808214540477 -16.016033374216878 -14.40376365440379 -16.296225416672616 -15.716785818826366 -16.127190709348245 -15.94455265388834 -16.206766776917476 -15.615667170639894 -15.967877394336547
5.4709418837675345 -15.487216286754393 -16.230440568372284 -16.006334569721368 -15.913027846711039 -16.295698759376567 -16.289987661770127 -15.055873985962382 -15.246537606734307 -12.965507988764159 -13.977376775930903 -12.47573453597694 -15.781936361563417 -15.097281975466185 -16.701606292704778 -16.279943456001266 -15.180926744760558 -15.81558388871837 -15.405407517541079 -16.234229752588156 -16.005942610277817 -14.369905009801709 -16.2956653706844 -15.701717379448574 -16.119714177785855 -15.952754786081154 -16.211692542695175 -15.626040346440762 -15.959395655269919
5.531062124248497 -15.466586890269625 -16.224737102679043 -15.994846924537605 -15.901077455036958 -16.295599000722873 -16.287730917255043 -15.030362499137581 -15.208919066743878 -12.898071206536809 -13.925730209528524 -12.412775272272384 -15.76582331438906 -15.072320590516618 -16.697510529350243 -16.27002386818121 -15.145478948075752 -15.799922061520915 -15.383472330629502 -16.22837504945627 -15.994369343516723 -14.333692710302604 -16.293981659281425 -15.684998585698047 -16.110859673070728 -15.960168923178944 -16.215704506792044 -15.635708741803443 -15.949536765147876
5.591182364729459 -15.447039462887737 -16.219675932674598 -15.984169048789276 -15.889981148153698 -16.29598291277631 -16.286018355866467 -15.006072791432771 -15.172884699690847 -12.83314351711596 -13.876196190777197 -12.352409782027841 -15.750651267093822 -15.048568916836235 -16.694011865380737 -16.26087228748081 -15.111547752136484 -15.78519106588274 -15.362657562915398 -16.223166930230448 -15.983607106013356 -14.299017461266637 -16.29282674636043 -15.66925666308597 -16.102744559268025 -15.967857892526368 -16.22008597707021 -15.645589104391016 -15.94048339472085
5.651302605210421 -15.427044189146208 -16.214243396295647 -15.973087283546583 -15.878509116400057 -16.296030590001376 -16.283955488727244 -14.981306216515826 -15.13631703149441 -12.76757562747694 -13.82617227967371 -12.2916440263945 -15.735046622440045 -15.024347338158822 -16.69015222748727 -16.251329285375686 -15.077090793513925 -15.770032909749892 -15.341388238392089 -16.217586503898822 -15.97243927852892 -14.263810461216178 -16.291325959622576 -15.653097015246917 -16.094246227252693 -15.975261641905721 -16.224159235149482 -15.655199357625003 -15.931077994979628
5.7114228456913825 -15.406430954757298 -16.20832832319417 -15.961467550599693 -15.866526274096664 -16.2956531693656 -16.281444846570725 -14.95587324960945 -15.098978750093881 -12.701013262951125 -13.775369586321506 -12.230148714970856 -15.718856889637813 -14.999468640844697 -16.685826855346814 -16.241267122340883 -15.041879262752424 -15.754296985089907 -15.319489080412563 -16.211521998607452 -15.960731405242292 -14.227839815014995 -16.289384140714507 -15.636365277870947 -16.085241218386823 -15.982321392339053 -16.227851875208952 -15.664489758439453 -15.921194085911221
5.771543086172344 -15.385604289041872 -16.202200336678896 -15.94963181394272 -15.85435825068263 -16.29506952204247 -16.27872484040264 -14.930222590137713 -15.061427760364214 -12.634282621801955 -13.724471620248284 -12.168707412161414 -15.70244591106291 -14.974376510522148 -16.681290807951516 -16.230993542681855 -15.006451532010072 -15.738343020572978 -15.297376415570518 -16.20524440762498 -15.948806239631228 -14.191650828423086 -16.287234503975903 -15.619430500967617 -16.076027604852214 -15.989187965062165 -16.231345520375466 -15.67359073142949 -15.91113817103233
5.831663326653306 -15.36210428642594 -16.19423160666953 -15.935628907606247 -15.840037634452457 -16.29296622125855 -16.274360844677638 -14.901620885084832 -15.020257355753142 -12.562328485277416 -13.66932679403531 -12.102584451468704 -15.683603084944153 -14.946369595992607 -16.675006557933074 -16.218646220319137 -14.96752082202055 -15.719986570174614 -15.27251753104002 -16.197117418289366 -15.934707439984717 -14.151913440023769 -16.283474847444595 -15.600053987943205 -16.064803295791066 -15.994970826310922 -16.233558179687897 -15.681738576675988 -15.899063489747327
5.891783567134269 -15.343040330918694 -16.189131846010945 -15.925101095406617 -15.829253375581072 -16.29314623472835 -16.272505350558575 -14.877966058578764 -14.985306867447505 -12.499742550734577 -13.621925094354719 -12.045454587559274 -15.668718855087118 -14.923253617706752 -16.671423388866657 -16.20961129349259 -14.934580718250025 -15.70554269687518 -15.252231763694564 -16.191875208637914 -15.924092181266545 -14.118246026394026 -16.282164176370557 -15.584707253438737 -16.056780701980866 -16.002253553088025 -16.237625455355342 -15.691151214031203 -15.890310959883607
5.95190380761523 -15.323144167574885 -16.18341257797102 -15.913868488623493 -15.81778861686633 -16.29279310851759 -16.270082894338245 -14.853405288583847 -14.949282979844654 -12.435702721574152 -13.57337041760335 -11.987161201134512 -15.65305879186064 -14.899243860809776 -16.66724581674779 -16.199898534556453 -14.900594645646425 -15.690332663983602 -15.23109513592729 -16.186011169750447 -15.912769604353194 -14.083519601024292 -16.280296259268372 -15.56859441220018 -16.048098235576163 -16.009123220971567 -16.241225370903614 -15.700186695452947 -15.880920852701834
6.012024048096192 -15.30211797768704 -16.176878314995786 -15.90169567663498 -15.80540777093546 -16.291750407156655 -16.26692194870193 -14.827606861590798 -14.911771368127713 -12.369594241242815 -13.523164634474298 -11.927143410156752 -15.63635526530095 -14.874012826534354 -16.662289591298453 -16.189283754370678 -14.865162841833179 -15.674092264288928 -15.20880086806331 -16.179328761245948 -15.900503580471295 -14.047328942411337 -16.277703654128874 -15.551445492545177 -16.03853927981575 -16.015476226100148 -16.2442304015223 -15.708757267804694 -15.87067319043566
6.072144288577154 -15.281432933900145 -16.170503969057393 -15.88975064051752 -15.793286255952754 -16.290805057783118 -16.26388194140093 -14.802205305328375 -14.874807603579807 -12.304432048578406 -13.473780059288831 -11.868211274774158 -15.619931341322737 -14.84917568440585 -16.65747561102328 -16.178881654705137 -14.830249644467585 -15.65812875436462 -15.186863551368965 -16.172807966742297 -15.888465263935174 -14.01166434168644 -16.27522634949221 -15.53459903430598 -16.029182409571234 -16.021846433178585 -16.24728896449268 -15.717320929514463 -15.860670473534562
6.132264529058116 -15.253574397892145 -16.159320572303315 -15.872072853218402 -15.775439003176945 -16.28595528165807 -16.256587790278516 -14.768846014829872 -14.827981245511292 -12.224798815736108 -13.412624992193471 -11.796108523077077 -15.597028601776987 -14.816479241485755 -16.648112966213137 -16.163007249120238 -14.785808644138882 -15.63576636825841 -15.157545766977929 -16.161453730761348 -15.8706772351694 -13.966345228700039 -16.268589717286517 -15.511225594709845 -16.01452918772493 -16.0255363985474 -16.24711316457347 -15.723571321288288 -15.84530744319169
6.192384769539078 -15.231936072149761 -16.15218841992789 -15.859288182377878 -15.76253846634387 -16.28433958586834 -16.252842488470822 -14.742418064920166 -14.789842560364992 -12.158164231101626 -13.36214823365939 -11.736262993386632 -15.579693301297947 -14.790632472605573 -16.642566990451073 -16.151796236433135 -14.749741577127146 -15.618904531608953 -15.134637931108639 -16.154172791460404 -15.857795304394049 -13.929512019873602 -16.265418027982292 -15.49349974499945 -16.004383361156727 -16.03136325240843 -16.249570963948923 -15.731629582255787 -15.83458139283664
6.25250501002004 -15.209699575580036 -16.144598284150167 -15.845988220292178 -15.749151203523866 -16.282325484460696 -16.24867520875675 -14.715341528055898 -14.750946367046538 -12.090537537968288 -13.31091504383716 -11.67571641405383 -15.5617937355101 -14.764147045500561 -16.636580482110574 -16.140089728460165 -14.712933779550543 -15.601486218007759 -15.111119585811483 -16.146432272141293 -15.844395859170035 -13.891928550825288 -16.261831434303655 -15.475223698790597 -15.993755008776578 -16.036876472769986 -16.251676780343427 -15.739399590823327 -15.823402225594663
6.312625250501002 -15.180787977184025 -16.132535404202386 -15.827353628688101 -15.730452946318945 -16.276684862031914 -16.240553926105328 -14.680856952408849 -14.702869943264716 -12.009460527880037 -13.248796746889262 -11.603065198970913 -15.53786169610379 -14.73034784335804 -16.62636499631865 -16.123293916640204 -14.667255794351341 -15.578111798928925 -15.080733295084237 -16.13419619943617 -15.825645228440166 -13.845355609659027 -16.254380059574167 -15.450880715008815 -15.978202787262283 -16.039911037937472 -16.250784356337906 -15.745035065195799 -15.807259688027457
6.372745490981964 -15.157509193896637 -16.12413560862576 -15.81314748504937 -15.716223166965815 -16.27396339666033 -16.235638512570514 -14.652652121992162 -14.662666650708065 -11.940158679854779 -13.196327457569446 -11.541454890717148 -15.51897189425316 -14.70275306495575 -16.61959895660174 -16.11071669079004 -14.62916703740482 -15.559717997550829 -15.056152132450809 -16.125643284960045 -15.811335189185076 -13.806474162727564 -16.25005793428171 -15.431647687460881 -15.966726704774459 -16.04486481578728 -16.252263798876143 -15.752289954862666 -15.795300668576306
6.432865731462925 -15.137374513532276 -16.11775333169419 -15.80139608607027 -15.704477005394306 -16.272835222820703 -16.232479767022348 -14.627960540076696 -14.626888643924811 -11.877521669211578 -13.149324734626617 -11.486136806866515 -15.502886866773135 -14.678629365205008 -16.614728675838226 -16.100475143632195 -14.595340564787993 -15.544094399907722 -15.034813605808157 -16.11911933879682 -15.799486573541142 -13.771913046764475 -16.24744897295674 -15.415261812501448 -15.957505367481826 -16.05084263815582 -16.2550249670465 -15.760398234153355 -15.78566481830082
6.492985971943887 -15.116984232377622 -16.111142931812115 -15.789403532999362 -15.692515708700636 -16.27149491175123 -16.229102191198947 -14.603000546705093 -14.590823395950991 -11.81457837359796 -13.102121274858849 -11.430729690783735 -15.486547596078434 -14.65424227639723 -16.60963516037703 -16.089999584808893 -14.561227986635902 -15.528220363470966 -15.013216993382006 -16.11236684865693 -15.787395464001719 -13.737062452606654 -16.244623647642324 -15.398636866443454 -15.948054401105463 -16.056633994108292 -16.257588043558755 -15.768327766436022 -15.77582907713186
6.55310621242485 -15.087705960494695 -16.09860526058208 -15.770324233661785 -15.673509283931644 -16.26536701291453 -16.220495763266403 -14.568165720479033 -14.542501588080956 -11.733649674078425 -13.040415525836924 -11.359229961853362 -15.462181688131615 -14.620108702286853 -16.59894279672881 -16.072768790462295 -14.515274711382464 -15.504423540216957 -14.982473087255723 -16.099656373172202 -15.76819488811907 -13.690210022198901 -16.236689970234437 -15.373945117790306 -15.932071486715369 -16.059185523368434 -16.256210655878114 -15.773481561556187 -15.759419697289392
6.613226452905812 -15.058829508975009 -16.08627758383463 -15.751526601647505 -15.654821181892249 -16.259383565727035 -16.21205837916353 -14.533790978774352 -14.49479890895617 -11.653762905577349 -12.97964202869398 -11.288959871199772 -15.438151598777143 -14.586432864073181 -16.58844197966505 -16.055804508463318 -14.469909494658861 -15.480960220627276 -14.952147667673366 -16.08715767429633 -15.7492757021131 -13.64395317612626 -16.22891961933922 -15.349615763195139 -15.916344163847373 -16.061798737228244 -16.25493239294567 -15.778672298245018 -15.743314772441224
6.673346693386773 -15.03514977203066 -16.077325336236203 -15.736813732121178 -15.640237012748557 -16.25608391035504 -16.206571680684085 -14.505213537440682 -14.454363968868602 -11.58472656012432 -12.92770908121204 -11.228729746964387 -15.418776762627495 -14.558482181230715 -16.58111778412729 -16.042728273149624 -14.431551516029987 -15.462093303913454 -14.927178317222083 -16.078053062014188 -15.734453260784758 -13.604799369772937 -16.22402821076923 -15.329993668577213 -15.90437156656165 -16.066163595543884 -16.25582770258843 -15.78533527231995 -15.731042720449313
