web/models/kne/54/mosfit_kn_0.041628_0.4217_10.0000.dat
# %ECSV 1.0
# ---
# datatype:
# - {name: time, datatype: float64}
# - {name: PS1_g, datatype: float64}
# - {name: PS1_i, datatype: float64}
# - {name: PS1_r, datatype: float64}
# - {name: PS1_w, datatype: float64}
# - {name: PS1_y, datatype: float64}
# - {name: PS1_z, datatype: float64}
# - {name: swift_uvot_B, datatype: float64}
# - {name: swift_uvot_U, datatype: float64}
# - {name: swift_uvot_uvm2, datatype: float64}
# - {name: swift_uvot_uvw1, datatype: float64}
# - {name: swift_uvot_uvw2, datatype: float64}
# - {name: swift_uvot_V, datatype: float64}
# - {name: johnson_B, datatype: float64}
# - {name: johnson_I, datatype: float64}
# - {name: johnson_R, datatype: float64}
# - {name: johnson_U, datatype: float64}
# - {name: johnson_V, datatype: float64}
# - {name: sdss_g, datatype: float64}
# - {name: sdss_i, datatype: float64}
# - {name: sdss_r, datatype: float64}
# - {name: sdss_u, datatype: float64}
# - {name: sdss_z, datatype: float64}
# - {name: ATLAS_c, datatype: float64}
# - {name: ATLAS_o, datatype: float64}
# - {name: ukirt_H, datatype: float64}
# - {name: ukirt_J, datatype: float64}
# - {name: ukirt_K, datatype: float64}
# - {name: Clear, datatype: float64}
# meta: !!omap
# - comment: [kappa = 10.0, type = rprocess, mass = 0.04162766037032262, velocity = 0.4216666666666667, theta_obs = 0.0, tfloor = 1000.0]
# schema: astropy-2.0
time PS1_g PS1_i PS1_r PS1_w PS1_y PS1_z swift_uvot_B swift_uvot_U swift_uvot_uvm2 swift_uvot_uvw1 swift_uvot_uvw2 swift_uvot_V johnson_B johnson_I johnson_R johnson_U johnson_V sdss_g sdss_i sdss_r sdss_u sdss_z ATLAS_c ATLAS_o ukirt_H ukirt_J ukirt_K Clear
[from data line 174]
10.521042084168336 6.107158034391045 -2.7746707788082325 0.7003999992295995 -1.267523812274387 -6.297860827333501 -4.880184862486363 9.647064610955532 16.306008708850435 30.194604012879612 12.271591240925002 14.784607747404653 4.066674727261829 8.443127293989342 -4.328184085230183 -1.3581513185051832 15.275007529598692 3.1116523920930765 6.919698135705481 -2.6934148266952462 0.9288886587260414 16.80711423902526 -5.453612474508365 2.679476568972241 -1.7729359556375357 -11.246848205248996 -9.097358909759306 -12.607136885722168 -3.5534178560357255
10.581162324649299 6.127295961457637 -2.75453285174164 0.720537926296192 -1.2473858852077946 -6.277722900266909 -4.860046935419771 9.667202538022124 16.326146635917027 30.214741939946204 12.291729167991594 14.804745674471246 4.086812654328422 8.463265221055934 -4.308046158163591 -1.3380133914385908 15.295145456665285 3.131790319159669 6.939836062772073 -2.673276899628654 0.9490265857926339 16.827252166091853 -5.433474547441772 2.6996144960388335 -1.7527980285709432 -11.226710278182404 -9.077220982692713 -12.586998958655576 -3.533279928969133
10.64128256513026 6.147458659545286 -2.734370153654009 0.740700624383841 -1.2272231871201456 -6.25756020217926 -4.839884237332139 9.687365236109756 16.346309334004676 30.234904638033854 12.311891866079243 14.824908372558895 4.106975352416071 8.483427919143566 -4.287883460075942 -1.3178506933509595 15.315308154752934 3.151953017247318 6.9599987608597225 -2.6531142015410047 0.9691892838802829 16.847414864179502 -5.413311849354123 2.7197771941264826 -1.7326353304832942 -11.206547580094755 -9.057058284605064 -12.566836260567927 -3.513117230881484
10.701402805611222 6.167641188996882 -2.714187624202413 0.7608831538354366 -1.20704065766855 -6.237377672727664 -4.819701707880544 9.707547765561351 16.36649186345627 30.25508716748544 12.332074395530821 14.845090902010472 4.127157881867666 8.503610448595161 -4.267700930624364 -1.297668163899364 15.33549068420453 3.1721355466989136 6.980181290311318 -2.632931672089409 0.9893718133318607 16.867597393631097 -5.393129319902528 2.739959723578078 -1.7124528010316986 -11.18636505064316 -9.036875755153469 -12.546653731116331 -3.4929347014298884
10.761523046092185 6.187875176341731 -2.6939536368575645 0.7811171411802853 -1.1868066703237012 -6.2171436853828155 -4.799467720535695 9.7277817529062 16.38672585080112 30.27532115483029 12.35230838287567 14.865324889355321 4.147391869212515 8.52384443594001 -4.247466943279515 -1.2774341765545152 15.355724671549378 3.1923695340437623 7.000415277656167 -2.6126976847445604 1.0096058006767095 16.887831380975946 -5.372895332557679 2.760193710922927 -1.69221881368685 -11.16613106329831 -9.01664176780862 -12.526419743771482 -3.4727007140850397
10.821643286573146 6.208126845272819 -2.6737019679264584 0.8013688101113736 -1.1665550013925952 -6.196892016451727 -4.779216051604589 9.748033421837306 16.406977519732227 30.295572823761393 12.372560051806776 14.885576558286427 4.167643538143603 8.544096104871116 -4.227215274348409 -1.257182507623409 15.375976340480467 3.2126212029748507 7.020666946587273 -2.592446015813472 1.0298574696078155 16.908083049907052 -5.352643663626591 2.780445379854033 -1.6719671447557616 -11.145879394367222 -8.996390098877532 -12.506168074840394 -3.4524490451539513
10.881763527054108 6.228390281152514 -2.6534385320467635 0.8216322459910685 -1.146291565512918 -6.176628580572032 -4.758952615724894 9.768296857717 16.427240955611904 30.315836259641078 12.39282348768647 14.905839994166122 4.187906974023298 8.56435954075081 -4.206951838468714 -1.2369190717437142 15.396239776360161 3.2328846388545456 7.04093038246695 -2.572182579933777 1.0501209054875105 16.92834648578673 -5.332380227746896 2.80070881573371 -1.6517037088760667 -11.125615958487527 -8.976126662997837 -12.4859046389607 -3.4321856092742564
10.941883767535069 6.248695481154165 -2.6331333320451122 0.8419374459927198 -1.1259863655112667 -6.156323380570381 -4.738647415723243 9.788602057718652 16.447546155613555 30.336141459642736 12.413128687688122 14.926145194167773 4.20821217402495 8.584664740752462 -4.186646638467063 -1.216613871742063 15.416544976361813 3.253189838856197 7.061235582468601 -2.551877379932126 1.0704261054891617 16.94865168578838 -5.312075027745244 2.8210140157353614 -1.6313985088744154 -11.105310758485876 -8.955821462996186 -12.465599438959048 -3.411880409272605
11.002004008016032 6.269014371848893 -2.612814441350384 0.8622563366874658 -1.1056674748165207 -6.136004489875653 -4.7183285250285145 9.80892094841338 16.4678650463083 30.356460350337468 12.43344757838285 14.946464084862502 4.228531064719678 8.60498363144719 -4.166327747772335 -1.1962949810473347 15.436863867056541 3.273508729550943 7.081554473163347 -2.5315584892373977 1.09074499618389 16.968970576483127 -5.291756137050516 2.8413329064301074 -1.6110796181796871 -11.08499186779113 -8.93550257230144 -12.44528054826432 -3.391561518577877
11.062124248496994 6.289331822782742 -2.592496990416535 0.8825737876213147 -1.0853500238826719 -6.115687038941786 -4.698011074094666 9.82923839934723 16.48818249724215 30.37677780127132 12.453765029316699 14.96678153579635 4.2488485156535445 8.62530108238104 -4.146010296838486 -1.1759775301134858 15.457181317990408 3.2938261804847917 7.101871924097196 -2.511241038303549 1.1110624471177388 16.989288027416976 -5.271438686116667 2.8616503573639562 -1.5907621672458383 -11.064674416857281 -8.91518512136759 -12.42496309733047 -3.3712440676440103
11.122244488977955 6.309684595640963 -2.5721442175583142 0.9029265604795356 -1.064997251024451 -6.095334266083583 -4.677658301236445 9.84959117220545 16.50853527010037 30.397130574129537 12.47411780217492 14.987134308654571 4.269201288511748 8.64565385523926 -4.125657523980265 -1.155624757255265 15.47753409084861 3.3141789533430126 7.122224696955417 -2.490888265445328 1.1314152199759597 17.009640800275196 -5.251085913258446 2.882003130222177 -1.5704093943876174 -11.04432164399906 -8.89483234850937 -12.40461032447225 -3.350891294785807
11.182364729458918 6.330045600408667 -2.5517832127906104 0.9232875652472394 -1.0446362462567471 -6.074973261315861 -4.657297296468741 9.869952176973154 16.528896274868075 30.417491578897245 12.494478806942624 15.007495313422275 4.289562293279469 8.666014860006964 -4.105296519212561 -1.135263752487561 15.497895095616332 3.3345399581107165 7.142585701723121 -2.4705272606776063 1.1517762247436636 17.0300018050429 -5.230724908490725 2.902364134989881 -1.5500483896199135 -11.023960639231356 -8.874471343741666 -12.384249319704528 -3.3305302900180855
11.242484969939879 6.350395474005772 -2.531433339193505 0.9436374388443447 -1.0242863726596418 -6.054623387718756 -4.636947422871636 9.89030205057026 16.54924614846518 30.43784145249435 12.514828680539729 15.02784518701938 4.3099121668765745 8.68636473360407 -4.084946645615456 -1.1149138788904558 15.518244969213438 3.3548898317078217 7.162935575320226 -2.450177387080501 1.1721260983407689 17.050351678640006 -5.2103750348936195 2.9227140085869863 -1.5296985160228083 -11.003610765634251 -8.85412147014456 -12.363899446107423 -3.3101804164209803
11.302605210420841 6.3707694355328925 -2.5110593776663848 0.964011400371465 -1.0039124111325215 -6.034249426191636 -4.616573461344515 9.91067601209738 16.5696201099923 30.45821541402147 12.53520264206685 15.048219148546501 4.330286128403695 8.70673869513119 -4.064572684088335 -1.0945399173633354 15.538618930740558 3.375263793234942 7.1833095368473465 -2.4298034255533985 1.1925000598678892 17.070725640167126 -5.190001073366517 2.9430879701141066 -1.509324554495688 -10.98323680410713 -8.83374750861744 -12.34352548458032 -3.28980645489386
11.362725450901802 6.391148457311786 -2.490680355887509 0.9843904221503408 -0.9835333893536458 -6.01387040441276 -4.5961944395656396 9.931055033876255 16.589999131771176 30.478594435800343 12.555581663845725 15.068598170325377 4.350665150182571 8.727117716910065 -4.04419366230946 -1.0741608955844597 15.558997952519434 3.395642815013818 7.203688558626222 -2.409424403774505 1.212879081646765 17.091104661946 -5.1696220515876234 2.9634669918929823 -1.4889455327167944 -10.962857782328255 -8.813368486838565 -12.323146462801427 -3.269427433114984
11.422845691382765 6.411508388704146 -2.4703204244951316 1.0047503535427182 -0.9631734579612683 -5.9935104730203825 -4.575834508173262 9.951414965268633 16.610359063163553 30.49895436719272 12.575941595238103 15.088958101717754 4.371025081574948 8.747477648302443 -4.023833730917082 -1.0538009641920822 15.579357883911811 3.4160027464061953 7.2240484900186 -2.3890644723821453 1.2332390130391424 17.11146459333838 -5.149262120195264 2.98382692328536 -1.4685856013244347 -10.942497850935878 -8.793008555446187 -12.302786531409067 -3.2490675017226067
11.482965931863728 6.431879816850543 -2.449948996348734 1.0251217816890978 -0.9428020298148709 -5.973139044874003 -4.555463080026865 9.97178639341503 16.63073049130995 30.519325795339117 12.5963130233845 15.109329529864151 4.391396509721328 8.76784907644884 -4.003462302770685 -1.0334295360456849 15.59972931205819 3.436374174552575 7.244419918164997 -2.368693044235748 1.2536104411855398 17.131836021484776 -5.128890692048866 3.004198351431757 -1.4482141731780374 -10.922126422789498 -8.772637127299808 -12.28241510326267 -3.228696073576227
11.543086172344688 6.452247326979634 -2.4295814862196607 1.045489291818189 -0.9224345196857975 -5.952771534744912 -4.535095569897791 9.992153903544121 16.651098001439024 30.5396933054682 12.616680533513591 15.129697039993243 4.411764019850419 8.788216586577914 -3.9830947926415936 -1.0130620259166114 15.620096822187282 3.456741684681666 7.2647874282940705 -2.3483255341066567 1.273977951314631 17.15220353161385 -5.108523181919775 3.0245658615608306 -1.4278466630489461 -10.901758912660407 -8.752269617170716 -12.262047593133579 -3.208328563447136
11.603206412825651 6.4725868102947 -2.409242002904577 1.065828775133273 -0.9020950363707136 -5.932432051429846 -4.514756086582707 10.012493386859187 16.671437484754108 30.56003278878328 12.637020016828657 15.150036523308309 4.432103503165485 8.808556069892997 -3.9627553093265275 -0.9927225426015276 15.640436305502348 3.47708116799675 7.285126911609154 -2.3279860507915906 1.294317434629697 17.172543014928934 -5.088183698604709 3.0449053448759145 -1.40750717973388 -10.881419429345323 -8.731930133855633 -12.241708109818513 -3.18798908013207
11.663326653306612 6.492926663866623 -2.3889021493326545 1.0861686287051953 -0.8817551827987913 -5.912092197857923 -4.494416233010785 10.03283324043111 16.69177733832603 30.580372642355197 12.65735987040058 15.170376376880231 4.452443356737407 8.82889592346492 -3.942415455754605 -0.9723826890296052 15.66077615907427 3.4974210215686723 7.305466765181077 -2.3076461972196682 1.3146572882016194 17.192882868500856 -5.067843845032787 3.065245198447837 -1.3871673261619577 -10.8610795757734 -8.71159028028371 -12.22136825624659 -3.1676492265601475
11.723446893787575 6.513262784865184 -2.3685660283341115 1.1065047497037384 -0.8614190618002482 -5.891756076859362 -4.474080112012242 10.053169361429653 16.712113459324573 30.60070876335374 12.677695991399123 15.190712497878774 4.472779477735968 8.849232044463463 -3.922079334756062 -0.9520465680310621 15.681112280072831 3.5177571425672154 7.32580288617962 -2.2873100762211074 1.3349934092001625 17.2132189894994 -5.047507724034226 3.08558131944638 -1.3668312051633968 -10.840743454774858 -8.691254159285167 -12.20103213524803 -3.1473131055615866
11.783567134268537 6.533567000023979 -2.3482618131752986 1.1268089648625335 -0.8411148466414531 -5.871451861700567 -4.453775896853429 10.073473576588466 16.73241767448337 30.621012978512542 12.698000206557936 15.211016713037587 4.493083692894763 8.869536259622276 -3.901775119597249 -0.931742352872267 15.701416495231626 3.5380613577260105 7.346107101338415 -2.2670058610623123 1.3552976243589754 17.233523204658194 -5.027203508875431 3.105885534605175 -1.3465269900046017 -10.820439239616062 -8.670949944126372 -12.180727920089234 -3.1270088904027915
11.843687374749498 6.553851908202493 -2.3279769049968024 1.1470938730410474 -0.8208299384629392 -5.851166953522053 -4.433490988674933 10.093758484766962 16.752702582661883 30.641297886691053 12.718285114736432 15.231301621216083 4.513368601073277 8.889821167800772 -3.881490211418753 -0.9114574446937531 15.72170140341014 3.5583462659045244 7.366392009516929 -2.2467209528837984 1.3755825325374715 17.25380811283671 -5.006918600696917 3.126170442783689 -1.3262420818261056 -10.800154331437549 -8.650665035947858 -12.16044301191072 -3.1067239822242776
11.90380761523046 6.574127188378114 -2.3077016248211635 1.1673691532166686 -0.800554658287318 -5.830891673346432 -4.413215708499294 10.1140337649426 16.772977862837504 30.661573166866678 12.73856039491207 15.251576901391722 4.533643881248898 8.91009644797641 -3.861214931243114 -0.8911821645181319 15.741976683585762 3.5786215460801456 7.38666728969255 -2.226445672708177 1.3958578127131105 17.27408339301233 -4.986643320521296 3.14644572295931 -1.3059668016504666 -10.779879051261927 -8.630389755772237 -12.140167731735099 -3.0864487020486564
11.963927855711422 6.594375330920723 -2.287453482278554 1.1876172957592956 -0.7803065157446909 -5.810643530803823 -4.392967565956685 10.13428190748521 16.79322600538013 30.681821309409298 12.75880853745468 15.271825043934331 4.553892023791508 8.93034459051902 -3.840966788700505 -0.8709340219755048 15.76222482612837 3.5988696886227727 7.406915432235177 -2.206197530165568 1.4161059552557198 17.294331535554957 -4.966395177978686 3.166693865501937 -1.2857186591078573 -10.7596309087193 -8.610141613229628 -12.11991958919249 -3.066200559506047
12.024048096192384 6.614579480444842 -2.267249332754453 1.2078214452833969 -0.7601023662205897 -5.790439381279704 -4.3727634164325835 10.154486057009311 16.813430154904232 30.70202545893341 12.779012686978799 15.29202919345845 4.574096173315627 8.950548740043121 -3.8207626391764036 -0.8507298724514036 15.78242897565249 3.619073838146874 7.427119581759278 -2.185993380641449 1.4363101047798388 17.314535685079058 -4.946191028454567 3.1868980150260384 -1.2655145095837383 -10.739426759195199 -8.589937463705509 -12.09971543966837 -3.045996409981928
12.084168336673347 6.634769551150885 -2.247059262048392 1.2280115159894578 -0.7399122955145288 -5.770249310573661 -4.3525733457265225 10.174676127715372 16.833620225610293 30.72221552963946 12.799202757684842 15.312219264164494 4.59428624402167 8.970738810749182 -3.8005725684703426 -0.8305398017453427 15.802619046358533 3.639263908852935 7.447309652465339 -2.1658033099354057 1.456500175485882 17.33472575578512 -4.926000957748524 3.2070880857320994 -1.2453244388776952 -10.719236688489138 -8.569747392999448 -12.079525368962328 -3.025806339275885
12.144288577154308 6.654930602851188 -2.2268982103480894 1.2481725676897604 -0.7197512438142262 -5.75008825887334 -4.33241229402622 10.194837179415675 16.853781277310595 30.742376581339766 12.819363809385145 15.332380315864796 4.61444729572199 8.990899862449485 -3.78041151677004 -0.8103787500450401 15.822780098058853 3.6594249605532374 7.467470704165642 -2.145642258235103 1.4766612271861845 17.35488680748542 -4.905839906048222 3.227249137432402 -1.2251633871773926 -10.699075636788836 -8.549586341299145 -12.059364317262025 -3.0056452875755646
