web/models/kne/54/mosfit_kn_0.027507_0.0300_0.5000.dat
# %ECSV 1.0
# ---
# datatype:
# - {name: time, datatype: float64}
# - {name: PS1_g, datatype: float64}
# - {name: PS1_i, datatype: float64}
# - {name: PS1_r, datatype: float64}
# - {name: PS1_w, datatype: float64}
# - {name: PS1_y, datatype: float64}
# - {name: PS1_z, datatype: float64}
# - {name: swift_uvot_B, datatype: float64}
# - {name: swift_uvot_U, datatype: float64}
# - {name: swift_uvot_uvm2, datatype: float64}
# - {name: swift_uvot_uvw1, datatype: float64}
# - {name: swift_uvot_uvw2, datatype: float64}
# - {name: swift_uvot_V, datatype: float64}
# - {name: johnson_B, datatype: float64}
# - {name: johnson_I, datatype: float64}
# - {name: johnson_R, datatype: float64}
# - {name: johnson_U, datatype: float64}
# - {name: johnson_V, datatype: float64}
# - {name: sdss_g, datatype: float64}
# - {name: sdss_i, datatype: float64}
# - {name: sdss_r, datatype: float64}
# - {name: sdss_u, datatype: float64}
# - {name: sdss_z, datatype: float64}
# - {name: ATLAS_c, datatype: float64}
# - {name: ATLAS_o, datatype: float64}
# - {name: ukirt_H, datatype: float64}
# - {name: ukirt_J, datatype: float64}
# - {name: ukirt_K, datatype: float64}
# - {name: Clear, datatype: float64}
# meta: !!omap
# - comment: [kappa = 0.5, type = rprocess, mass = 0.027507471329904786, velocity = 0.030000000000000023, theta_obs = 0.0, tfloor = 1000.0]
# schema: astropy-2.0
time PS1_g PS1_i PS1_r PS1_w PS1_y PS1_z swift_uvot_B swift_uvot_U swift_uvot_uvm2 swift_uvot_uvw1 swift_uvot_uvw2 swift_uvot_V johnson_B johnson_I johnson_R johnson_U johnson_V sdss_g sdss_i sdss_r sdss_u sdss_z ATLAS_c ATLAS_o ukirt_H ukirt_J ukirt_K Clear
[from data line 29]
1.8036072144288577 -13.806073978617377 -13.663254249175996 -13.776526534194886 -13.771096253880692 -13.407646224295267 -13.524615020792474 -13.657267907869734 -14.583301827295543 -14.192173869615651 -14.36533589483103 -13.809202271967859 -13.817137777001449 -13.673239204391642 -14.042977107567786 -13.964769534343954 -14.380372582654115 -13.829563239346248 -13.8019079518258 -13.675698002051693 -13.778942864791937 -13.610985526662294 -13.498862337982445 -13.807052329515397 -13.746636303544975 -12.638799656345954 -13.09120820077302 -12.183169832169527 -13.719122080719703
1.8637274549098195 -13.832166066528018 -13.70245932510251 -13.810825149311192 -13.80320005141444 -13.45145105277723 -13.566669753893006 -13.679286620171862 -14.594130806861187 -14.172738044221788 -14.357169596204375 -13.783247081929243 -13.847653862827027 -13.695537582104137 -14.083482663945716 -14.00022984466273 -14.393377104868634 -13.860317786858579 -13.82684861181847 -13.71477945170433 -13.813230938957233 -13.62342757494007 -13.54134971854684 -13.836041617653141 -13.782877163444027 -12.688697046482423 -13.138321418059247 -12.23494085541345 -13.752296345183748
1.9238476953907815 -13.856491204263168 -13.73981788269436 -13.84330472530543 -13.833525102664108 -13.493384661848431 -13.606862547607346 -13.699559432630839 -14.603291621861079 -14.151904743846483 -14.347569705743073 -13.75607258313558 -13.876369660115834 -13.716091067819075 -14.122135105667752 -14.033866792111766 -14.404695588516507 -13.88927271967926 -13.850029305293283 -13.752015019063446 -13.845699170913246 -13.634185307970963 -13.581973309076325 -13.86325412224842 -13.817292128900931 -12.736688994221497 -13.183545596646054 -12.284794569926978 -13.783697099514338
1.9839679358717435 -13.87912411700908 -13.775420155587259 -13.874049695023878 -13.862152842556181 -13.533542770612605 -13.64528702719415 -13.7181563538931 -14.610840978555437 -14.129692788028464 -14.336567549035557 -13.72768796877024 -13.903365192713768 -13.734969966952399 -14.159026206342002 -14.065766158114165 -14.414387377429893 -13.91650831788734 -13.871523405546213 -13.787494791635453 -13.876431991251454 -13.643317440910945 -13.620827247005867 -13.888767875367112 -13.849967877840328 -12.782878617654346 -13.226980446684367 -12.332836415213551 -13.81340686160037
2.0440881763527052 -13.900133275600552 -13.809348756708282 -13.90313737429727 -13.889157935191498 -13.57201300672532 -13.682028905421912 -13.735141543006144 -14.616830928830176 -14.106119874618347 -14.324192345823636 -13.698102608461053 -13.92871374314024 -13.752238718020141 -14.194239987785277 -14.096006497480868 -14.42250691679994 -13.942098104568535 -13.891398150616148 -13.82130124870475 -13.905506710905016 -13.650877840502442 -13.657997715025658 -13.91265438778646 -13.880983789555206 -12.827360308346234 -13.268717246121858 -12.379162901783063 -13.841501318491662
2.1042084168336674 -13.919617997234734 -13.84170512657942 -13.93066840544325 -13.914640386760322 -13.608897605128352 -13.717190108377952 -13.750613734965953 -14.621358345738198 -14.081276275372478 -14.310535610253758 -13.6674044568656 -13.952515386544732 -13.76799607962543 -14.227878106553089 -14.124688626794548 -14.429151480785062 -13.966142177145658 -13.909752679467342 -13.853535810535575 -13.933023976856393 -13.656963716821942 -13.693586712229617 -13.935013363442614 -13.910440789757406 -12.870237470543165 -13.308858843001817 -12.423877830966672 -13.868080520281154
2.164328657314629 -13.937650380074711 -13.87256885806007 -13.956719568657903 -13.938675519241475 -13.644278842360826 -13.750851884850608 -13.764642763840833 -14.62448663508571 -14.055206644591344 -14.295647987276308 -13.635633592650581 -13.97484477443464 -13.78231203182477 -14.260020907034054 -14.151889983897743 -14.434385756341978 -13.988715313125207 -13.926658439692972 -13.884277998841092 -13.959060567186548 -13.661639456714987 -13.727675739455503 -13.955918497110797 -13.938416751228413 -12.911596044653473 -13.347489484306648 -12.467068302627665 -13.8932203051262
2.224448897795591 -13.9542460952525 -13.901977648026147 -13.981320290612071 -13.961289122187619 -13.67820222463001 -13.783056762041586 -13.777237486690616 -14.62620590974181 -14.027849603892356 -14.27948691076839 -13.602718159737769 -13.995724973684098 -13.795195913239272 -14.290708290548395 -14.177641966157186 -14.43820350641505 -14.00984098968541 -13.942129175464277 -13.91356530131965 -13.983645886573335 -13.664897883340714 -13.760308062580169 -13.975390340668774 -13.964944391880891 -12.951491975045267 -13.384660332612055 -12.5087934909941 -13.91694827524832
2.284569138276553 -13.969514728061458 -13.930033014700296 -14.004575105456372 -13.982586845427765 -13.710766484545331 -13.81390452629974 -13.788510057921634 -14.62663514493773 -13.999341191384914 -14.262181069836544 -13.56879723407165 -14.015262883206258 -13.806759689547746 -14.320040980499204 -14.202048383278669 -14.440722414818048 -14.02962594636646 -13.95627518677685 -13.941499312022962 -14.006884480552877 -13.66685704842169 -13.791583205038407 -13.993536630803565 -13.9901270271789 -12.990020409831542 -13.420468155009251 -12.549147474519733 -13.939369313436227
2.344689378757515 -13.983450786874947 -13.956753970865208 -14.026493812053289 -14.002574650277246 -13.74199933609674 -13.84341957240558 -13.798447369573712 -14.625740435982362 -13.96959094972113 -14.24366126332231 -13.533769793103957 -14.033461193503307 -13.816990809254012 -14.348040449560486 -14.225121246363248 -14.4419126046284 -14.048073346195958 -13.969088836593002 -13.968098810347236 -14.02878611699883 -13.667486014533665 -13.821526388079803 -14.010357367559987 -14.013978153739899 -13.027220669283926 -13.454946962543628 -12.588173151397777 -13.960491489495492
2.4048096192384767 -13.996157970493108 -13.982234222540857 -14.047173853168502 -14.021351444211216 -13.77199102234421 -13.871693455017322 -13.80715628013845 -14.62363709919872 -13.938735779916115 -14.224055481025779 -13.497776908999683 -14.050420263205911 -13.825995904101344 -14.374799418124653 -14.246957105760735 -14.441887779995294 -14.065283355653511 -13.980674706560503 -13.99345759628293 -14.04944825070972 -13.666898933505003 -13.850228840271015 -14.025953985019619 -14.036593714990726 -13.063178509642322 -13.488184544154096 -12.625954928340056 -13.980412798663906
2.464929859719439 -14.007625145405811 -14.006485741016075 -14.06661849806536 -14.03891704744769 -13.800761741855023 -13.898743233048023 -13.814618451349496 -14.620287236807883 -13.906684917945466 -14.203293246279891 -13.460718789250222 -14.066136632759154 -13.833757178575418 -14.400332185705562 -14.267561335149967 -14.440613815243204 -14.081252974786354 -13.991019640063627 -14.01758742031074 -14.06887411596637 -13.665060668793512 -13.87770840532923 -14.040320578013699 -14.05798049943602 -13.097925100292256 -13.520207054761373 -12.66252734956655 -13.99913512253839
2.5250501002004007 -14.017924120472145 -14.029576991161061 -14.084897445512503 -14.055341702333983 -13.8283788504976 -13.924636677396336 -13.820906758266506 -14.615766565408421 -13.87352089875137 -14.181454173653467 -13.422679868656417 -14.08068096887953 -13.840347442696611 -14.424706899929564 -14.287003349892952 -14.438165887733458 -14.096052814554357 -14.000195744434105 -14.040556777808622 -14.087133411899213 -13.662046547535525 -13.904032753044984 -14.053528216299007 -14.078207726979208 -13.131526418608653 -13.551081089393636 -12.697955989355288 -14.01672841742922
2.5851703406813624 -14.027099122945366 -14.051555887281797 -14.102057200432085 -14.070671430880122 -13.854891638172955 -13.949422546868302 -13.826064289231958 -14.610115064530724 -13.839274751407821 -14.158572614634775 -13.383690380207355 -14.09409869279574 -13.845809885212773 -14.447971862483346 -14.305330010050962 -14.434584579642788 -14.10972838037967 -14.00824692782983 -14.062413546667099 -14.10427263319761 -13.657896990434377 -13.929250777590152 -14.065621985397918 -14.09732249310684 -13.164033660234578 -13.580856964606019 -12.732292643068613 -14.033239058613738
2.6452905811623246 -14.03514248767193 -14.07243319349325 -14.11810156284929 -14.084907516349805 -13.880317474265826 -13.97311568732409 -13.830077604099415 -14.603303761042277 -13.803875834393423 -14.134594443730997 -13.343673831358721 -14.106388200839135 -13.850131525271333 -14.470139709317966 -14.322546822304282 -14.429843892903495 -14.122278455732394 -14.015163911896309 -14.083168313654966 -14.120295543529728 -13.652585178867334 -13.953377960101125 -14.076598460878511 -14.115331453422222 -13.195473012801012 -13.609556841085409 -12.765566204439834 -14.048670074063967
2.7054108216432864 -14.042117964792205 -14.092268205841947 -14.133091475376194 -14.098111687367236 -13.90471416055247 -13.995774461839083 -13.833011852834478 -14.595401595946687 -13.767402609839618 -14.10959438970222 -13.30271150351724 -14.117611714654014 -13.853377430799888 -14.491269311327397 -14.338714354025718 -14.424012039537637 -14.133765191339458 -14.021010841842205 -14.102880415616657 -14.135263084722656 -13.64617951754898 -13.976472527589348 -14.086520427148272 -14.132294918355992 -13.22590038671766 -13.637237482954648 -12.797832020114617 -14.063082840534307
2.7655310621242486 -14.048049143768147 -14.11109136886429 -14.14705476924647 -14.110310987711525 -13.928114657319544 -14.017430864292102 -13.834888469762998 -14.58642425754805 -13.729855144166518 -14.083578897057123 -13.26080234409432 -14.127795032536714 -13.855569228167258 -14.511391825979995 -14.353861096731084 -14.417105801377758 -14.144214545989955 -14.025810709385098 -14.12158022983629 -14.14920306759127 -13.638696476136296 -13.998566720988315 -14.095413099109653 -14.148241822163694 -13.255352152072566 -13.663933699571034 -12.829127512440477 -14.076505111603677
2.8256513026052104 -14.052949044584526 -14.128924966260001 -14.160010201634208 -14.12152311955083 -13.950544627921069 -14.03810926194435 -13.835717553545958 -14.576374087945823 -13.691214983667756 -14.056538140019494 -13.21792631983341 -14.136954162752328 -13.85671727376215 -14.53053049597375 -14.368006695971626 -14.409128991781934 -14.15364274341094 -14.029575725294077 -14.13928994943781 -14.162134222382576 -13.630139443985048 -14.01968523851659 -14.103291694164692 -14.163192407846115 -13.28385852376291 -13.689673626566064 -12.859484294013031 -14.088955554560378
2.885771543086172 -14.056848530351864 -14.145802814121584 -14.171990437634694 -14.131780598892494 -13.972039033350896 -14.057844170818381 -13.835529024486199 -14.565278574010883 -13.651502911145407 -14.028495957607205 -13.174105022305 -14.145120865102065 -13.856851596135304 -14.54871946261018 -14.381184130841113 -14.400109549182584 -14.162081632332944 -14.032336497102058 -14.1560433601318 -14.174089197167525 -13.620536214986814 -14.039862714334514 -14.110187836225148 -14.177179863839164 -13.311456060118923 -13.714493089159221 -12.888939419160062 -14.100467070230334
2.9458917835671343 -14.05975790731862 -14.161743804912135 -14.183011089604776 -14.141098181907878 -13.992619920644618 -14.076656426640266 -13.834330465697484 -14.55313814060096 -13.610700325014133 -13.999441941515531 -13.129319121526265 -14.1523081849454 -13.85598003144953 -14.56597851486266 -14.393409852146199 -14.390049245577156 -14.169544468771507 -14.034102581085683 -14.171859269805722 -14.185083574850985 -13.609888160435695 -14.05912029586542 -14.116113905622818 -14.190221205327607 -13.338171062866236 -13.738416447184497 -12.917520492972459 -14.111055361482343
3.006012024048096 -14.06172133171081 -14.17678945017343 -14.193114626608203 -14.149518984440501 -14.012327962298983 -14.094587012511983 -13.832166845327915 -14.540000034842961 -13.568860229801544 -13.969427230419686 -13.083624545995004 -14.15855932237837 -13.854147523225503 -14.582348926786743 -14.40472613310953 -14.378994877925663 -14.176074429194506 -14.034918368664897 -14.186779213065748 -14.19515981639977 -13.598242180678266 -14.077498895419254 -14.121113543871555 -14.202358569993212 -13.364043180270746 -13.761483810131343 -12.945266859984182 -14.120763410946235
3.066132264529058 -14.062754706883602 -14.1909611435071 -14.202320326974256 -14.157061887953297 -14.031186611967463 -14.1116585873751 -13.829052310934077 -14.525873854366562 -13.525980127258052 -13.938454842606092 -13.037019372054854 -14.16389189064435 -13.851368401023109 -14.597852678334117 -14.415152811040254 -14.366956890224245 -14.181689277087129 -14.034799284498405 -14.200824528415978 -14.204337174883204 -13.585608454677054 -14.095021379905415 -14.125204029294434 -14.213612170419818 -13.389098675372535 -13.783720157910755 -12.97220564515097 -14.129610768524223
3.12625250501002 -14.062864617788584 -14.204273310312665 -14.210639607946032 -14.163737667571095 -14.049213201787563 -14.127887365259664 -13.824990942538335 -14.510757172888695 -13.482040475067357 -13.906512969516847 -12.98948428052665 -14.168314940808752 -13.847646992876527 -14.612505022544823 -14.42470208683072 -14.353934068737175 -14.18639826887757 -14.033751228617657 -14.214009563304604 -14.212627035324932 -13.57198539366447 -14.111704253944293 -14.128393884713546 -14.22399473516446 -13.413358810607486 -13.805144960817389 -12.998359311834962 -14.137609133606741
3.186372745490982 -14.06207367106763 -14.216750837840806 -14.21809644713015 -14.16957039839497 -14.066433548056931 -14.143298797987072 -13.820004591939956 -14.494670003119534 -13.437056416296866 -13.873619518253957 -12.941036444419346 -14.17185171757134 -13.843005260995906 -14.626331112702335 -14.433398209559389 -14.339946750422616 -14.190224738482653 -14.031796610316434 -14.226359180343291 -14.220053353758448 -13.557393209189268 -14.127573070547133 -14.13070637232643 -14.233530694132721 -13.436850719379477 -13.825784749516783 -13.02375539916463 -14.144782969022174
3.2464929859719436 -14.060390106858751 -14.228408257082634 -14.224702945866294 -14.174571819854318 -14.08286454939061 -14.157908870607336 -13.814099471754233 -14.477613369038895 -13.391015436036952 -13.839768457511425 -12.891664540928346 -14.174512399504763 -13.837449636474663 -14.639346155276957 -14.44125393067009 -14.324996914333294 -14.193179044216018 -14.028943120543005 -14.237887847077477 -14.226628199519453 -13.541833569861108 -14.1426440554757 -14.13215133593944 -14.24223323615264 -13.45959452151362 -13.845658175619294 -13.048415010010144 -14.15114482078959
3.306613226452906 -14.057834880081082 -14.239268335108743 -14.23048113391971 -14.178764177312466 -14.098529744422503 -14.171740816517282 -13.807295921108206 -14.459606172795922 -13.343932708917986 -13.80497742837198 -12.841386305833232 -14.176318412060233 -13.831000564316817 -14.651573139374136 -14.448291515601294 -14.309103705460686 -14.195282696300671 -14.02521155767598 -14.248618310169867 -14.232373579528748 -13.52532551229947 -14.156940529679254 -14.13275029614777 -14.250124783114906 -13.481614868360746 -13.864789381525584 -13.072363137900654 -14.156717300765855
