web/models/kne/54/mosfit_kn_0.004263_0.3433_0.5000.dat
# %ECSV 1.0
# ---
# datatype:
# - {name: time, datatype: float64}
# - {name: PS1_g, datatype: float64}
# - {name: PS1_i, datatype: float64}
# - {name: PS1_r, datatype: float64}
# - {name: PS1_w, datatype: float64}
# - {name: PS1_y, datatype: float64}
# - {name: PS1_z, datatype: float64}
# - {name: swift_uvot_B, datatype: float64}
# - {name: swift_uvot_U, datatype: float64}
# - {name: swift_uvot_uvm2, datatype: float64}
# - {name: swift_uvot_uvw1, datatype: float64}
# - {name: swift_uvot_uvw2, datatype: float64}
# - {name: swift_uvot_V, datatype: float64}
# - {name: johnson_B, datatype: float64}
# - {name: johnson_I, datatype: float64}
# - {name: johnson_R, datatype: float64}
# - {name: johnson_U, datatype: float64}
# - {name: johnson_V, datatype: float64}
# - {name: sdss_g, datatype: float64}
# - {name: sdss_i, datatype: float64}
# - {name: sdss_r, datatype: float64}
# - {name: sdss_u, datatype: float64}
# - {name: sdss_z, datatype: float64}
# - {name: ATLAS_c, datatype: float64}
# - {name: ATLAS_o, datatype: float64}
# - {name: ukirt_H, datatype: float64}
# - {name: ukirt_J, datatype: float64}
# - {name: ukirt_K, datatype: float64}
# - {name: Clear, datatype: float64}
# meta: !!omap
# - comment: [kappa = 0.5, type = rprocess, mass = 0.004263435211354371, velocity = 0.3433333333333334, theta_obs = 0.0, tfloor = 1000.0]
# schema: astropy-2.0
time PS1_g PS1_i PS1_r PS1_w PS1_y PS1_z swift_uvot_B swift_uvot_U swift_uvot_uvm2 swift_uvot_uvw1 swift_uvot_uvw2 swift_uvot_V johnson_B johnson_I johnson_R johnson_U johnson_V sdss_g sdss_i sdss_r sdss_u sdss_z ATLAS_c ATLAS_o ukirt_H ukirt_J ukirt_K Clear
[from data line 205]
12.384769539078157 11.439220081546093 2.557391268346816 6.032462046384666 4.064538234880679 -0.9657987801784351 0.4518771846686853 14.97912665811058 21.6380707560055 35.52666606003467 17.60365328808005 20.1166697945597 9.398736774416879 13.77518934114439 1.0038779619248652 3.973910728649865 20.60706957675375 8.443714439248142 12.251760182860547 2.638647220459802 6.26095070588109 22.139176286180327 -0.12155042735331634 8.011538616127307 3.5591260915175127 -5.914786158093931 -3.76529686260424 -7.27507483856712 1.778644191119323
12.444889779559118 11.456027855179887 2.5741990419806093 6.049269820018459 4.081346008514473 -0.9489910065446594 0.4686849583024788 14.995934431744374 21.654878529639284 35.543473833668465 17.620461061713844 20.133477568193495 9.415544548050672 13.791997114778184 1.0206857355586587 3.9907185022836584 20.623877350387545 8.460522212881935 12.26856795649434 2.6554549940935956 6.277758479514883 22.15598405981411 -0.10474265371952285 8.0283463897611 3.575933865151306 -5.897978384460138 -3.7484890889704463 -7.258267064933326 1.7954519647531164
12.50501002004008 11.47279864253754 2.5909698293382455 6.066040607376095 4.098116795872109 -0.9322202191870055 0.48545574566011496 15.01270521910201 21.67164931699693 35.56024462102611 17.637231849071497 20.15024835555114 9.432315335408326 13.80876790213582 1.0374565229162949 4.007489289641295 20.64064813774519 8.477293000239571 12.285338743851977 2.6722257814512496 6.294529266872537 22.172754847171756 -0.08797186636186893 8.045117177118737 3.59270465250896 -5.8812075971025015 -3.73171830161281 -7.241496277575672 1.8122227521107703
12.565130260521041 11.489532517549463 2.6077037043501683 6.082774482388018 4.114850670884032 -0.9154863441750827 0.5021896206720378 15.029439094113933 21.688383192008853 35.57697849603803 17.65396572408342 20.16698223056306 9.449049210420249 13.825501777147743 1.0541903979282177 4.024223164653217 20.65738201275711 8.494026875251494 12.3020726188639 2.6889596564631724 6.31126314188446 22.18948872218368 -0.07123799134994613 8.06185105213066 3.609438527520883 -5.864473722090579 -3.7149844266008873 -7.22476240256375 1.8289566271226931
12.625250501002004 11.506232238445016 2.624403425245738 6.09947420328357 4.1315503917796015 -0.8987866232795305 0.5188893415676077 15.046138815009503 21.705082912904416 35.5936782169336 17.670665444978972 20.183681951458624 9.465748931315801 13.842201498043313 1.0708901188237876 4.040922885548787 20.67408173365267 8.510726596147064 12.31877233975947 2.7056593773587245 6.327962862780012 22.206188443079242 -0.05453827045439397 8.07855077302623 3.626138248416435 -5.847774001195009 -3.698284705705335 -7.208062681668197 1.8456563480182453
12.685370741482965 11.52288985172115 2.6410610385218725 6.1161318165597045 4.148208005055736 -0.8821290100033963 0.5355469548437419 15.062796428285637 21.721740526180547 35.61033583020973 17.687323058255107 20.200339564734758 9.482406544591935 13.858859111319447 1.0875477320999218 4.0575804988249216 20.690739346928808 8.52738420942318 12.335429953035604 2.7223169906348588 6.344620476056146 22.222846056355372 -0.037880657178259725 8.095208386302364 3.6427958616925693 -5.831116387918892 -3.681627092429201 -7.191405068392063 1.8623139612943795
12.745490981963927 11.53951343574942 2.6576846225501427 6.1327554005879925 4.164831589084006 -0.8655054259751083 0.5521705388720122 15.079420012313907 21.738364110208828 35.626959414238 17.703946642283377 20.21696314876304 9.499030128620223 13.875482695347717 1.104171316128192 4.074204082853192 20.707362930957075 8.544007793451469 12.352053537063874 2.738940574663129 6.361244060084417 22.239469640383653 -0.02125707314998948 8.111831970330634 3.6594194457208395 -5.814492803890604 -3.665003508400913 -7.174781484363793 1.8789375453226675
12.80561122244489 11.556100411959687 2.6742715987604093 6.149342376798241 4.181418565294273 -0.8489184497648594 0.5687575150822788 15.096006988524174 21.754951086419084 35.64354639044826 17.720533618493644 20.233550124973295 9.515617104830472 13.892069671557984 1.1207582923384587 4.090791059063458 20.723949907167334 8.560594769661718 12.368640513274123 2.7555275508733956 6.377831036294683 22.25605661659391 -0.0046700969397228675 8.128418946540883 3.676006421931106 -5.7979058276803555 -3.648416532190664 -7.158194508153526 1.8955245215329164
12.86573146292585 11.572650836978564 2.690822023779287 6.165892801817119 4.197968990313132 -0.8323680247459819 0.5853079401011563 15.112557413543051 21.77150151143796 35.660096815467135 17.73708404351252 20.250100549992172 9.53216752984935 13.908620096576861 1.1373087173573362 4.107341484082336 20.740500332186212 8.577145194680595 12.385190938293 2.772077975892273 6.394381461313561 22.272607041612787 0.011880328079154623 8.14496937155976 3.6925568469499837 -5.781355402661478 -3.6318661071717866 -7.141644083134649 1.9120749465517939
12.925851703406813 11.589164780304504 2.7073359671052266 6.182406745143059 4.21448293363909 -0.8158540814200421 0.6018218834270961 15.129071356868991 21.7880154547639 35.676610758793075 17.75359798683846 20.266614493318112 9.54868147317529 13.925134039902801 1.153822660683276 4.123855427408276 20.75701427551215 8.593659138006535 12.40170488161894 2.788591919218213 6.410895404639501 22.289120984938727 0.02839427140509443 8.1614833148857 3.7090707902759235 -5.764841459335538 -3.615352163845847 -7.125130139808709 1.9285888898777337
12.985971943887774 11.605642308095696 2.7238134948964188 6.198884272934269 4.230960461430282 -0.7993765536288322 0.6182994112182882 15.145548884660183 21.804492982555104 35.69308828658428 17.770075514629653 20.283092021109315 9.5651590009665 13.941611567693993 1.1703001884744682 4.140332955199468 20.77349180330335 8.610136665797745 12.41818240941015 2.805069447009423 6.427372932430693 22.30559851272993 0.04487179919630435 8.17796084267691 3.7255483180671156 -5.748363931544328 -3.598874636054637 -7.108652612017499 1.9450664176689436
13.046092184368737 11.622083483283703 2.7402546700844255 6.215325448122275 4.247401636618289 -0.7829353784408255 0.6347405864062949 15.16199005984819 21.82093415774311 35.709529461772284 17.78651668981766 20.29953319629731 9.581600176154488 13.958052742882 1.1867413636624748 4.156774130387475 20.789932978491358 8.626577840985751 12.434623584598157 2.8215106221974118 6.443814107618699 22.322039687917936 0.061312974384293284 8.194402017864917 3.7419894932551223 -5.7319227563563215 -3.58243346086663 -7.09221143682951 1.9615075928569325
13.1062124248497 11.638488372072775 2.7566595588734977 6.23173033691133 4.263806525407343 -0.7665304896517711 0.6511454751953671 15.178394948637262 21.837339046532172 35.725934350561346 17.802921578606732 20.315938085086376 9.59800506494356 13.974457631671054 1.203146252451547 4.173179019176529 20.806337867280423 8.642982729774806 12.451028473387211 2.837915510986484 6.460218996407772 22.338444576706998 0.07771786317336549 8.210806906653971 3.7583943820441945 -5.715517867567267 -3.5660285720775757 -7.075806548040438 1.9779124816460047
13.16633266533066 11.654857032232613 2.7730282190333355 6.248098997071168 4.280175185567199 -0.7501618294919332 0.667514135355205 15.1947636087971 21.853707706692013 35.742303010721194 17.81929023876657 20.33230674524622 9.614373725103398 13.99082629183091 1.219514912611385 4.189547679336385 20.822706527440268 8.659351389934644 12.467397133547067 2.854284171146322 6.4765876565676095 22.35481323686684 0.09408652333320333 8.227175566813827 3.7747630422040324 -5.699149207407429 -3.549659911917738 -7.0594378878806 1.9942811418058426
13.226452905811623 11.67118953207801 2.789360718878733 6.264431496916583 4.296507685412596 -0.7338293296465181 0.6838466352006023 15.211096108642497 21.870040206537418 35.75863551056659 17.835622738611967 20.34863924509162 9.630706224948813 14.007158791676307 1.2358474124567822 4.205880179181782 20.839039027285665 8.675683889780059 12.483729633392464 2.870616670991719 6.492920156413007 22.371145736712243 0.11041902317860064 8.243508066659224 3.7910955420494297 -5.682816707562014 -3.533327412072323 -7.043105388035203 2.0106136416512577
13.286573146292584 11.687485930521504 2.805657117322209 6.280727895360059 4.312804083856072 -0.7175329312030421 0.7001430336440784 15.227392507085973 21.886336604980894 35.77493190901007 17.85191913705546 20.3649356435351 9.64700262339229 14.023455190119783 1.2521438109002583 4.222176577625258 20.85533542572915 8.691980288223535 12.50002603183594 2.886913069435213 6.509216554856501 22.38744213515572 0.12671542162209448 8.2598044651027 3.8073919404929235 -5.666520309118538 -3.5170310136288467 -7.026808989591709 2.0269100400947337
13.346693386773547 11.703746287129633 2.8219174739303376 6.2969882519681875 4.329064440464201 -0.7012725745949133 0.7164033902522071 15.243652863694102 21.902596961589023 35.7911922656182 17.86817949366359 20.38119600014323 9.663262980000418 14.039715546727912 1.268404167508387 4.238436934233387 20.87159578233728 8.708240644831664 12.516286388444069 2.9031734260433417 6.525476911464629 22.40370249176385 0.14297577823022323 8.276064821710829 3.8236522971010523 -5.650259952510409 -3.500770657020718 -7.01054863298358 2.0431703967028625
13.40681362725451 11.719970662774486 2.8381418495752087 6.3132126276130585 4.345288816109072 -0.6850481989500601 0.7326277658970781 15.259877239338973 21.918821337233894 35.80741664126307 17.884403869308443 20.397420375788094 9.679487355645271 14.055939922372783 1.284628543153258 4.254661309878258 20.88782015798214 8.724465020476535 12.53251076408894 2.919397801688195 6.541701287109483 22.41992686740872 0.15920015387507647 8.2922891973557 3.8398766727459055 -5.634035576865538 -3.484546281375847 -6.994324257338727 2.0593947723477157
13.46693386773547 11.736159121159098 2.8543303079598203 6.32940108599767 4.361477274493684 -0.6688597405654306 0.7488162242816898 15.276065697723585 21.935009795618505 35.82360509964768 17.900592327693055 20.413608834172706 9.6956758140299 14.072128380757395 1.3008170015378697 4.270849768262869 20.904008616366752 8.740653478861146 12.548699222473552 2.9355862600728067 6.557889745494094 22.43611532579333 0.17538861225968816 8.308477655740312 3.856065131130517 -5.617847118480927 -3.4683578229912353 -6.978135798954115 2.075583230732345
13.527054108216433 11.752311716435386 2.8704829032360912 6.345553681273941 4.3776298697699545 -0.6527071452891597 0.7649688195579607 15.292218292999856 21.951162390894776 35.839757694923954 17.916744922969343 20.429761429448984 9.711828409306172 14.088280976033666 1.3169695968141406 4.28700236353914 20.920161211643034 8.756806074137417 12.564851817749823 2.9517388553490953 6.574042340770365 22.452267921069602 0.1915412075359768 8.324630251016583 3.872217726406806 -5.601694523204656 -3.4522052277149644 -6.961983203677827 2.091735826008616
13.587174348697394 11.768428511455848 2.886599698256571 6.361670476294403 4.393746664790417 -0.6365903502686976 0.7810856145784406 15.308335088020335 21.967279185915245 35.85587448994442 17.932861717989805 20.445878224469457 9.727945204326634 14.104397771054145 1.3330863918346205 4.30311915855962 20.936278006663496 8.77292286915788 12.580968612770285 2.9678556503695575 6.590159135790845 22.46838471609007 0.20765800255643896 8.340747046037045 3.888334521427268 -5.585577728184194 -3.4360884326945023 -6.9458664086573645 2.107852621029078
13.647294589178356 11.784509564753076 2.902680751553799 6.377751529591631 4.409827718087644 -0.6205092969714698 0.7971666678756684 15.324416141317563 21.983360239212473 35.87195554324165 17.948942771287033 20.461959277766677 9.744026257623862 14.120478824351355 1.3491674451318483 4.31920021185683 20.952359059960724 8.789003922455107 12.597049666067512 2.983936703666785 6.606240189088073 22.4844657693873 0.2237390558536667 8.356828099334273 3.9044155747244957 -5.569496674886966 -3.4200073793972745 -6.929785355360137 2.123933674326306
13.707414829659317 11.800554935490748 2.9187261222914707 6.3937969003293205 4.425873088825334 -0.6044639262337981 0.8132120386133401 15.340461512055235 21.999405609950156 35.888000913979326 17.964988142024705 20.478004648504356 9.760071628361533 14.136524195089045 1.36521281586952 4.33524558259452 20.968404430698406 8.805049293192797 12.613095036805202 2.999982074404457 6.622285559825745 22.50051114012498 0.23978442659133847 8.372873470071962 3.9204609454621675 -5.553451304149276 -3.403962008659585 -6.913739984622465 2.1399790450639777
13.76753507014028 11.816564682819308 2.934735869620031 6.409806647657863 4.441882836153894 -0.5884541789052378 0.8292217859419004 15.356471259383795 22.015415357278705 35.90401066130788 17.980997889353265 20.494014395832917 9.776081375690094 14.152533942417605 1.3812225631980803 4.35125532992308 20.984414178026967 8.82105904052134 12.629104784133744 3.0159918217330173 6.638295307154305 22.51652088745353 0.2557941739198988 8.388883217400522 3.936470692790728 -5.537441556820734 -3.3879522613310424 -6.897730237293905 2.155988792392538
13.827655310621243 11.832538867734783 2.950710054535506 6.425780832573338 4.457857021069369 -0.5724799939897629 0.8451959708573753 15.37244544429927 22.031389542194184 35.919984846223365 17.99697207426874 20.50998858074839 9.792055560605569 14.16850812733308 1.3971967481135552 4.367229514838555 21.000388362942438 8.837033225436832 12.645078969049237 3.031966006648492 6.65426949206978 22.53249507236901 0.27176835883537365 8.404857402315997 3.9524448777062027 -5.521467371905259 -3.3719780764155676 -6.88175605237843 2.171962977308013
13.887775551102203 11.84847754615113 2.966648732951853 6.441719510989703 4.473795699485716 -0.5565413155733978 0.8611346492737226 15.388384122715618 22.047328220610538 35.93592352463971 18.012910752685087 20.52592725916474 9.807994239021934 14.184446805749428 1.4131354265299025 4.383168193254902 21.016327041358785 8.85297190385318 12.661017647465584 3.0479046850648395 6.670208170486127 22.548433750785364 0.287707037251721 8.420796080732345 3.96838355612255 -5.505528693488894 -3.3560393979992025 -6.8658173739620825 2.187901655724378
13.947895791583166 11.864380780988508 2.982551967789231 6.457622745827063 4.489698934323094 -0.5406380807360378 0.8770378841111004 15.404287357552995 22.063231455447905 35.951826759477086 18.028813987522465 20.541830494002117 9.823897473859294 14.200350040586805 1.4290386613672803 4.39907142809228 21.032230276196167 8.868875138690557 12.676920882302962 3.0638079199022172 6.686111405323505 22.56433698562273 0.30361027208909874 8.436699315569722 3.9842867909599278 -5.489625458651516 -3.3401361631618425 -6.849914139124705 2.203804890561738
14.008016032064127 11.880248626525365 2.9984198133260698 6.47349059136392 4.505566779859933 -0.5247702351991812 0.8929057296479392 15.420155203089852 22.079099300984755 35.96769460501394 18.04468183305932 20.557698339538963 9.83976531939615 14.216217886123644 1.444906506904137 4.414939273629119 21.048098121733013 8.884742984227396 12.692788727839801 3.079675765439074 6.7019792508603615 22.58020483115958 0.31947811762595535 8.452567161106561 4.000154636496784 -5.473757613114677 -3.324268317624986 -6.834046293587848 2.2196727360985946
14.06813627254509 11.896081147292836 3.014252334093559 6.489323112131391 4.521399300627422 -0.5089377144317098 0.9087382504154284 15.435987723857323 22.094931821752233 35.98352712578141 18.060514353826793 20.573530860306445 9.855597840163622 14.232050406891133 1.4607390276716083 4.430771794396608 21.063930642500495 8.900575504994867 12.70862124860729 3.0955082862065453 6.717811771627833 22.59603735192706 0.3353106383934268 8.46839968187405 4.015987157264256 -5.457925092347206 -3.3084357968575144 -6.818213772820377 2.235505256866066
