web/models/kne/54/mosfit_kn_0.009764_0.4373_3.6500.dat
# %ECSV 1.0
# ---
# datatype:
# - {name: time, datatype: float64}
# - {name: PS1_g, datatype: float64}
# - {name: PS1_i, datatype: float64}
# - {name: PS1_r, datatype: float64}
# - {name: PS1_w, datatype: float64}
# - {name: PS1_y, datatype: float64}
# - {name: PS1_z, datatype: float64}
# - {name: swift_uvot_B, datatype: float64}
# - {name: swift_uvot_U, datatype: float64}
# - {name: swift_uvot_uvm2, datatype: float64}
# - {name: swift_uvot_uvw1, datatype: float64}
# - {name: swift_uvot_uvw2, datatype: float64}
# - {name: swift_uvot_V, datatype: float64}
# - {name: johnson_B, datatype: float64}
# - {name: johnson_I, datatype: float64}
# - {name: johnson_R, datatype: float64}
# - {name: johnson_U, datatype: float64}
# - {name: johnson_V, datatype: float64}
# - {name: sdss_g, datatype: float64}
# - {name: sdss_i, datatype: float64}
# - {name: sdss_r, datatype: float64}
# - {name: sdss_u, datatype: float64}
# - {name: sdss_z, datatype: float64}
# - {name: ATLAS_c, datatype: float64}
# - {name: ATLAS_o, datatype: float64}
# - {name: ukirt_H, datatype: float64}
# - {name: ukirt_J, datatype: float64}
# - {name: ukirt_K, datatype: float64}
# - {name: Clear, datatype: float64}
# meta: !!omap
# - comment: [kappa = 3.65, type = rprocess, mass = 0.009763877790252312, velocity = 0.4373333333333333, theta_obs = 0.0, tfloor = 1000.0]
# schema: astropy-2.0
time PS1_g PS1_i PS1_r PS1_w PS1_y PS1_z swift_uvot_B swift_uvot_U swift_uvot_uvm2 swift_uvot_uvw1 swift_uvot_uvw2 swift_uvot_V johnson_B johnson_I johnson_R johnson_U johnson_V sdss_g sdss_i sdss_r sdss_u sdss_z ATLAS_c ATLAS_o ukirt_H ukirt_J ukirt_K Clear
[from data line 351]
21.162324649298597 11.964258895691646 3.082430082492369 6.557500860530201 4.589577049026214 -0.4407599660328998 0.9769159988142384 15.504165472256133 22.163109570151043 36.05170487418022 18.128692102225603 20.641708608705247 9.923775588562432 14.300228155289926 1.5289167760704183 4.4989495427954 21.132108390899294 8.968753253393677 12.776798997006082 3.1636860346053552 6.785989520026643 22.66421510032587 0.40348838679223675 8.536577430272843 4.084164905663066 -5.389747343948396 -3.2402580484587045 -6.750036024421567 2.303683005264876
21.22244488977956 11.975767774015065 3.0939389608157875 6.5690097388536195 4.601085927349651 -0.4292510877094813 0.9884248771376569 15.515674350579552 22.17461844847446 36.06321375250364 18.14020098054902 20.653217487028673 9.93528446688585 14.311737033613362 1.5404256543938368 4.5104584211188365 21.143617269222723 8.980262131717096 12.788307875329519 3.1751949129287738 6.797498398350061 22.675723978649287 0.41499726511565527 8.548086308596279 4.095673783986484 -5.378238465624977 -3.228749170135286 -6.738527146098148 2.3151918835882945
21.28256513026052 11.987251695823353 3.105422882624076 6.580493660661908 4.612569849157939 -0.4177671659011928 0.9999087989459454 15.52715827238784 22.186102370282754 36.074697674311935 18.15168490235731 20.66470140883696 9.946768388694139 14.32322095542165 1.5519095762021253 4.521942342927125 21.155101191031008 8.991746053525384 12.799791797137807 3.1866788347370623 6.80898232015835 22.68720790045758 0.42648118692394377 8.559570230404567 4.107157705794773 -5.366754543816689 -3.2172652483269975 -6.72704322428986 2.326675805396583
21.34268537074148 11.998714498117167 3.1168856849178894 6.591956462955739 4.624032651451753 -0.40630436360736155 1.0113716012397589 15.538621074681654 22.197565172576574 36.08616047660575 18.163147704651124 20.676164211130786 9.95823119098797 14.334683757715464 1.5633723784959388 4.5334051452209385 21.16656399332482 9.003208855819215 12.81125459943162 3.1981416370308757 6.820445122452163 22.6986707027514 0.43794398921775723 8.57103303269838 4.118620508088586 -5.355291741522858 -3.205802446033166 -6.715580421996046 2.3381386076904143
21.402805611222444 12.010155950068437 3.12832713686916 6.603397914906992 4.635474103403006 -0.39486291165610865 1.0228130531910296 15.550062526632924 22.209006624527838 36.097601928557005 18.174589156602394 20.687605663082046 9.969672642939223 14.346125209666734 1.5748138304472095 4.544846597172209 21.178005445276085 9.014650307770468 12.822696051382874 3.2095830889821464 6.831886574403434 22.710112154702664 0.4493854411690279 8.582474484649634 4.130061960039857 -5.343850289571605 -3.1943609940819133 -6.7041389700447755 2.349580059641667
21.462925851703407 12.021575964152103 3.1397471509528074 6.614817928990657 4.646894117486671 -0.38344289757244354 1.034233067274677 15.561482540716572 22.220426638611492 36.10902194264067 18.18600917068606 20.699025677165704 9.981092657022888 14.357545223750382 1.5862338445308746 4.5562666112558565 21.18942545935975 9.026070321854133 12.834116065466539 3.2210031030658115 6.843306588487099 22.721532168786318 0.460805455252693 8.593894498733299 4.141481974123522 -5.33243027548794 -3.182940979998248 -6.69271895596111 2.3610000737253323
21.52304609218437 12.032974531367913 3.1511457181686353 6.626216496206467 4.658292684702499 -0.3720443303566334 1.0456316344905048 15.5728811079324 22.231825205827313 36.12042050985648 18.19740773790187 20.71042424438152 9.992491224238698 14.36894379096621 1.5976324117466847 4.567665178471684 21.200824026575567 9.037468889069944 12.845514632682367 3.2324016702816216 6.854705155702909 22.73293073600214 0.4722040224685031 8.605293065949127 4.152880541339332 -5.3210317082721295 -3.171542412782438 -6.6813203887453 2.3723986409411424
21.58316633266533 12.044351672355535 3.1625228591562404 6.63759363719409 4.669669825690104 -0.36066718936901054 1.05700877547811 15.584258248920005 22.243202346814925 36.1317976508441 18.208784878889475 20.721801385369137 10.003868365226321 14.380320931953815 1.6090095527342898 4.5790423194592895 21.212201167563173 9.048846030057566 12.856891773669972 3.2437788112692445 6.866082296690514 22.74430787698975 0.483581163456126 8.616670206936732 4.164257682326937 -5.309654567284507 -3.160165271794815 -6.669943247757677 2.3837757819287653
21.64328657314629 12.05570742419157 3.1738786109922934 6.648949389030143 4.681025577526157 -0.34931143753295757 1.0683645273141629 15.595614000756058 22.25455809865098 36.14315340268015 18.220140630725528 20.733157137205186 10.015224117062374 14.391676683789868 1.6203653045703428 4.5903980712953425 21.22355691939923 9.06020178189362 12.868247525506025 3.2551345631052797 6.877438048526567 22.755663628825804 0.494936915292179 8.628025958772785 4.17561343416299 -5.298298815448454 -3.1488095199587622 -6.6585874959216245 2.3951315337648182
21.703406813627254 12.067041832538141 3.185213019338846 6.660283797376696 4.692359985872709 -0.3379770291864048 1.0796989356607156 15.60694840910261 22.26589250699753 36.15448781102671 18.231475039072098 20.744491545551742 10.026558525408927 14.40301109213642 1.6316997129168955 4.601732479641895 21.23489132774579 9.071536190240172 12.879581933852577 3.2664689714518502 6.888772456873138 22.766998037172357 0.5062713236387317 8.639360367119338 4.186947842509561 -5.286964407101901 -3.1374751116122095 -6.647253087575072 2.406465942111371
21.763527054108216 12.07835494662648 3.196526133427202 6.671596911465034 4.703673099961065 -0.3266639150980666 1.0910120497490716 15.618261523190966 22.277205621085876 36.16580092511506 18.242788153160436 20.755804659640088 10.037871639497265 14.414324206224777 1.6430128270052515 4.613045593730251 21.246204441834138 9.08284930432851 12.890895047940933 3.2777820855401885 6.900085570961476 22.778311151260702 0.51758443772707 8.650673481207694 4.198260956597899 -5.275651293013563 -3.1261619975238712 -6.6359399734867335 2.4177790561997092
21.82364729458918 12.089646818330095 3.207818005130818 6.682888783168668 4.714964971664681 -0.3153720433944329 1.1023039214526875 15.629553394894582 22.288497492789503 36.17709279681868 18.254080024864052 20.767096531343704 10.04916351120088 14.425616077928392 1.6543046987088674 4.624337465433867 21.25749631353775 9.094141176032144 12.90218691964455 3.2890739572438044 6.911377442665092 22.78960302296433 0.5288763094306859 8.66196535291131 4.209552828301515 -5.264359421309929 -3.1148701258202376 -6.624648101783118 2.429070927903325
21.883767535070138 12.100917506630502 3.2190886934312246 6.694159471469074 4.726235659965088 -0.3041013550940441 1.113574609753094 15.640824083194989 22.299768181089902 36.18836348511908 18.26535071316446 20.77836721964411 10.060434199501287 14.436886766228799 1.665575387009274 4.635608153734274 21.268767001838157 9.10541186433255 12.913457607944956 3.300344645544211 6.922648130965499 22.800873711264728 0.5401469977310924 8.673236041211716 4.2208235166019215 -5.253088733009522 -3.103599437519849 -6.613377413482711 2.4403416162037317
21.9438877755511 12.112167061966392 3.230338248767115 6.705409026804965 4.737485215300978 -0.2928517997581537 1.1248241650889845 15.65207363853088 22.3110177364258 36.19961304045497 18.27660026850035 20.78961677498 10.071683754837178 14.44813632156469 1.6768249423451644 4.646857709070164 21.28001655717405 9.116661419668441 12.924707163280846 3.3115942008801014 6.933897686301389 22.812123266600626 0.5513965530669829 8.684485596547606 4.232073071937812 -5.241839177673632 -3.0923498821839406 -6.602127858146821 2.451591171539622
22.004008016032063 12.123395540288193 3.241566727088916 6.716637505126748 4.748713693622761 -0.2816233214363528 1.1360526434107854 15.66330211685268 22.322246214747594 36.21084151877677 18.28782874682215 20.8008452533018 10.082912233158979 14.45936479988649 1.6880534206669653 4.658086187391965 21.29124503549584 9.127889897990224 12.93593564160263 3.322822679201902 6.94512616462319 22.82335174492242 0.5626250313887837 8.69571407486939 4.243301550259613 -5.230610699351849 -3.081121403862158 -6.59089937982502 2.462819649861423
22.064128256513026 12.134602999101318 3.252774185902041 6.727844963939891 4.759921152435904 -0.27041586262321005 1.1472601022239104 15.674509575665805 22.333453673560726 36.2220489775899 18.299036205635275 20.812052712114937 10.094119691972121 14.470572258699615 1.6992608794800903 4.66929364620509 21.302452494308973 9.139097356803367 12.947143100415772 3.3340301380150272 6.956333623436315 22.83455920373555 0.5738324902019265 8.706921533682532 4.254509009072738 -5.219403240538706 -3.069913945049015 -6.579691921011877 2.4740271086745658
22.12424849699399 12.145789488475405 3.2639606752761274 6.739031453313977 4.771107641809991 -0.25922937324912354 1.158446591597997 15.685696065039892 22.344640162934812 36.23323546696398 18.31022269500936 20.823239201489013 10.10530618134619 14.481758748073702 1.7104473688541768 4.6804801355791765 21.313638983683063 9.150283846177453 12.958329589789859 3.3452166273891137 6.967520112810401 22.845745693109638 0.5850189795759952 8.718108023056619 4.265695498446824 -5.20821675116462 -3.0587274556749287 -6.568505431637808 2.4852135980486345
22.184368737474948 12.156955063687995 3.275126250488718 6.75019702852655 4.782273217022581 -0.24806379803655076 1.1696121668105874 15.696861640252482 22.355805738147396 36.24440104217657 18.321388270221952 20.834404776701604 10.11647175655878 14.492924323286292 1.7216129440667673 4.691645710791767 21.32480455889565 9.161449421390026 12.96949516500245 3.3563822026017043 6.978685688022992 22.85691126832222 0.5961845547885858 8.72927359826921 4.276861073659415 -5.197051175952047 -3.047561880462356 -6.557339856425218 2.496379173261225
22.24448897795591 12.168099777587322 3.286270964388045 6.761341742425895 4.793417930921908 -0.23691908413720597 1.1807568807099145 15.70800635415181 22.36695045204673 36.255545756075904 18.33253298412128 20.84554949060093 10.127616470458126 14.50406903718562 1.7327576579660944 4.702790424691094 21.335949272794977 9.172594135289371 12.980639878901776 3.3675269165010313 6.989830401922319 22.868055982221556 0.6073292686879128 8.740418312168536 4.288005787558742 -5.185906462052702 -3.036417166563011 -6.546195142525891 2.507523887160552
22.304609218436873 12.179223687645493 3.2973948744462156 6.772465652484048 4.804541840980061 -0.22579517407905314 1.191880790768085 15.71913026420998 22.37807436210489 36.266669666134064 18.34365689417945 20.856673400659094 10.138740380516278 14.515192947243772 1.743881568024265 4.713914334749247 21.34707318285314 9.183718045347524 12.99176378895993 3.378650826559202 7.00095431198049 22.879179892279716 0.6184531787460834 8.75154222222669 4.299129697616912 -5.174782551994549 -3.0252932565048583 -6.53507123246772 2.5186477972187227
22.364729458917836 12.190326847295179 3.3084980340959014 6.783568812133751 4.815645000629765 -0.21469201442936736 1.2029839504177708 15.730233423859666 22.389177521754576 36.27777282578376 18.354760053829136 20.867776560308787 10.149843540165964 14.526296106893476 1.7549847276739508 4.7250174943989505 21.358176342502837 9.194821204997227 13.002866948609633 3.3897539862088877 7.012057471630175 22.8902830519294 0.6295563383957692 8.762645381876393 4.310232857266598 -5.163679392344846 -3.0141900968551547 -6.523968072818034 2.5297509568684085
22.4248496993988 12.201409312832237 3.3195804996329414 6.794651277670791 4.826727466166805 -0.20360954889230953 1.214066415954811 15.741315889396706 22.400259987291626 36.2888552913208 18.365842519366176 20.878859025845838 10.160926005703022 14.537378572430516 1.7660671932109908 4.7360999599359905 21.369258808039884 9.205903670534267 13.013949414146673 3.4008364517459455 7.023139937167215 22.901365517466452 0.640638803932827 8.773727847413433 4.321315322803656 -5.152596926807806 -3.0031076313181146 -6.512885607280976 2.5408334224054663
22.484969939879758 12.212471138391567 3.33064232519229 6.805713103230122 4.837789291726136 -0.19254772333297865 1.2251282415141596 15.752377714956054 22.411321812850964 36.29991711688014 18.376904344925524 20.889920851405176 10.171987831262353 14.548440397989864 1.7771290187703395 4.747161785495339 21.380320633599215 9.216965496093598 13.025011239706004 3.4118982773052764 7.034201762726564 22.91242734302579 0.6517006294921579 8.784789672972764 4.332377148362987 -5.141535101248475 -2.9920458057587838 -6.5018237817216455 2.551895247964797
22.54509018036072 12.223512377825863 3.3416835646265852 6.816754342664435 4.8488305311604485 -0.1815064838986835 1.2361694809484547 15.76341895439035 22.42236305228527 36.310958356314444 18.38794558435982 20.90096209083947 10.183029070696648 14.55948163742416 1.7881702582046346 4.758203024929634 21.391361873033517 9.228006735527911 13.036052479140317 3.4229395167395715 7.045243002160859 22.923468582460096 0.662741868926453 8.795830912407077 4.343418387797282 -5.130493861814162 -2.981004566324471 -6.49078254228735 2.5629364873990923
22.605210420841683 12.234533083959533 3.352704270760256 6.827775048798088 4.859851237294102 -0.1704857777650126 1.2471901870821256 15.77443966052402 22.433383758418934 36.3219790624481 18.39896629049349 20.91198279697313 10.194049776830319 14.570502343557813 1.7991909643383055 4.7692237310632875 21.40238257916718 9.239027441661564 13.04707318527397 3.4339602228732424 7.05626370829453 22.93448928859376 0.6737625750601239 8.80685161854073 4.354439093930953 -5.119473155680509 -2.9699838601908177 -6.4797618361536795 2.573957193532763
22.665330661322646 12.245533311266055 3.3637044980667774 6.8387752761046094 4.870851464600641 -0.15948555045849133 1.2581904143886469 15.785439887830542 22.44438398572545 36.33297928975463 18.40996651780001 20.922983024279663 10.20505000413684 14.581502570864352 1.8101911916448268 4.7802239583698265 21.413382806473713 9.250027668968086 13.058073412580509 3.4449604501797637 7.067263935601051 22.945489515900277 0.6847628023666452 8.817851845847269 4.365439321237474 -5.108472928373987 -2.9589836328842964 -6.468761608847158 2.5849574208392845
22.725450901803605 12.256513116407799 3.3746843032085216 6.849755081246354 4.881831269742385 -0.1485057453167471 1.269170219530391 15.796419692972286 22.455363790867196 36.34395909489637 18.420946322941756 20.933962829421407 10.216029809278584 14.592482376006096 1.821170996786571 4.791203763511571 21.424362611615457 9.26100747410983 13.069053217722253 3.455940255321508 7.078243740742796 22.95646932104202 0.6957426075083895 8.828831650989013 4.3764191263792185 -5.097493123232243 -2.948003827742552 -6.457781803705414 2.5959372259810287
22.785571142284567 12.267472552643017 3.385643739443722 6.860714517481572 4.8927907059775855 -0.13754630908152876 1.2801296557655917 15.807379129207487 22.466323227102407 36.35491853113159 18.431905759176974 20.94492226565662 10.226989245513803 14.603441812241297 1.8321304330217716 4.802163199746771 21.435322047850665 9.271966910345048 13.080012653957453 3.4668996915567263 7.089203176978014 22.967428757277233 0.7067020437436078 8.839791087224214 4.387378562614437 -5.086533686997025 -2.937044391507334 -6.446822367470196 2.606896662216247
22.84569138276553 12.278411676447263 3.3965828632479678 6.871653641285818 4.903729829781831 -0.1266071852772832 1.2910687795698372 15.818318253011732 22.477262350906653 36.36585765493583 18.44284488298122 20.95586138946086 10.237928369318048 14.614380936045542 1.843069556826035 4.813102323551017 21.44626117165491 9.282906034149294 13.090951777761699 3.477838815360972 7.1001423007822595 22.97836788108148 0.7176411675478533 8.85073021102846 4.398317686418682 -5.075594563192779 -2.9261052677030883 -6.43588324366595 2.6178357860204926
