web/models/kne/54/mosfit_kn_0.117276_0.4843_3.6500.dat
# %ECSV 1.0
# ---
# datatype:
# - {name: time, datatype: float64}
# - {name: PS1_g, datatype: float64}
# - {name: PS1_i, datatype: float64}
# - {name: PS1_r, datatype: float64}
# - {name: PS1_w, datatype: float64}
# - {name: PS1_y, datatype: float64}
# - {name: PS1_z, datatype: float64}
# - {name: swift_uvot_B, datatype: float64}
# - {name: swift_uvot_U, datatype: float64}
# - {name: swift_uvot_uvm2, datatype: float64}
# - {name: swift_uvot_uvw1, datatype: float64}
# - {name: swift_uvot_uvw2, datatype: float64}
# - {name: swift_uvot_V, datatype: float64}
# - {name: johnson_B, datatype: float64}
# - {name: johnson_I, datatype: float64}
# - {name: johnson_R, datatype: float64}
# - {name: johnson_U, datatype: float64}
# - {name: johnson_V, datatype: float64}
# - {name: sdss_g, datatype: float64}
# - {name: sdss_i, datatype: float64}
# - {name: sdss_r, datatype: float64}
# - {name: sdss_u, datatype: float64}
# - {name: sdss_z, datatype: float64}
# - {name: ATLAS_c, datatype: float64}
# - {name: ATLAS_o, datatype: float64}
# - {name: ukirt_H, datatype: float64}
# - {name: ukirt_J, datatype: float64}
# - {name: ukirt_K, datatype: float64}
# - {name: Clear, datatype: float64}
# meta: !!omap
# - comment: [kappa = 3.65, type = rprocess, mass = 0.11727632184323686, velocity = 0.48433333333333334, theta_obs = 0.0, tfloor = 1000.0]
# schema: astropy-2.0
time PS1_g PS1_i PS1_r PS1_w PS1_y PS1_z swift_uvot_B swift_uvot_U swift_uvot_uvm2 swift_uvot_uvw1 swift_uvot_uvw2 swift_uvot_V johnson_B johnson_I johnson_R johnson_U johnson_V sdss_g sdss_i sdss_r sdss_u sdss_z ATLAS_c ATLAS_o ukirt_H ukirt_J ukirt_K Clear
0.06012024048096192 -12.404536937780328 -12.278019067673416 -12.385191369781854 -12.377036641460233 -12.028129868336048 -12.142922771368063 -12.250666349803733 -13.162790867684233 -12.734051490761779 -12.921228548857755 -12.342996258448785 -12.421099591076292 -12.266985734267578 -12.659358859465712 -12.574878986131985 -12.962565510720847 -12.43382182848215 -12.398939473147514 -12.290309112979205 -12.387594463888583 -12.192478937839688 -12.117708066723303 -12.40911822394482 -12.35771645827036 -11.266857886334714 -11.715805121117365 -10.813557253498123 -12.326395045611225
0.12024048096192384 -12.933439963366027 -13.104697097226783 -13.099765077513332 -13.049248482091116 -12.960313078899972 -13.034914982157382 -12.686123913383273 -13.346931894614684 -12.253307563989434 -12.705025165646173 -11.753170989087124 -13.048615893129256 -12.709559384080954 -13.51596486219502 -13.316619834632395 -13.194826256187515 -13.06735418098487 -12.901708953281918 -13.114145406414615 -13.101682499982275 -12.41151461430336 -13.019762225916853 -13.005961981561853 -13.11780509761416 -12.338576770462309 -12.72394312957079 -11.927862579679578 -13.026153587340552
0.18036072144288576 -13.193547330942899 -13.564202724740895 -13.483432696147748 -13.412339169975596 -13.491787989286248 -13.53889771930703 -12.882742820326307 -13.378035847301604 -11.859234740795891 -12.497462381254625 -11.328380284540373 -13.37277720327598 -12.911776893286845 -13.995975805549882 -13.719357761332304 -13.256884716240577 -13.396197305521758 -13.144343057090833 -13.571708762810388 -13.484756437628551 -12.464258247504727 -13.530765674128844 -13.31383530150104 -13.533495491971781 -12.965351005330364 -13.307439387118352 -12.583461489037722 -13.41104194267782
0.24048096192384769 -13.328620377336193 -13.860332280597376 -13.7178534958006 -13.634607942487698 -13.846911448516597 -13.871426557926156 -12.96601785514363 -13.32898747370777 -11.476142714216241 -12.271400182298056 -10.946734307908862 -13.558434383642954 -13.000086511223582 -14.308960001717168 -13.969730921549683 -13.23218311259484 -13.58603432097192 -13.265317177717755 -13.866245497061698 -13.718534144077204 -12.431765109427726 -13.869149667697815 -13.488836196353304 -13.794722530192498 -13.398864568923566 -13.705409749501756 -13.040583907218133 -13.65282857479281
0.3006012024048096 -13.400135674476719 -14.069515613408594 -13.873980672400972 -13.7834386885058 -14.107149653556856 -14.112063410988753 -12.992885781100291 -13.24354153898497 -11.110773051664559 -12.045543133446088 -10.602149130747382 -13.672388752586155 -13.03163531549924 -14.532760774724213 -14.139899399081905 -13.167133949300968 -13.70385170594023 -13.324787114000873 -14.074050437994554 -13.873992961367634 -12.359862821752827 -14.11492898015057 -13.59544463523866 -13.974443421607532 -13.72722226829328 -14.002907616381924 -13.389408520932003 -13.81966120142863
0.3607214428857715 -13.43443927450327 -14.225343132741699 -13.982749441917122 -13.888076841918373 -14.308525471325293 -14.29591298331065 -12.98748688003058 -13.139496459865843 -10.76338484998914 -11.825946930352327 -10.288709502492214 -13.743557397802501 -13.030667305741183 -14.701652439968484 -14.261383600654167 -13.080806604642127 -13.778657766571028 -13.34845921106453 -14.228648591951476 -13.982079342319267 -12.267335137318227 -14.3034266816408 -13.66146946020324 -14.104566734816704 -13.989629848517938 -14.23767930206848 -13.670129451987679 -13.941173516467007
0.42084168336673344 -13.44487894347452 -14.345360415826054 -14.060163498172873 -13.96357895473436 -14.469994578180643 -14.44139925089349 -12.961887846327677 -13.02527429616724 -10.432443868854676 -11.614425108692572 -10.001344465401111 -13.786769580746078 -13.009311194187422 -14.83357765943228 -14.350527884781858 -12.982349048981458 -13.825336295531583 -13.349311037665377 -14.347547534427942 -14.058802865967515 -12.163163170818532 -14.453193370195834 -13.701112668955275 -14.201663891017127 -14.206877710725577 -14.429675793676944 -13.904103718939778 -14.032661290705502
0.48096192384769537 -13.439025169203855 -14.439825470587824 -14.115491173384527 -14.01862768666481 -14.602719474385442 -14.559343896067194 -12.922837654784953 -12.905309171174899 -10.116121790335807 -11.411277762201575 -9.73597796493943 -13.810538630238504 -12.974356905654098 -14.93904947055172 -14.416819861524594 -12.87665392583029 -13.85243666274956 -13.334676475237739 -14.440980853922554 -14.113435192441077 -12.052132002168818 -14.575132014694443 -13.722495844537672 -14.275369344712274 -14.39129996896966 -14.59069619676004 -14.10402553798871 -14.102969457650403
0.5410821643286573 -13.421663928224952 -14.51531694792294 -14.154650255263661 -14.058752846185065 -14.713881515154643 -14.656701466481792 -12.874574926984323 -12.782304560034543 -9.812990773703309 -11.216463256910512 -9.489616271708247 -13.820278466742224 -12.930069850431853 -15.024816528886877 -14.466322973510383 -12.76672817473288 -13.865396558133492 -13.309183947126257 -14.515510905052569 -14.151896449390726 -11.93717706645085 -14.676251096447928 -13.730771866999643 -14.331844511945206 -14.550854619360985 -14.728344373120697 -14.278090759485929 -14.157737388217608
0.6012024048096192 -13.395296695434276 -14.575836878694446 -14.181083332565603 -14.087131585435362 -14.807999180774694 -14.737795227482131 -12.819136487186348 -12.657030943917693 -9.520482539415433 -11.028648569190587 -9.258707537850878 -13.819000691449006 -12.878516022438141 -15.095027159665612 -14.502609024875028 -12.653587637491992 -13.86725275856145 -13.275203317325612 -14.575125748962101 -14.177629016155873 -11.81925090311477 -14.760921510948606 -13.728766989431662 -14.37474840985141 -14.69072980351649 -14.847503862503915 -14.431691249702359 -14.200259318846484
0.6613226452905812 -13.362135785952116 -14.62453239903672 -14.197591333202535 -14.106373320163677 -14.888535461429413 -14.805969393261247 -12.758448929707413 -12.530623994085559 -9.237627799655538 -10.84756419015001 -9.041445878711375 -13.809241966281906 -12.821636563090578 -15.152917721168386 -14.528555532784814 -12.538523235948482 -13.86055490354005 -13.234865023603888 -14.622963964227882 -14.193434810490881 -11.69960687035978 -14.832515770275485 -13.71888681834113 -14.407010421276603 -14.814793108872056 -14.951858259122373 -14.568817677820894 -14.233206570058083
0.721442885771543 -13.323632762307582 -14.663613624486018 -14.206101898136101 -14.118263918537224 -14.957959550000233 -14.863595559712124 -12.693730677324268 -12.40366543595636 -8.963329931049046 -10.672687835582 -8.836111933353127 -13.792713433437218 -12.76066312672054 -15.200771647320536 -14.546153852980066 -12.422240547131189 -13.847025814399883 -13.189554295012531 -14.66122864466568 -14.201241804400802 -11.578919342716993 -14.893428971511202 -13.702743582868493 -14.430665157788471 -14.925846159131716 -15.044058228069426 -14.692372410897965 -14.258421104909278
0.781563126252505 -13.280748640327129 -14.694670234532197 -14.207969332819683 -14.124051878074813 -15.018078280529803 -14.912398582502568 -12.625748305030797 -12.276397815893105 -8.69646318963737 -10.503379440384322 -8.641118644842493 -13.770588157466587 -12.696374601234325 -15.240240190587688 -14.556812566090926 -12.305083100851697 -13.827849296556296 -13.140177235435218 -14.691503584247645 -14.20240414615769 -11.457505319133201 -14.945405950083348 -13.681434903082454 -14.447158060390404 -15.025975273541171 -15.126063313842621 -14.80452621790153 -14.27720292949628
0.8416833667334669 -13.234270593153212 -14.718967447888396 -14.20427994490348 -14.124740879460003 -15.070321498084986 -14.953746250249846 -12.55514167210703 -12.149063451870692 -8.436231325365146 -10.339192537715576 -8.455276167579097 -13.74381503894747 -12.629419764328706 -15.272635224168216 -14.561658794058367 -12.18736999406736 -13.803982118373737 -13.087479324855682 -14.715049536570302 -14.198008149521897 -11.335663960881561 -14.989829528722396 -13.655850785360784 -14.457644035370532 -15.116821174490035 -15.199418660139923 -14.906983424670058 -14.290594024034036
0.9018036072144289 -13.184754623676262 -14.737465624321775 -14.195842124289939 -14.121075317277736 -15.115790071678035 -14.988686373380968 -12.482341555378984 -12.021758567934349 -8.181862960147889 -10.179654344974356 -8.277505091714733 -13.71308532095971 -12.560237642672124 -15.298956987802967 -14.561536223942408 -12.069261597275453 -13.776122734118823 -13.031981329684719 -14.732823051071158 -14.18886198630938 -11.213538430229502 -15.027760498656022 -13.626635969704513 -14.46299077466442 -15.199665199108697 -15.265323872804313 -15.001079689710187 -14.299373719294337
0.9619238476953907 -13.132635958533072 -14.750931985901321 -14.183298093451011 -14.113646521714767 -15.155366942915549 -15.01805818448311 -12.407680283757216 -11.894541691904728 -7.932708862888183 -10.024354422476431 -8.106898393733143 -13.678944803053447 -12.48916749798678 -15.320005564482095 -14.55711624419693 -11.95086881214569 -13.74482300462432 -12.974089575298144 -14.745588211387517 -14.175607647138353 -11.091225432521998 -15.060048811907478 -13.594298920462755 -14.463889493362121 -15.27553882896743 -15.324743207991407 -15.087891133709109 -14.30416276766369
1.0220440881763526 -13.078315555691269 -14.760024885446796 -14.167209508879495 -14.102973436790247 -15.189799494483971 -15.042575531793627 -12.331479646672989 -11.767522561997996 -7.688328201325095 -9.873016654861893 -7.942771653794875 -13.641880966956254 -12.416535948170274 -15.336464550773947 -14.548982557859695 -11.832342215087277 -13.710574726467149 -12.914182655739168 -14.754000953525725 -14.15880676747161 -10.968864821817679 -15.08741643646026 -13.559296071011584 -14.46093893538027 -15.34530281954488 -15.378486157106028 -15.16831251532359 -14.305501585328848
1.0821643286573146 -13.022040720475214 -14.76523467442382 -14.147974724419239 -14.089421548228511 -15.219663754213517 -15.062782013821767 -12.253911192228799 -11.640673601428517 -7.44818364210593 -9.72527431523078 -7.784409607678015 -13.602220892156904 -12.342520158286682 -15.348848673829096 -14.537555472183705 -11.713691986324097 -13.673709849652782 -12.852486747328644 -14.758549306307973 -14.138857363203012 -10.846456132009 -15.110415021116967 -13.5219296171263 -14.454574275655094 -15.40964348378441 -15.427189177024676 -15.243063202546965 -14.303779113620383
1.1422845691382766 -12.963995005261015 -14.766957202381654 -14.125908990477463 -14.07327983048523 -15.245430935448088 -15.079120271457871 -12.17509200643602 -11.513938452488848 -7.211777552251529 -9.58077952812264 -7.631169708417293 -13.560217164395063 -12.267242478443524 -15.35757525455245 -14.523169801623219 -11.594894468231438 -13.634485488823971 -12.789166950771733 -14.7596270773046 -14.116074285016804 -10.723966240928018 -15.129494365335585 -13.482431842879361 -14.445143513295928 -15.469129346767186 -15.471376816429956 -15.312740869093327 -14.299305871332368
1.2024048096192383 -12.904405005950625 -14.76557489583497 -14.101335957851102 -14.05484757298817 -15.26753771788588 -15.092006543051006 -12.095200750554842 -11.387368365862773 -6.978832771121016 -9.439338735583096 -7.482611269765233 -13.516148322424073 -12.190884635450686 -15.363042118823806 -14.506162725183362 -11.476025362632793 -13.593182935396475 -12.724436363338967 -14.757615220461222 -14.090781125316258 -10.601464312877233 -15.145075681817897 -13.44106319555463 -14.432993006141626 -15.524265973384491 -15.511523554156206 -15.377871650569082 -14.292394856259083
1.2625250501002003 -12.843354150407578 -14.761342039896057 -14.07444462709627 -14.034297105692168 -15.28630000720355 -15.101733279616365 -12.01426677534797 -11.260853799413297 -6.748891285414536 -9.300618507141039 -7.3381842840695235 -13.470152171297524 -12.113480905062119 -15.365521163145399 -14.486739730777575 -11.357000967117472 -13.549944161094183 -12.65836356052402 -14.752766353702285 -14.063166364172464 -10.478858707999112 -15.157457424868284 -13.397947824132324 -14.418339222843954 -15.575449495128769 -15.547989280559946 -15.43887569784834 -14.283237671839117
1.3226452905811623 -12.781027328258237 -14.75455234458833 -14.04548772412058 -14.011862828172408 -15.302049144832193 -15.108617686798862 -11.932441804815863 -11.134457767475041 -6.521786853751251 -9.164493671303369 -7.1975811760698996 -13.422450179221752 -12.035184929212392 -15.36531676472243 -14.465162774102495 -11.237901452882568 -13.504992413119881 -12.591124036050818 -14.745373165152156 -14.033482753175939 -10.356225160920314 -15.166960198512065 -13.353293656589784 -14.401450363070776 -15.623058541547486 -15.581131324421058 -15.496145708521015 -14.272077786229929
1.3827655310621243 -12.717430712117839 -14.745358912559325 -14.014561802703014 -13.987631718297138 -15.314992238165601 -15.11284620880227 -11.849684814109544 -11.008020265771421 -6.297066157063099 -9.030627675639664 -7.060303030895966 -13.373094029424585 -11.955960715054793 -15.362597524258394 -14.441543435443897 -11.118588574445553 -13.458383549624456 -12.522711172774539 -14.735587299364834 -14.001826174443934 -10.233418230336628 -15.173775881998441 -13.307143578892742 -14.382447849357742 -15.6673713793163 -15.61119580161229 -15.549981278174306 -14.259020795963249
1.442885771543086 -12.652728913822298 -14.734000591425538 -13.981877891032415 -13.961800157791817 -15.325393374713219 -15.114673511976875 -11.766138209235628 -10.881623306915102 -6.074653758710869 -8.898953605123232 -6.926145709445727 -13.322273808781066 -11.87595164127384 -15.357609420750642 -14.416098702442898 -10.999156226585704 -13.410308644079654 -12.453283204277703 -14.7236469178908 -13.968407774815983 -10.110528969985886 -15.178161344104737 -13.259677039556284 -14.36155268471003 -15.708683188036701 -15.638463925785917 -15.600686783740139 -14.244268414785264
1.503006012024048 -12.586873099026477 -14.720559467311318 -13.947467348675104 -13.93439520726341 -15.333383649264363 -15.114211839825966 -11.681710443635176 -10.755069591054678 -5.854096439437433 -8.769133487030913 -6.794648229713175 -13.269980115147277 -11.795071410357409 -15.350448665607896 -14.388874132263105 -10.879426111188454 -13.360762576530972 -12.382779876901715 -14.709632786724782 -13.933258105858517 -9.987372320376018 -15.180233925873079 -13.21087948682841 -14.338819547171209 -15.747190465601935 -15.66310262991113 -15.64847837006887 -14.227866109533895
1.56312625250501 -12.520061300688798 -14.705267388008476 -13.911549926289375 -13.905622175706664 -15.339204804877813 -15.111699447785831 -11.596590785719282 -10.628520792016758 -5.635477395802549 -8.64120804448092 -6.6657465895993475 -13.216424547474041 -11.713508472505655 -15.341349805567994 -14.360090890225951 -10.759566009274952 -13.309956504913918 -12.311396394600322 -14.69377648106116 -13.896597339737689 -9.864115412386312 -15.180232454060807 -13.160952704238564 -14.314470649392579 -15.783145195016917 -15.685359388431799 -15.693610913911884 -14.210018415598089
1.6232464929859718 -12.452225165997373 -14.688168825805477 -13.874126205117374 -13.875480180202704 -15.34294401736318 -15.10720703220013 -11.510673726947982 -10.50178038770147 -5.418382721321023 -8.514866792849496 -6.539036070994623 -13.16157213044325 -11.631162286334277 -15.330369657352378 -14.329762263536 -10.639395579286461 -13.257859472611154 -12.239054552193824 -14.676121324975249 -13.858425244601236 -9.740571884821172 -15.178232162053042 -13.10985872250459 -14.288527305858612 -15.81669197127281 -15.705352835230606 -15.736246284836602 -14.190741288638975
