web/models/kne/54/mosfit_kn_0.095333_0.2963_10.0000.dat
# %ECSV 1.0
# ---
# datatype:
# - {name: time, datatype: float64}
# - {name: PS1_g, datatype: float64}
# - {name: PS1_i, datatype: float64}
# - {name: PS1_r, datatype: float64}
# - {name: PS1_w, datatype: float64}
# - {name: PS1_y, datatype: float64}
# - {name: PS1_z, datatype: float64}
# - {name: swift_uvot_B, datatype: float64}
# - {name: swift_uvot_U, datatype: float64}
# - {name: swift_uvot_uvm2, datatype: float64}
# - {name: swift_uvot_uvw1, datatype: float64}
# - {name: swift_uvot_uvw2, datatype: float64}
# - {name: swift_uvot_V, datatype: float64}
# - {name: johnson_B, datatype: float64}
# - {name: johnson_I, datatype: float64}
# - {name: johnson_R, datatype: float64}
# - {name: johnson_U, datatype: float64}
# - {name: johnson_V, datatype: float64}
# - {name: sdss_g, datatype: float64}
# - {name: sdss_i, datatype: float64}
# - {name: sdss_r, datatype: float64}
# - {name: sdss_u, datatype: float64}
# - {name: sdss_z, datatype: float64}
# - {name: ATLAS_c, datatype: float64}
# - {name: ATLAS_o, datatype: float64}
# - {name: ukirt_H, datatype: float64}
# - {name: ukirt_J, datatype: float64}
# - {name: ukirt_K, datatype: float64}
# - {name: Clear, datatype: float64}
# meta: !!omap
# - comment: [kappa = 10.0, type = rprocess, mass = 0.09533330950298248, velocity = 0.29633333333333334, theta_obs = 0.0, tfloor = 1000.0]
# schema: astropy-2.0
time PS1_g PS1_i PS1_r PS1_w PS1_y PS1_z swift_uvot_B swift_uvot_U swift_uvot_uvm2 swift_uvot_uvw1 swift_uvot_uvw2 swift_uvot_V johnson_B johnson_I johnson_R johnson_U johnson_V sdss_g sdss_i sdss_r sdss_u sdss_z ATLAS_c ATLAS_o ukirt_H ukirt_J ukirt_K Clear
[from data line 289]
17.43486973947896 5.511251070465093 -3.3705777427341843 0.10449303530364773 -1.8634307762003388 -6.893767791259453 -5.476091826412315 9.05115764702958 15.710101744924483 29.59869704895366 11.67568427699905 14.188700783478701 3.4707677633358776 7.84722033006339 -4.924091049156135 -1.954058282431135 14.67910056567274 2.5157454281671248 6.323791171779529 -3.289321790621198 0.33298169480008966 16.21120727509931 -6.0495194384343165 2.0835696050462893 -2.3688429195634875 -11.842755169174948 -9.693265873685258 -13.20304384964812 -4.149324819961677
17.494989979959918 5.521061013765944 -3.360767799433333 0.11430297860451688 -1.8536208328994697 -6.883957847958584 -5.4662818831114635 9.060967590330431 15.719911688225352 29.608506992254522 11.685494220299901 14.198510726779553 3.4805777066367467 7.857030273364241 -4.9142811058552835 -1.9442483391302836 14.68891050897361 2.525555371467994 6.333601115080398 -3.279511847320329 0.34279163810094104 16.221017218400178 -6.039709495133447 2.0933795483471584 -2.359032976262636 -11.832945225874079 -9.683455930384389 -13.19323390634725 -4.139514876660808
17.55511022044088 5.530891969374867 -3.3509368438244103 0.12413393421343955 -1.843789877290547 -6.874126892349679 -5.456450927502541 9.070798545939354 15.729742643834275 29.61833794786344 11.695325175908824 14.208341682388475 3.4904086622456516 7.866861228973164 -4.904450150246361 -1.934417383521361 14.698741464582533 2.5353863270769166 6.343432070689321 -3.269680891711424 0.3526225937098637 16.2308481740091 -6.0298785395245424 2.103210503956081 -2.3492020206537134 -11.823114270265156 -9.673624974775466 -13.183402950738346 -4.129683921051903
17.615230460921843 5.540734815705015 -3.341093997494262 0.13397678054356987 -1.833947030960399 -6.864284046019531 -5.446608081172393 9.080641392269502 15.739585490164423 29.628180794193582 11.705168022238972 14.218184528718623 3.5002515085757997 7.876704075303312 -4.894607303916213 -1.9245745371912129 14.708584310912663 2.545229173407047 6.353274917019451 -3.259838045381276 0.3624654400400118 16.24069102033925 -6.020035693194394 2.113053350286229 -2.3393591743235653 -11.813271423935026 -9.663782128445336 -13.173560104408198 -4.119841074721755
17.675350701402806 5.550590272443401 -3.331238540755894 0.1438322372819556 -1.824091574222031 -6.854428589281145 -5.436752624434025 9.09049684900787 15.74944094690279 29.638036250931968 11.715023478977358 14.22803998545701 3.5101069653141854 7.88655953204168 -4.884751847177827 -1.914719080452845 14.718439767651049 2.5550846301454326 6.363130373757837 -3.24998258864289 0.3723208967783975 16.250546477077616 -6.010180236456009 2.122908807024597 -2.3295037175851796 -11.80341596719664 -9.65392667170695 -13.163704647669812 -4.109985617983369
17.73547094188377 5.560459668058044 -3.321369145141251 0.153701632896599 -1.8142221786073875 -6.844559193666502 -5.426883228819381 9.100366244622514 15.759310342517434 29.64790564654661 11.724892874592001 14.237909381071635 3.519976360928829 7.8964289276563235 -4.874882451563201 -1.9048496848382015 14.728309163265692 2.564954025760076 6.3729997693724805 -3.2401131930282467 0.3821902923930409 16.26041587269226 -6.000310840841365 2.1327782026392406 -2.319634321970536 -11.793546571581997 -9.644057276092306 -13.153835252055169 -4.100116222368726
17.795591182364728 5.570347952002628 -3.3114808611966495 0.16358991684120028 -1.8043338946627863 -6.834670909721918 -5.41699494487478 9.110254528567115 15.769198626462035 29.657793930491206 11.734781158536585 14.247797665016236 3.5298646448734123 7.906317211600925 -4.8649941676186 -1.8949614008936002 14.738197447210293 2.5748423097046773 6.382888053317082 -3.230224909083663 0.39207857633762444 16.27030415663686 -5.990422556896782 2.142666486583842 -2.3097460380259527 -11.783658287637396 -9.634168992147705 -13.143946968110585 -4.0902279384241425
17.85571142284569 5.580251327472823 -3.3015774857264546 0.17349329231137745 -1.794430519192609 -6.824767534251723 -5.407091569404585 9.12015790403731 15.779102001932213 29.66769730596139 11.74468453400678 14.257701040486431 3.5397680203436073 7.91622058707112 -4.855090792148405 -1.8850580254234053 14.74810082268047 2.5847456851748545 6.392791428787259 -3.2203215336134683 0.40198195180781937 16.28020753210704 -5.980519181426587 2.152569862054019 -2.2998426625557578 -11.773754912167218 -9.624265616677528 -13.13404359264039 -4.0803245629539475
17.915831663326653 5.590165871601123 -3.2916629415981724 0.1834078364396774 -1.7845159750643091 -6.814852990123423 -5.397177025276303 9.130072448165592 15.789016546060513 29.67761185008968 11.754599078135062 14.267615584614713 3.549682564471907 7.926135131199402 -4.845176248020123 -1.875143481295123 14.75801536680877 2.5946602293031544 6.402705972915559 -3.2104069894851683 0.41189649593610156 16.29012207623534 -5.970604637298287 2.162484406182319 -2.289928118427458 -11.763840368038919 -9.614351072549228 -13.12412904851209 -4.070410018825648
17.975951903807616 5.600090704102509 -3.281738109096768 0.19333266894106416 -1.7745911425629046 -6.804928157622037 -5.387252192774898 9.139997280666996 15.798941378561917 29.687536682591084 11.764523910636466 14.277540417116118 3.559607396973294 7.9360599637008065 -4.8352514155187185 -1.8652186487937186 14.767940199310157 2.604585061804559 6.412630805416963 -3.2004821569837816 0.4218213284375061 16.300046908736743 -5.9606798047969 2.1724092386837235 -2.280003285926071 -11.753915535537532 -9.604426240047841 -13.114204216010704 -4.060485186324261
18.036072144288575 5.610028345951932 -3.2718004672473455 0.20327031079048652 -1.7646535007135 -6.794990515772614 -5.377314550925476 9.149934922516419 15.808879020411322 29.6974743244405 11.774461552485889 14.28747805896554 3.5695450388227163 7.945997605550229 -4.825313773669296 -1.855281006944314 14.77787784115958 2.6145227036539636 6.422568447266368 -3.190544515134359 0.43175897028692845 16.309984550586147 -5.950742162947478 2.182346880533128 -2.2700656440766487 -11.74397789368811 -9.594488598198419 -13.104266574161281 -4.0505475444748384
18.096192384769537 5.619982586502008 -3.261846226697269 0.21322455134056284 -1.7546992601634237 -6.785036275222538 -5.3673603103754 9.159889163066495 15.818833260961398 29.707428564990575 11.784415793035965 14.297432299515616 3.5794992793727927 7.955951846100287 -4.81535953311922 -1.8453267663942376 14.787832081709656 2.62447694420404 6.432522687816444 -3.180590274584283 0.44171321083700477 16.319938791136224 -5.940787922397401 2.1923011210832044 -2.2601114035265724 -11.734023653138033 -9.584534357648343 -13.094312333611205 -4.040593303924762
18.1563126252505 5.629945081285559 -3.2518837319137184 0.22318704612411366 -1.7447367653798551 -6.775073780438987 -5.357397815591849 9.169851657850046 15.828795755744967 29.717391059774133 11.794378287819516 14.307394794299167 3.5894617741563435 7.965914340883856 -4.805397038335669 -1.835364271610669 14.797794576493207 2.6344394389876085 6.442485182600013 -3.170627779800732 0.4516757056205556 16.329901285919792 -5.930825427613851 2.202263615866773 -2.2501489087430215 -11.724061158354482 -9.574571862864792 -13.084349838827654 -4.030630809141211
18.216432865731463 5.639916566362899 -3.241912246836378 0.2331585312014539 -1.7347652803025326 -6.765102295361647 -5.347426330514509 9.179823142927386 15.838767240822289 29.727362544851466 11.804349772896856 14.317366279376508 3.5994332592336837 7.9758858259611785 -4.795425553258329 -1.8253927865333466 14.807766061570547 2.644410924064931 6.452456667677335 -3.160656294723392 0.46164719069789584 16.339872770997115 -5.92085394253651 2.2122351009440955 -2.2401774236656813 -11.714089673277142 -9.564600377787452 -13.074378353750314 -4.020659324063871
18.276553106212425 5.649896786210338 -3.2319320269889396 0.2431387510488925 -1.7247850604550763 -6.755122075514208 -5.33744611066707 9.189803362774825 15.848747460669745 29.737342764698905 11.814329992744295 14.327346499223946 3.6094134790811223 7.985866045808635 -4.78544533341089 -1.8154125666858902 14.817746281417985 2.6543911439123695 6.462436887524792 -3.1506760748759532 0.4716274105453344 16.34985299084457 -5.910873722689072 2.222215320791552 -2.2301972038182427 -11.704109453429703 -9.554620157940013 -13.064398133902875 -4.0106791042164325
18.336673346693384 5.659888299518148 -3.2219405136811297 0.25313026435672015 -1.7147935471472664 -6.745130562206381 -5.32745459735926 9.199794876082635 15.858738973977555 29.747334278006722 11.824321506052105 14.337338012531756 3.619404992388932 7.995857559116445 -4.77545382010308 -1.8054210533780803 14.827737794725813 2.664382657220197 6.472428400832602 -3.1406845615681434 0.4816189238531443 16.35984450415238 -5.900882209381262 2.2322068340993617 -2.220205690510433 -11.694117940121876 -9.544628644632185 -13.054406620595065 -4.000687590908623
18.396793587174347 5.66989538751784 -3.211933425681437 0.2631373523564129 -1.7047864591475737 -6.735123474206688 -5.3174475093595674 9.209801964082327 15.868746061977248 29.75734136600642 11.834328594051797 14.347345100531449 3.6294120803886427 8.005864647116137 -4.7654467321033875 -1.7954139653783876 14.837744882725506 2.67438974521989 6.482435488832294 -3.130677473568433 0.49162601185283705 16.369851592152074 -5.890875121381551 2.2422139220990545 -2.21019860251074 -11.684110852122183 -9.534621556632493 -13.044399532595355 -3.990680502908912
18.45691382765531 5.679909935111933 -3.201918878087362 0.27315189995048783 -1.6947719115534987 -6.725108926612613 -5.3074329617654925 9.219816511676402 15.878760609571323 29.767355913600493 11.844343141645872 14.357359648125524 3.6394266279827177 8.015879194710212 -4.755432184509313 -1.7853994177843127 14.84775943031958 2.684404292813965 6.492450036426369 -3.120662925974358 0.501640559446912 16.37986613974615 -5.880860573787476 2.2522284696931294 -2.2001840549166474 -11.674096304528108 -9.524607009038418 -13.03438498500128 -3.980665955314837
18.517034068136272 5.6899322310164635 -3.191896582182814 0.28317419585501824 -1.6847496156489683 -6.7150866307080825 -5.297410665860944 9.22983880758095 15.888782905475853 29.77737820950503 11.85436543755042 14.367381944030072 3.649448923887248 8.02590149061476 -4.745409888604764 -1.7753771218797822 14.857781726224111 2.6944265887184953 6.5024723323309 -3.1106406300698275 0.5116628553514602 16.38988843565068 -5.870838277882946 2.26225076559766 -2.190161759012117 -11.664074008623578 -9.514584713133887 -13.02436268909675 -3.9706436594103067
18.577154308617235 5.699962061555919 -3.1818667516433585 0.2932040263944913 -1.6747197851094953 -6.705056800168627 -5.287380835321489 9.239868638120406 15.898812736015326 29.787408040044493 11.864395268089876 14.377411774569527 3.6594787544267033 8.035931321154216 -4.735380058065309 -1.7653472913403092 14.867811556763584 2.7044564192579683 6.512502162870373 -3.100610799530372 0.5216926858909154 16.399918266190152 -5.860808447343491 2.272280596137133 -2.1801319284726617 -11.654044178084105 -9.504554882594414 -13.014332858557294 -3.9606138288708514
18.637274549098194 5.71000179139995 -3.171827021799327 0.3032437562385226 -1.664680055265464 -6.695017070324578 -5.277341105477458 9.249908367964437 15.908852465859358 29.797447769888525 11.874434997933907 14.387451504413558 3.6695184842707524 8.045971050998247 -4.725340328221278 -1.7553075614962779 14.877851286607616 2.7144961491019997 6.522541892714404 -3.090571069686341 0.5317324157349468 16.409957996034183 -5.850768717499459 2.282320325981164 -2.1700921986286303 -11.644004448240073 -9.494515152750383 -13.004293128713263 -3.95057409902682
18.697394789579157 5.72005434518335 -3.1617744680159454 0.3132963100219044 -1.6546275014820822 -6.684964516541196 -5.267288551694076 9.259960921747837 15.91890501964274 29.807500323671917 11.884487551717307 14.397504058196958 3.679571038054134 8.056023604781629 -4.715287774437878 -1.745255007712896 14.887903840390997 2.7245487028853814 6.532594446497786 -3.0805185159029413 0.5417849695183463 16.420010549817565 -5.84071616371606 2.292372879764546 -2.160039644845231 -11.633951894456692 -9.484462598967001 -12.994240574929863 -3.9405215452434206
18.75751503006012 5.7301114162022415 -3.151717396997036 0.32335338104079625 -1.6445704304631903 -6.6749074455223045 -5.257231480675166 9.270017992766729 15.928962090661631 29.81755739469081 11.894544622736198 14.40756112921585 3.689628109073026 8.06608067580052 -4.705230703418986 -1.7351979366940042 14.89796091140989 2.7346057739042733 6.542651517516678 -3.0704614448840495 0.5518420405372382 16.430067620836457 -5.830659092697168 2.302429950783438 -2.149982573826339 -11.6238948234378 -9.47440552794811 -12.984183503910971 -3.9304644742245287
18.817635270541082 5.7401736233553 -3.141655189843977 0.333415588193855 -1.6345082233101316 -6.664845238369246 -5.247169273522108 9.280080199919787 15.93902429781469 29.827619601843868 11.904606829889257 14.417623336368909 3.699690316226085 8.07614288295358 -4.695168496265928 -1.7251357295409455 14.908023118562948 2.744667981057332 6.5527137246697365 -3.0603992377309908 0.5619042476902969 16.440129827989516 -5.820596885544109 2.3124921579364965 -2.1399203666732802 -11.613832616284741 -9.46434332079505 -12.974121296757913 -3.92040226707147
18.877755511022045 5.750242043260325 -3.131586769938952 0.3434840080988799 -1.6244398034050889 -6.654776818464221 -5.237100853617083 9.290148619824812 15.949092717719733 29.8376880217489 11.914675249794282 14.427691756273934 3.7097587361311097 8.086211302858622 -4.685100076360903 -1.7150673096359028 14.918091538467973 2.754736400962357 6.562782144574779 -3.050330817825966 0.5719726675953218 16.45019824789456 -5.810528465639084 2.3225605778415392 -2.1298519467682553 -11.603764196379716 -9.454274900890026 -12.964052876852888 -3.910333847166445
18.937875751503004 5.760319515111938 -3.1215092980873393 0.3535614799504927 -1.614362331553476 -6.644699346612608 -5.22702338176547 9.300226091676425 15.959170189571346 29.847765493600505 11.924752721645895 14.437769228125546 3.7198362079827225 8.096288774710235 -4.67502260450929 -1.70498983778429 14.928169010319586 2.7648138728139697 6.572859616426374 -3.040253345974353 0.5820501394469346 16.46027571974617 -5.8004509937874715 2.332638049693152 -2.1197744749166425 -11.593686724528103 -9.444197429038413 -12.953975405001275 -3.9002563753148323
18.997995991983966 5.770405664951408 -3.111423148247887 0.3636476297899627 -1.6042761817140239 -6.634613196773138 -5.216937231926018 9.310312241515877 15.969256339410798 29.857851643439975 11.934838871485365 14.447855377964999 3.7299223578221925 8.106374924549687 -4.664936454669838 -1.6949036879448378 14.938255160159056 2.7749000226534397 6.582945766265844 -3.030167196134883 0.5921362892864046 16.470361869585624 -5.7903648439480015 2.3427241995326042 -2.1096883250771725 -11.583600574688633 -9.434111279198943 -12.943889255161805 -3.8901702254753623
19.05811623246493 5.780494803891116 -3.1013340093081787 0.3737367687296711 -1.5941870427743154 -6.62452405783343 -5.206848092986309 9.320401380455586 15.979345478350506 29.867940782379673 11.944928010425055 14.457944516904707 3.740011496761901 8.116464063489396 -4.654847315730129 -1.6848145490051294 14.948344299098764 2.784989161593148 6.593034905205553 -3.0200780571951746 0.6022254282260953 16.480451008525332 -5.780275705008293 2.3528133384723127 -2.099599186137482 -11.573511435748925 -9.424022140259234 -12.933800116222097 -3.880081086535654
