web/models/kne/54/mosfit_kn_0.033839_0.5000_0.5000.dat
# %ECSV 1.0
# ---
# datatype:
# - {name: time, datatype: float64}
# - {name: PS1_g, datatype: float64}
# - {name: PS1_i, datatype: float64}
# - {name: PS1_r, datatype: float64}
# - {name: PS1_w, datatype: float64}
# - {name: PS1_y, datatype: float64}
# - {name: PS1_z, datatype: float64}
# - {name: swift_uvot_B, datatype: float64}
# - {name: swift_uvot_U, datatype: float64}
# - {name: swift_uvot_uvm2, datatype: float64}
# - {name: swift_uvot_uvw1, datatype: float64}
# - {name: swift_uvot_uvw2, datatype: float64}
# - {name: swift_uvot_V, datatype: float64}
# - {name: johnson_B, datatype: float64}
# - {name: johnson_I, datatype: float64}
# - {name: johnson_R, datatype: float64}
# - {name: johnson_U, datatype: float64}
# - {name: johnson_V, datatype: float64}
# - {name: sdss_g, datatype: float64}
# - {name: sdss_i, datatype: float64}
# - {name: sdss_r, datatype: float64}
# - {name: sdss_u, datatype: float64}
# - {name: sdss_z, datatype: float64}
# - {name: ATLAS_c, datatype: float64}
# - {name: ATLAS_o, datatype: float64}
# - {name: ukirt_H, datatype: float64}
# - {name: ukirt_J, datatype: float64}
# - {name: ukirt_K, datatype: float64}
# - {name: Clear, datatype: float64}
# meta: !!omap
# - comment: [kappa = 0.5, type = rprocess, mass = 0.03383890769761434, velocity = 0.5, theta_obs = 0.0, tfloor = 1000.0]
# schema: astropy-2.0
time PS1_g PS1_i PS1_r PS1_w PS1_y PS1_z swift_uvot_B swift_uvot_U swift_uvot_uvm2 swift_uvot_uvw1 swift_uvot_uvw2 swift_uvot_V johnson_B johnson_I johnson_R johnson_U johnson_V sdss_g sdss_i sdss_r sdss_u sdss_z ATLAS_c ATLAS_o ukirt_H ukirt_J ukirt_K Clear
[from data line 203]
12.264529058116231 8.22554519565113 -0.6562836175481479 2.818787160489702 0.8508633489857154 -4.179473666073399 -2.7617977012262784 11.765451772215616 18.424395870110537 32.31299117413971 14.389978402185086 16.902994908664738 6.185061888521932 10.561514455249426 -2.2097969239700985 0.7602358427549014 17.393394690858795 5.230039553353179 9.038085296965583 -0.5750276654351616 3.047275819986126 18.925501400285363 -3.33522531324828 4.7978637302323435 0.34545120562254894 -9.128461043988894 -6.9789717484992035 -10.488749724462084 -1.435030694775623
12.324649298597194 8.237965367848101 -0.643863445351176 2.831207332686674 0.8632835211826873 -4.167053493876427 -2.7493775290293065 11.777871944412588 18.43681604230751 32.32541134633668 14.402398574382058 16.91541508086171 6.197482060718904 10.573934627446398 -2.1973767517731266 0.7726560149518733 17.405814863055767 5.242459725550151 9.050505469162555 -0.5626074932381897 3.059695992183098 18.937921572482335 -3.3228051410512904 4.810283902429315 0.35787137781952083 -9.116040871791922 -6.966551576302232 -10.476329552265094 -1.4226105225786512
12.384769539078157 8.250334245474633 -0.6314945677246442 2.843576210313188 0.8756523988092191 -4.154684616249913 -2.7370086514027747 11.79024082203912 18.44918491993404 32.337780223963215 14.41476745200859 16.92778395848824 6.209850938345418 10.58630350507293 -2.185007874146595 0.7850248925784051 17.41818374068228 5.254828603176665 9.062874346789087 -0.5502386156116579 3.07206486980963 18.950290450108866 -3.3104362634247764 4.822652780055847 0.37024025544605266 -9.103671994165408 -6.954182698675718 -10.46396067463858 -1.410241644952137
12.444889779559118 8.262652541219033 -0.619176271980244 2.855894506057588 0.8879706945536192 -4.142366320505513 -2.7246903556583746 11.80255911778352 18.46150321567844 32.35009851970761 14.42708574775299 16.94010225423264 6.222169234089818 10.59862180081733 -2.1726895784021947 0.7973431883228053 17.43050203642668 5.267146898921065 9.07519264253347 -0.5379203198672577 3.08438316555403 18.962608745853267 -3.2981179676803762 4.834971075800247 0.3825585511904528 -9.091353698421008 -6.9418644029313175 -10.45164237889418 -1.397923349207737
12.50501002004008 8.274920945374369 -0.6069078678249085 2.8681629102129236 0.900239098708937 -4.130097916350177 -2.712421951503039 11.814827521938856 18.47377161983376 32.36236692386294 14.439354151908326 16.952370658387977 6.234437638245153 10.610890204972666 -2.160421174246859 0.8096115924781409 17.442770440582017 5.279415303076401 9.087461046688805 -0.5256519157119222 3.0966515697093655 18.974877150008584 -3.2858495635250407 4.847239479955565 0.3948269553457884 -9.079085294265672 -6.929595998775982 -10.439373974738844 -1.3856549450524014
12.565130260521041 8.287140142031628 -0.5946886711676669 2.880382106870183 0.9124582953661964 -4.117878719692918 -2.7002027548457974 11.827046718596097 18.485990816491018 32.37458612052019 14.451573348565567 16.96458985504522 6.246656834902413 10.623109401629907 -2.1482019775896175 0.8218307891353824 17.454989637239276 5.29163449973366 9.099680243346064 -0.5134327190546628 3.108870766366607 18.987096346665844 -3.2736303668677813 4.8594586766128245 0.4070461520030477 -9.066866097608413 -6.9173768021187225 -10.427154778081585 -1.373435748395142
12.625250501002004 8.299314203057104 -0.582514610142173 2.892556167895659 0.9246323563916725 -4.105704658667442 -2.6880286938203035 11.839220779621591 18.498164877516494 32.386760181545675 14.463747409591061 16.976763916070713 6.258830895927889 10.635283462655401 -2.1360279165641236 0.8340048501608763 17.467163698264752 5.303808560759136 9.11185430437154 -0.5012586580291867 3.121044827392101 18.99927040769132 -3.261456305842305 4.871632737638301 0.41922021302852386 -9.054692036582937 -6.905202741093246 -10.414980717056109 -1.361261687369666
12.685370741482965 8.311434902657364 -0.5703939105419309 2.904676867495919 0.9367530559919324 -4.093583959067182 -2.6759079942200614 11.851341479221833 18.510285577116754 32.39888088114593 14.475868109191303 16.988884615670955 6.270951595528149 10.647404162255643 -2.1239072169638815 0.8461255497611184 17.479284397865012 5.315929260359396 9.1239750039718 -0.4891379584289268 3.133165526992343 19.01139110729158 -3.2493356062420453 4.8837534372385605 0.4313409126287837 -9.042571336982677 -6.8930820414929865 -10.402860017455849 -1.349140987769406
12.745490981963927 8.323509834097251 -0.558318979102026 2.916751798935824 0.9488279874318373 -4.081509027627277 -2.6638330627801565 11.863416410661738 18.52236050855666 32.41095581258583 14.487943040631208 17.00095954711086 6.283026526968054 10.659479093695548 -2.1118322855239766 0.8582004812010233 17.491359329304917 5.328004191799301 9.136049935411705 -0.4770630269890397 3.145240458432248 19.023466038731485 -3.237260674802158 4.895828368678465 0.44341584406867085 -9.030496405542772 -6.881007110053082 -10.390785086015962 -1.3370660563295012
12.80561122244489 8.335538763138572 -0.5462900500607049 2.928780727977127 0.9608569164731406 -4.069480098585974 -2.6518041337388354 11.87544533970306 18.534389437597962 32.42298474162714 14.49997196967253 17.01298847615218 6.295055456009357 10.67150802273687 -2.0998033564826555 0.8702294102423445 17.50338825834622 5.340033120840604 9.148078864453009 -0.46503409794771855 3.157269387473569 19.035494967772788 -3.225231745760837 4.907857297719769 0.455444773109992 -9.018467476501469 -6.868978181011778 -10.37875615697464 -1.3250371272881978
12.86573146292585 8.347522029846406 -0.5343067833528714 2.9407639946849606 0.9728401831809741 -4.05749683187814 -2.639820867031002 11.887428606410893 18.546372704305796 32.43496800833498 14.511955236380363 17.024971742860014 6.3070387227171905 10.683491289444685 -2.087820089774822 0.8822126769501601 17.515371525054054 5.352016387548438 9.160062131160842 -0.4530508312398851 3.1692526541814026 19.04747823448062 -3.2132484790530036 4.919840564427602 0.46742803981782544 -9.006484209793635 -6.856994914303945 -10.366772890266807 -1.3130538605803643
12.925851703406813 8.359460179673164 -0.5223686335261135 2.9527021445117363 0.9847783330077498 -4.045558682051382 -2.627882717204244 11.89936675623765 18.55831085413257 32.446906158161745 14.52389338620712 17.036909892686772 6.318976872543948 10.69542943927146 -2.075881939948064 0.8941508267769358 17.52730967488081 5.363954537375213 9.172000280987618 -0.4411126814131272 3.1811908040081605 19.059416384307397 -3.2013103292262457 4.931778714254378 0.47936618964458333 -8.99454605996686 -6.845056764477187 -10.35483474044005 -1.3011157107536064
12.985971943887774 8.371353811493716 -0.5104750017055615 2.9645957763322883 0.9966719648283018 -4.0336650502308125 -2.615989085383692 11.911260388058203 18.570204485953123 32.458799789982294 14.535787018027673 17.048803524507324 6.330870504364518 10.707323071092013 -2.063988308127512 0.9060444585974878 17.53920330670138 5.375848169195765 9.18389391280817 -0.4292190495925752 3.1930844358287125 19.07131001612795 -3.1894166974056937 4.94367234607493 0.49125982146513536 -8.982652428146308 -6.833163132656617 -10.342941108619497 -1.2892220789330366
13.046092184368737 8.383203534936854 -0.4986252782624234 2.9764454997754264 1.0085216882714398 -4.021815326787674 -2.604139361940554 11.923110111501341 18.58205420939626 32.470649513425435 14.54763674147081 17.060653247950462 6.342720227807656 10.719172794535151 -2.052138584684374 0.9178941820406259 17.55105303014452 5.387697892638903 9.195743636251308 -0.4173693261494371 3.2049341592718505 19.083159739571087 -3.1775669739625556 4.955522069518068 0.5031095449082734 -8.97080270470317 -6.821313409213479 -10.331091385176359 -1.2773723554898986
13.1062124248497 8.395009973847252 -0.48681883935202563 2.9882519386858064 1.0203281271818199 -4.010008887877294 -2.592332923030156 11.934916550411739 18.59386064830664 32.48245595233582 14.559443180381209 17.07245968686086 6.354526666718036 10.730979233445549 -2.0403321457739763 0.9297006209510059 17.5628594690549 5.399504331549283 9.207550075161688 -0.4055628872390393 3.2167405981822483 19.094966178481467 -3.165760535052158 4.967328508428448 0.5149159838186712 -8.95899626579279 -6.809506970303099 -10.319284946265961 -1.2655659165795186
13.16633266533066 8.40677375542322 -0.47505505777605705 3.0000157202617928 1.0320919087578062 -3.998245106301326 -2.5805691414541876 11.946680331987707 18.605624429882628 32.4942197339118 14.571206961957177 17.08422346843683 6.366290448294005 10.742743015021517 -2.0285683641980077 0.9414644025269923 17.574623250630868 5.41126811312527 9.219313856737674 -0.39379910566307075 3.228504379758217 19.106729960057454 -3.1539967534761892 4.979092290004434 0.5266797653946398 -8.947232484216803 -6.797743188727113 -10.307521164689993 -1.25380213500355
13.226452905811623 8.4184954943977 -0.4633333188015776 3.0117374592362545 1.043813647732268 -3.9865233673268463 -2.568847402479708 11.958402070962187 18.61734616885709 32.50594147288627 14.582928700931657 17.095945207411308 6.378012187268484 10.754464753995997 -2.016846625223528 0.953186141501454 17.586344989605347 5.4229898520997315 9.231035595712136 -0.38207736668859127 3.2402261187326964 19.118451699031915 -3.1422750145017098 4.990814028978896 0.5384015043691193 -8.935510745242341 -6.786021449752651 -10.295799425715513 -1.2420803960290705
13.286573146292584 8.430175788365748 -0.4516530248335293 3.0234177532043027 1.055493941700334 -3.974843073358798 -2.55716710851166 11.970082364930235 18.629026462825156 32.517621766854326 14.594608994899705 17.107625501379356 6.3896924812365326 10.766145047964045 -2.00516633125548 0.96486643546952 17.598025283573396 5.43467014606778 9.242715889680202 -0.370397072720543 3.2519064127007447 19.13013199299998 -3.1305947205336615 5.002494322946962 0.5500817983371675 -8.923830451274293 -6.774341155784603 -10.284119131747465 -1.2304001020610222
13.346693386773547 8.44181522840886 -0.4400135847904352 3.0350571932474146 1.067133381743428 -3.963203633315686 -2.5455276684685657 11.98172180497333 18.64066590286825 32.529261206897424 14.606248434942799 17.11926494142245 6.4013319212796445 10.77778448800714 -1.9935268912123858 0.9765058755126141 17.609664723616508 5.446309586110892 9.254355329723296 -0.3587576326774311 3.263545852743839 19.141771433043075 -3.1189552804905496 5.014133762990056 0.5617212383802794 -8.912191011231181 -6.762701715741491 -10.272479691704353 -1.2187606620179103
13.40681362725451 8.453414414373093 -0.42841439882620236 3.0466563792116474 1.078732567707661 -3.9516044473514533 -2.533928482504333 11.993320990937562 18.652265088832483 32.54086039286167 14.61784762090705 17.130864127386683 6.412931107243877 10.789383673971372 -1.981927705248153 0.988105061476847 17.62126390958074 5.4579087720751245 9.265954515687529 -0.3471584467131983 3.2751450387080894 19.15337061900731 -3.107356094526317 5.025732948954289 0.5733204243445122 -8.900591825266948 -6.751102529777258 -10.26088050574012 -1.2071614760536775
13.46693386773547 8.464973935556515 -0.41685487764276274 3.058215900395087 1.0902920888911005 -3.9400449261680137 -2.5223689613208933 12.004880512121002 18.663824610015922 32.552419914045096 14.629407142090471 17.142423648570123 6.424490628427317 10.800943195154812 -1.9703681840647134 0.9996645826602866 17.63282343076418 5.469468293258564 9.277514036870969 -0.3355989255297587 3.2867045598915112 19.164930140190748 -3.095796573342877 5.037292470137729 0.5848799455279341 -8.889032304083509 -6.739543008593818 -10.24932098455668 -1.195601954870238
13.527054108216433 8.47649436352702 -0.4053344496722566 3.0697363283655754 1.1018125168616066 -3.9285244981975254 -2.510848533350387 12.016400940091508 18.67534503798643 32.5639403420156 14.640927570060978 17.15394407654063 6.436011056397805 10.812463623125318 -1.9588477560942072 1.0111850106307927 17.64434385873467 5.4809887212290525 9.289034464841475 -0.3240784975592703 3.2982249878620173 19.176450568161254 -3.084276145372389 5.048812898108235 0.5964003734984402 -8.87751187611302 -6.72802258062333 -10.237800556586192 -1.1840815268997495
13.587174348697394 8.487976257889933 -0.39385255530934415 3.081218222728488 1.1132944112245013 -3.917042603834613 -2.4993666389874747 12.02788283445442 18.686826932349323 32.57542223637851 14.65240946442389 17.16542597090354 6.447492950760718 10.82394551748823 -1.9473658617312948 1.0226669049936874 17.65582575309758 5.492470615591965 9.30051635920437 -0.31259660319635785 3.30970688222493 19.18793246252415 -3.0727942510094763 5.0602947924711295 0.6078822678613527 -8.866029981750108 -6.716540686260418 -10.22631866222328 -1.172599632536837
13.647294589178356 8.499420182355593 -0.3824086308436847 3.0926621471941473 1.1247383356901608 -3.9055986793689534 -2.4879227145218152 12.03932675892008 18.698270856814982 32.58686616084416 14.66385338888955 17.1768698953692 6.458936875226377 10.835389441953872 -1.9359219372656353 1.0341108294593468 17.66726967756324 5.503914540057624 9.311960283670029 -0.3011526787306984 3.3211508066905893 19.199376386989808 -3.061350326543817 5.071738716936789 0.6193261923270121 -8.854586057284449 -6.705096761794758 -10.21487473775762 -1.1611557080711776
13.707414829659317 8.510826697937759 -0.3710021152615184 3.1040686627763314 1.1361448512723449 -3.894192163786787 -2.476516198939649 12.050733274502246 18.709677372397167 32.59827267642634 14.675259904471716 17.188276410951367 6.4703433908085435 10.846795957536056 -1.924515421683469 1.045517345041531 17.678676193145424 5.5153210556398085 9.323366799252213 -0.2897461631485321 3.3325573222727556 19.210782902571992 -3.0499438109616506 5.083145232518973 0.6307327079091785 -8.843179541702265 -6.693690246212574 -10.203468222175454 -1.1497491924890113
13.76753507014028 8.522196351857296 -0.359632461341981 3.115438316695869 1.1475145051918823 -3.882822509867232 -2.4651465450201115 12.062102928421783 18.721047026316704 32.60964233034588 14.686629558391253 17.199646064870905 6.481713044728081 10.858165611455593 -1.9131457677639316 1.0568869989610683 17.69004584706496 5.526690709559346 9.33473645317175 -0.2783765092289947 3.343926976192293 19.22215255649153 -3.038574157042113 5.09451488643851 0.6421023618287158 -8.831809887782727 -6.682320592293037 -10.192098568255917 -1.138379538569474
13.827655310621243 8.533529678356775 -0.3482991348425202 3.1267716431953296 1.158847831691343 -3.871489183367771 -2.4538132185206507 12.073436254921244 18.732380352816165 32.620975656845346 14.697962884890732 17.210979391370383 6.4930463712275595 10.869498937955054 -1.901812441264453 1.0682203254605291 17.701379173564423 5.538024036058807 9.346069779671211 -0.2670431827295161 3.3552603026917716 19.23348588299099 -3.0272408305426346 5.105848212937971 0.6534356883281944 -8.820476561283266 -6.670987265793576 -10.180765241756438 -1.1270462120699953
13.887775551102203 8.544827200055032 -0.33700161314426325 3.1380691648935866 1.1701453533896 -3.860191661669514 -2.442515696822394 12.084733776619519 18.74367787451442 32.632273178543606 14.709260406588989 17.22227691306864 6.504343892925816 10.880796459653311 -1.890514919566196 1.079517847158786 17.71267669526268 5.549321557757064 9.357367301369468 -0.2557456610312592 3.3665578243900285 19.244783404689247 -3.0159433088443777 5.117145734636228 0.6647332100264514 -8.80917903958501 -6.659689744095319 -10.169467720058181 -1.1157486903717384
