web/models/kne/54/mosfit_kn_0.006452_0.5000_0.5000.dat
# %ECSV 1.0
# ---
# datatype:
# - {name: time, datatype: float64}
# - {name: PS1_g, datatype: float64}
# - {name: PS1_i, datatype: float64}
# - {name: PS1_r, datatype: float64}
# - {name: PS1_w, datatype: float64}
# - {name: PS1_y, datatype: float64}
# - {name: PS1_z, datatype: float64}
# - {name: swift_uvot_B, datatype: float64}
# - {name: swift_uvot_U, datatype: float64}
# - {name: swift_uvot_uvm2, datatype: float64}
# - {name: swift_uvot_uvw1, datatype: float64}
# - {name: swift_uvot_uvw2, datatype: float64}
# - {name: swift_uvot_V, datatype: float64}
# - {name: johnson_B, datatype: float64}
# - {name: johnson_I, datatype: float64}
# - {name: johnson_R, datatype: float64}
# - {name: johnson_U, datatype: float64}
# - {name: johnson_V, datatype: float64}
# - {name: sdss_g, datatype: float64}
# - {name: sdss_i, datatype: float64}
# - {name: sdss_r, datatype: float64}
# - {name: sdss_u, datatype: float64}
# - {name: sdss_z, datatype: float64}
# - {name: ATLAS_c, datatype: float64}
# - {name: ATLAS_o, datatype: float64}
# - {name: ukirt_H, datatype: float64}
# - {name: ukirt_J, datatype: float64}
# - {name: ukirt_K, datatype: float64}
# - {name: Clear, datatype: float64}
# meta: !!omap
# - comment: [kappa = 0.5, type = rprocess, mass = 0.006451950121499907, velocity = 0.5, theta_obs = 0.0, tfloor = 1000.0]
# schema: astropy-2.0
time PS1_g PS1_i PS1_r PS1_w PS1_y PS1_z swift_uvot_B swift_uvot_U swift_uvot_uvm2 swift_uvot_uvw1 swift_uvot_uvw2 swift_uvot_V johnson_B johnson_I johnson_R johnson_U johnson_V sdss_g sdss_i sdss_r sdss_u sdss_z ATLAS_c ATLAS_o ukirt_H ukirt_J ukirt_K Clear
[from data line 324]
19.539078156312623 13.325328400961833 4.443499587762556 7.918570365800406 5.950646554296419 0.9203095392373051 2.3379855040844255 16.86523497752632 23.52417907542124 37.41277437945041 19.489761607495797 22.00277811397545 11.284845093832637 15.66129766056013 2.8899862813406054 5.860019048065605 22.49317789616949 10.329822758663882 14.137868502276287 4.524755539875542 8.14705902529683 24.025284605596067 1.7645578920624416 9.897646935543047 5.445234410933253 -4.028677838678191 -1.8791885431885 -5.38896651915138 3.664752510535081
19.599198396793586 13.339103521001565 4.457274707802288 7.93234548584012 5.964421674336151 0.9340846592770191 2.3517606241241573 16.879010097566052 23.537954195460962 37.426549499490136 19.503536727535522 22.016553234015174 11.29862021387235 15.675072780599862 2.9037614013803372 5.873794168105337 22.506953016209213 10.343597878703596 14.151643622316001 4.538530659915274 8.160834145336562 24.039059725635788 1.7783330121021557 9.91142205558278 5.459009530972985 -4.014902718638477 -1.865413423148786 -5.375191399111648 3.678527630574795
19.65931863727455 13.352845502920605 4.471016689721328 7.94608746775916 5.978163656255191 0.947826641196059 2.365502606043197 16.892752079485092 23.551696177380002 37.44029148140918 19.517278709454562 22.030295215934213 11.31236219579139 15.688814762518902 2.917503383299377 5.887536150024377 22.520694998128263 10.357339860622654 14.165385604235059 4.552272641834314 8.174576127255602 24.052801707554828 1.7920749940211955 9.925164037501819 5.4727515128920246 -4.001160736719419 -1.8516714412297461 -5.361449417192608 3.692269612493835
19.71943887775551 13.366554479208563 4.484725666009286 7.959796444047136 5.991872632543149 0.9615356174840173 2.3792115823311555 16.90646105577305 23.56540515366797 37.45400045769714 19.53098768574252 22.04400419222217 11.326071172079349 15.70252373880686 2.9312123595873354 5.901245126312335 22.53440397441622 10.371048836910612 14.179094580523017 4.565981618122272 8.18828510354356 24.066510683842797 1.8057839703091538 9.938873013789777 5.486460489179983 -3.987451760431461 -1.83796246494177 -5.34774044090465 3.705978588781793
19.779559118236474 13.3802305843661 4.498401771166822 7.973472549204654 6.0055487377006855 0.9752117226415535 2.3928876874886917 16.920137160930587 23.579081258825497 37.46767656285468 19.544663790900056 22.057680297379708 11.339747277236885 15.716199843964397 2.9448884647448716 5.914921231469871 22.548080079573758 10.384724942068148 14.192770685680554 4.579657723279809 8.201961208701096 24.080186789000322 1.81946007546669 9.952549118947314 5.500136594337519 -3.9737756552739425 -1.8242863597842516 -5.334064335747113 3.7196546939393293
19.839679358717433 13.393873948586315 4.512045135387037 7.987115913424869 6.0191921019209005 0.9888550868617685 2.4065310517089067 16.9337805251508 23.59272462304571 37.48131992707489 19.55830715512027 22.071323661599923 11.3533906414571 15.729843208184612 2.9585318289650866 5.928564595690086 22.561723443793973 10.398368306288345 14.206414049900769 4.5933010875000235 8.215604572921311 24.093830153220537 1.833103439686905 9.966192483167529 5.513779958557734 -3.9601322910537275 -1.8106429955640366 -5.320420971526898 3.7332980581595443
19.899799599198396 13.4074847035148 4.525655890315523 8.000726668353373 6.032802856849386 1.002465841790272 2.4201418066373925 16.947391280079287 23.606335377974208 37.49493068200338 19.571917910048764 22.084934416528416 11.367001396385604 15.743453963113097 2.9721425838935724 5.942175350618572 22.57533419872246 10.411979061216849 14.220024804829254 4.606911842428527 8.229215327849797 24.107440908149034 1.8467141946154086 9.979803238096014 5.52739071348622 -3.946521536125224 -1.797032240635533 -5.306810216598395 3.746908813088048
19.95991983967936 13.421062983155263 4.539234169955986 8.014304947993818 6.046381136489831 1.016044121430717 2.433720086277855 16.96096955971975 23.61991365761466 37.508508961643834 19.58549618968922 22.098512696168864 11.380579676026048 15.75703224275356 2.985720863534035 5.955753630259017 22.58891247836291 10.425557340857294 14.2336030844697 4.620490122068972 8.24279360749026 24.121019187789486 1.8602924742558535 9.99338151773646 5.540968993126683 -3.932943256484779 -1.7834539609950881 -5.29323193695795 3.760487092728493
20.02004008016032 13.434608910193901 4.552780096994624 8.027850875032474 6.059927063528487 1.0295900484693732 2.4472660133164936 16.97451548675839 23.63345958465331 37.52205488868248 19.59904211672787 22.11205862320752 11.394125603064705 15.770578169792199 2.9992667905726735 5.969299557297673 22.602458405401556 10.43910326789595 14.247149011508355 4.6340360491076105 8.256339534528898 24.134565114828135 1.873838401294492 10.006927444775116 5.554514920165321 -3.919397329446123 -1.769908033956432 -5.2796860099193115 3.774033019767149
20.080160320641284 13.448122617975535 4.566293804776258 8.041364582814108 6.073440771310121 1.043103756251007 2.4607797210981275 16.988029194540022 23.646973292434943 37.53556859646412 19.612555824509503 22.125572330989154 11.407639310846339 15.784091877573832 3.0127804983543074 5.982813265079307 22.61597211318319 10.452616975677584 14.26066271928999 4.647549756889244 8.269853242310532 24.14807882260977 1.8873521090761258 10.02044115255675 5.568028627946955 -3.905883621664489 -1.756394326174798 -5.266172302137678 3.787546727548783
20.140280561122243 13.46160424006106 4.579775426861783 8.054846204899615 6.0869223933956285 1.0565853783365142 2.4742613431836524 17.001510816625547 23.660454914520457 37.54905021854963 19.62603744659501 22.13905395307466 11.421120932931846 15.79757349965934 3.0262621204398323 5.996294887164814 22.629453735268708 10.466098597763091 14.274144341375496 4.661031378974769 8.283334864396057 24.161560444695283 1.9008337311616508 10.033922774642257 5.58151025003248 -3.892401999578982 -1.7429127040892909 -5.252690680052153 3.80102834963429
20.200400801603205 13.475053894550921 4.593225081351644 8.068295859389476 6.1003720478854895 1.0700350328263752 2.4877109976735134 17.01496047111541 23.67390456901032 37.56249987303949 19.639487101084878 22.15250360756453 11.434570587421707 15.811023154149218 3.0397117749296934 6.009744541654693 22.64290338975857 10.479548252252952 14.287593995865357 4.67448103346463 8.296784518885918 24.175010099185144 1.9142833856515118 10.047372429132118 5.594959904522341 -3.878952345089121 -1.7294630495994299 -5.239241025562292 3.814478004124151
20.260521042084168 13.488471723588944 4.606642910389667 8.081713688427516 6.11378987692353 1.0834528618644157 2.501128826711536 17.02837830015343 23.68732239804835 37.575917702077525 19.65290493012291 22.165921436602563 11.447988416459747 15.824440983187241 3.053129603967716 6.023162370692716 22.6563212187966 10.492966081290993 14.301011824903398 4.687898862502671 8.31020234792394 24.188427928223177 1.9277012146895522 10.060790258170158 5.6083777335603635 -3.8655345160510803 -1.7160452205613894 -5.225823196524251 3.8278958331621915
20.32064128256513 13.501857843525293 4.620029030325998 8.095099808363848 6.127175996859862 1.0968389818007473 2.514514946647868 17.041764420089763 23.700708517984683 37.58930382201387 19.66629105005924 22.17930755653889 11.461374536396079 15.837827103123573 3.0665157239040477 6.036548490629047 22.66970733873294 10.506352201227324 14.31439794483973 4.701284982439002 8.32358846786029 24.20181404815951 1.941087334625884 10.07417637810649 5.621763853496713 -3.8521483961147487 -1.7026591006250578 -5.2124370765879195 3.841281953098523
20.38076152304609 13.515212386031923 4.633383572832646 8.108454350870495 6.140530539366509 1.1101935243073946 2.527869489154515 17.05511896259641 23.71406306049133 37.6026583645205 19.679645592565887 22.19266209904554 11.474729078902726 15.85118164563022 3.079870266410695 6.049903033135695 22.68306188123958 10.519706743733972 14.327752487346377 4.71463952494565 8.33694301036692 24.215168590666156 1.9544418771325311 10.087530920613137 5.635118396003342 -3.8387938536081014 -1.6893045581184105 -5.199082534081272 3.8546364956051704
20.440881763527052 13.52853547669671 4.646706663497415 8.121777441535265 6.1538536300312785 1.1235166149721643 2.5411925798192847 17.06844205326118 23.7273861511561 37.61598145518527 19.692968683230657 22.205985189710308 11.488052169567496 15.86450473629499 3.0931933570754646 6.063226123800464 22.696384971904358 10.533029834398741 14.341075578011147 4.727962615610419 8.35026610103169 24.228491681330926 1.9677649677973008 10.100854011277907 5.64844148666813 -3.8254707629433318 -1.6759814674536408 -5.185759443416503 3.86795958626994
20.501002004008015 13.541827241781714 4.659998428582437 8.135069206620287 6.1671453951163 1.136808380057186 2.5544843449043064 17.0817338183462 23.740677916241122 37.62927322027029 19.70626044831568 22.21927695479533 11.501343934652517 15.877796501380011 3.1064851221604863 6.076517888885486 22.709676736989373 10.546321599483763 14.354367343096168 4.741254380695423 8.363557866116711 24.241783446415948 1.9810567328823048 10.114145776362928 5.661733251753134 -3.81217899785831 -1.6626897023686191 -5.172467678331499 3.881251351354962
20.561122244488978 13.555087806050086 4.673258992850791 8.14832977088864 6.180405959384654 1.1500689443255396 2.56774490917266 17.094994382614555 23.753938480509476 37.64253378453865 19.719521012584035 22.232537519063687 11.514604498920871 15.891057065648365 3.11974568642884 6.08977845315384 22.722937301257733 10.559582163752117 14.367627907364522 4.754514944963795 8.376818430385065 24.2550440106843 1.9943172971506762 10.127406340631282 5.674993816021505 -3.7989184335899564 -1.6494291381002655 -5.159207114063127 3.8945119156233154
20.62124248496994 13.568317288716933 4.686488475517656 8.161559253555488 6.193635442051502 1.1632984269923874 2.5809743918395256 17.10822386528142 23.767167963176334 37.65576326720551 19.73275049525088 22.24576700173053 11.527833981587719 15.904286548315213 3.1329751690957055 6.1030079358206875 22.73616678392458 10.572811646418964 14.38085739003137 4.767744427630642 8.39004791305193 24.26827349335116 2.007546779817524 10.14063582329813 5.688223298688353 -3.7856889509231086 -1.6361996554334177 -5.1459776313962795 3.907741398290163
20.6813627254509 13.58151582772349 4.699687014524212 8.174757792562062 6.206833981058075 1.176496965998961 2.5941729308460815 17.121422404287976 23.780366502182897 37.66896180621207 19.745949034257453 22.258965540737105 11.541032520594293 15.917485087321786 3.1461737081022614 6.116206474827261 22.749365322931148 10.586010185425538 14.394055929037943 4.780942966637198 8.403246452058486 24.281472032357723 2.02074531882408 10.153834362304703 5.701421837694909 -3.772490411916535 -1.623001116426844 -5.132779092389724 3.920939937296737
20.741482965931862 13.594683533353464 4.712854720154187 8.187925498192019 6.22000168668805 1.1896646716289183 2.6073406364760565 17.13459010991795 23.79353420781286 37.682129511842035 19.75911673988742 22.272133246367073 11.55420022622425 15.930652792951761 3.1593414137322364 6.129374180457236 22.762533028561112 10.599177891055495 14.4072236346679 4.794110672267173 8.416414157688461 24.294639737987687 2.033913024454055 10.16700206793466 5.714589543324884 -3.7593227062865777 -1.6098334107968868 -5.119611386759749 3.934107642926694
20.801603206412825 13.60782054209162 4.7259917288923425 8.201062506930175 6.233138695426188 1.2028016803670738 2.620477645214212 17.147727118656107 23.806671216551017 37.69526652058019 19.772253748625577 22.285270255105228 11.567337234962405 15.943789801689917 3.172478422470392 6.142511189195392 22.775670037299268 10.61231489979365 14.420360643406056 4.807247681005329 8.429551166426617 24.307776746725843 2.0470500331922103 10.180139076672816 5.727726552063039 -3.7461856975484222 -1.5966964020587313 -5.106474378021593 3.9472446516648496
20.861723446893787 13.620926967445062 4.739098154245784 8.214168932283616 6.246245120779648 1.2159081057205157 2.633584070567654 17.16083354400955 23.81977764190446 37.70837294593364 19.78536017397902 22.29837668045867 11.580443660315847 15.956896227043359 3.1855848478238338 6.1556176145488335 22.78877646265272 10.625421325147093 14.433467068759516 4.820354106358771 8.442657591780058 24.320883172079284 2.060156458545652 10.193245502026276 5.740832977416481 -3.7330792721949804 -1.5835899767052894 -5.093367952668151 3.9603510770182915
20.92184368737475 13.634002931794864 4.752174118595587 8.227244896633419 6.25932108512945 1.228984070070318 2.6466600349174563 17.17390950835935 23.83285360625426 37.721448910283435 19.79843613832882 22.311452644808472 11.59351962466565 15.969972191393161 3.198660812173636 6.168693578898636 22.801852427002522 10.638497289496895 14.4465430331093 4.833430070708573 8.45573355612986 24.333959136429087 2.0732324228954546 10.206321466376078 5.753908941766284 -3.720003307845178 -1.570514012355487 -5.080291988318349 3.973427041368094
20.98196392785571 13.647048553501975 4.7652197403026975 8.240290518340547 6.272366706836561 1.2420296917774465 2.659705656624567 17.186955130066462 23.845899227961382 37.734494531990556 19.81148176003593 22.324498266515583 11.60656524637276 15.983017813100272 3.211706433880747 6.1817392006057466 22.81489804870963 10.651542911204023 14.459588654816429 4.846475692415684 8.468779177836971 24.347004758136208 2.0862780446025653 10.219367088083189 5.766954563473394 -3.7069576861380495 -1.5574683906483586 -5.067246366611238 3.9864726630752045
21.04208416833667 13.660063962619802 4.778235149420507 8.253305927458356 6.28538211595437 1.2550451008952557 2.672721065742376 17.19997053918429 23.858914637079202 37.74750994110837 19.824497169153748 22.3375136756334 11.619580655490587 15.996033222218081 3.224721842998574 6.194754609723556 22.82791345782745 10.664558320321833 14.472604063934238 4.859491101533511 8.481794586954798 24.360020167254028 2.099293453720392 10.232382497200998 5.779969972591221 -3.6939422770202404 -1.5444529815305494 -5.054230957493411 3.9994880721930315
21.102204408817634 13.673049277924001 4.791220464724706 8.266291242762556 6.298367431258569 1.268030416199455 2.6857063810465753 17.21295585448847 23.87189995238339 37.760495256412575 19.837482484457947 22.3504989909376 11.632565970794786 16.00901853752228 3.2377071583027552 6.207739925027755 22.84089877313165 10.677543635626032 14.485589379238437 4.87247641683771 8.49477990225898 24.373005482558217 2.1122787690245914 10.245367812505197 5.7929552878954205 -3.680956961716041 -1.5314676662263502 -5.041245642189212 4.012473387497231
21.162324649298597 13.68600461445654 4.804175801257262 8.279246579295094 6.311322767791108 1.2809857527319934 2.6986617175791316 17.225911191021027 23.884855288915936 37.77345059294511 19.850437820990496 22.36345432747014 11.645521307327325 16.021973874054837 3.2506624948353116 6.2206952615602935 22.853854109664187 10.69049897215857 14.498544715770976 4.8854317533702485 8.507735238791536 24.385960819090762 2.12523410555713 10.258323149037736 5.805910624427959 -3.6680016251835026 -1.5185123296938117 -5.0282903056566735 4.025428724029769
