web/models/kne.last_good/kappa_0.5_3.0.v1/38/villar_0.0012_0.3277_0.5000.dat
# %ECSV 1.0
# ---
# datatype:
# - {name: time, datatype: float64}
# - {name: swift_uvot_uvw2, datatype: float64}
# - {name: swift_uvot_uvm2, datatype: float64}
# - {name: swift_uvot_uvw1, datatype: float64}
# - {name: swift_uvot_U, datatype: float64}
# - {name: swift_uvot_B, datatype: float64}
# - {name: swift_uvot_V, datatype: float64}
# - {name: swift_uvot_W, datatype: float64}
# - {name: johnson_U, datatype: float64}
# - {name: johnson_B, datatype: float64}
# - {name: johnson_V, datatype: float64}
# - {name: johnson_R, datatype: float64}
# - {name: johnson_I, datatype: float64}
# - {name: sdss_u, datatype: float64}
# - {name: sdss_g, datatype: float64}
# - {name: sdss_r, datatype: float64}
# - {name: sdss_i, datatype: float64}
# - {name: sdss_z, datatype: float64}
# - {name: PS1_g, datatype: float64}
# - {name: PS1_r, datatype: float64}
# - {name: PS1_i, datatype: float64}
# - {name: PS1_z, datatype: float64}
# - {name: PS1_Y, datatype: float64}
# - {name: PS1_w, datatype: float64}
# - {name: ATLAS_c, datatype: float64}
# - {name: ATLAS_o, datatype: float64}
# - {name: ukirt_J, datatype: float64}
# - {name: ukirt_H, datatype: float64}
# - {name: ukirt_K, datatype: float64}
# - {name: Clear, datatype: float64}
# meta: !!omap
# - comment: [kappa = 0.5, type = villar, mass = 0.0012301715156502338, velocity = 0.32766666666666666, theta_obs = 0.0]
# schema: astropy-2.0
time swift_uvot_uvw2 swift_uvot_uvm2 swift_uvot_uvw1 swift_uvot_U swift_uvot_B swift_uvot_V swift_uvot_W johnson_U johnson_B johnson_V johnson_R johnson_I sdss_u sdss_g sdss_r sdss_i sdss_z PS1_g PS1_r PS1_i PS1_z PS1_Y PS1_w ATLAS_c ATLAS_o ukirt_J ukirt_H ukirt_K Clear
[from data line 148]
0.082253 -9.927 -10.307 -10.819 -11.609 -11.909 -12.02 -11.248 -11.67 -11.909 -12.018 -11.973 -11.821 -11.66 -11.959 -12.013 -11.933 -11.797 -11.987 -12.021 -11.941 -11.843 -11.787 -11.976 -11.995 -11.979 -11.411 -11.019 -10.515 -11.961
0.084741 -9.899 -10.281 -10.806 -11.613 -11.925 -12.045 -11.253 -11.677 -11.925 -12.043 -12.004 -11.857 -11.666 -11.978 -12.042 -11.967 -11.834 -12.007 -12.049 -11.975 -11.879 -11.825 -12.003 -12.018 -12.01 -11.453 -11.064 -10.562 -11.987
0.087304 -9.869 -10.254 -10.792 -11.617 -11.94 -12.068 -11.257 -11.682 -11.94 -12.067 -12.034 -11.893 -11.67 -11.996 -12.07 -12.0 -11.87 -12.027 -12.077 -12.007 -11.915 -11.862 -12.03 -12.041 -12.04 -11.494 -11.108 -10.609 -12.013
0.089944 -9.837 -10.225 -10.776 -11.619 -11.953 -12.091 -11.26 -11.686 -11.954 -12.09 -12.064 -11.928 -11.674 -12.013 -12.097 -12.032 -11.906 -12.045 -12.104 -12.04 -11.95 -11.899 -12.056 -12.062 -12.069 -11.535 -11.152 -10.655 -12.038
0.092665 -9.804 -10.193 -10.758 -11.619 -11.966 -12.113 -11.263 -11.689 -11.967 -12.112 -12.093 -11.963 -11.676 -12.03 -12.123 -12.063 -11.942 -12.063 -12.131 -12.071 -11.984 -11.935 -12.081 -12.083 -12.098 -11.576 -11.196 -10.701 -12.062
0.095467 -9.768 -10.159 -10.739 -11.618 -11.978 -12.134 -11.264 -11.69 -11.979 -12.133 -12.121 -11.997 -11.677 -12.045 -12.148 -12.094 -11.977 -12.079 -12.156 -12.102 -12.018 -11.971 -12.106 -12.103 -12.125 -11.616 -11.239 -10.746 -12.086
0.098355 -9.731 -10.123 -10.718 -11.616 -11.988 -12.154 -11.264 -11.69 -11.989 -12.154 -12.148 -12.03 -11.676 -12.059 -12.173 -12.125 -12.011 -12.094 -12.181 -12.132 -12.052 -12.006 -12.129 -12.121 -12.152 -11.656 -11.282 -10.792 -12.108
0.101329 -9.691 -10.085 -10.694 -11.612 -11.997 -12.173 -11.262 -11.688 -11.999 -12.173 -12.175 -12.063 -11.674 -12.071 -12.197 -12.154 -12.044 -12.109 -12.204 -12.162 -12.085 -12.041 -12.152 -12.139 -12.179 -11.696 -11.324 -10.837 -12.13
0.104394 -9.65 -10.044 -10.669 -11.606 -12.005 -12.191 -11.26 -11.685 -12.006 -12.191 -12.201 -12.095 -11.67 -12.083 -12.219 -12.183 -12.077 -12.122 -12.227 -12.191 -12.117 -12.075 -12.174 -12.156 -12.204 -11.735 -11.366 -10.881 -12.151
0.107551 -9.606 -10.001 -10.642 -11.598 -12.011 -12.208 -11.256 -11.68 -12.013 -12.208 -12.226 -12.127 -11.664 -12.093 -12.241 -12.211 -12.11 -12.134 -12.249 -12.219 -12.148 -12.108 -12.195 -12.171 -12.228 -11.773 -11.408 -10.926 -12.171
0.110804 -9.559 -9.954 -10.612 -11.589 -12.016 -12.224 -11.251 -11.673 -12.018 -12.224 -12.25 -12.157 -11.656 -12.102 -12.262 -12.238 -12.141 -12.144 -12.27 -12.246 -12.179 -12.141 -12.215 -12.185 -12.252 -11.811 -11.449 -10.97 -12.189
0.114155 -9.511 -9.905 -10.58 -11.578 -12.019 -12.238 -11.244 -11.664 -12.022 -12.239 -12.273 -12.187 -11.647 -12.109 -12.281 -12.264 -12.172 -12.153 -12.29 -12.272 -12.209 -12.173 -12.233 -12.198 -12.274 -11.848 -11.49 -11.013 -12.207
0.117608 -9.459 -9.852 -10.545 -11.564 -12.021 -12.251 -11.236 -11.653 -12.023 -12.252 -12.295 -12.216 -11.635 -12.115 -12.3 -12.289 -12.202 -12.161 -12.308 -12.297 -12.238 -12.204 -12.251 -12.21 -12.296 -11.885 -11.53 -11.056 -12.223
0.121165 -9.405 -9.797 -10.508 -11.549 -12.021 -12.263 -11.226 -11.641 -12.023 -12.264 -12.316 -12.244 -11.621 -12.12 -12.317 -12.313 -12.231 -12.167 -12.325 -12.321 -12.266 -12.235 -12.267 -12.22 -12.316 -11.921 -11.57 -11.099 -12.239
0.124829 -9.349 -9.738 -10.468 -11.531 -12.019 -12.273 -11.214 -11.625 -12.022 -12.275 -12.335 -12.271 -11.605 -12.122 -12.333 -12.336 -12.259 -12.171 -12.341 -12.345 -12.294 -12.264 -12.282 -12.229 -12.335 -11.956 -11.609 -11.141 -12.253
0.128605 -9.289 -9.675 -10.425 -11.51 -12.015 -12.282 -11.2 -11.608 -12.018 -12.284 -12.354 -12.298 -11.587 -12.123 -12.347 -12.358 -12.286 -12.174 -12.356 -12.367 -12.32 -12.293 -12.296 -12.236 -12.353 -11.991 -11.648 -11.183 -12.266
0.132494 -9.227 -9.608 -10.379 -11.487 -12.009 -12.289 -11.185 -11.588 -12.012 -12.291 -12.371 -12.323 -11.566 -12.122 -12.361 -12.378 -12.312 -12.175 -12.369 -12.387 -12.345 -12.321 -12.308 -12.242 -12.37 -12.025 -11.686 -11.224 -12.277
0.136502 -9.161 -9.537 -10.329 -11.461 -12.001 -12.294 -11.168 -11.565 -12.004 -12.297 -12.387 -12.347 -11.542 -12.119 -12.372 -12.398 -12.338 -12.174 -12.381 -12.407 -12.369 -12.348 -12.319 -12.246 -12.385 -12.058 -11.723 -11.265 -12.287
0.14063 -9.092 -9.462 -10.277 -11.433 -11.99 -12.297 -11.148 -11.54 -11.994 -12.301 -12.401 -12.37 -11.516 -12.113 -12.382 -12.416 -12.362 -12.171 -12.391 -12.425 -12.392 -12.373 -12.329 -12.247 -12.398 -12.09 -11.76 -11.305 -12.295
0.144883 -9.02 -9.383 -10.22 -11.401 -11.977 -12.299 -11.126 -11.511 -11.982 -12.303 -12.414 -12.391 -11.486 -12.106 -12.39 -12.433 -12.384 -12.166 -12.399 -12.442 -12.414 -12.398 -12.336 -12.247 -12.41 -12.122 -11.796 -11.345 -12.302
0.149265 -8.945 -9.298 -10.16 -11.366 -11.961 -12.298 -11.102 -11.48 -11.966 -12.302 -12.425 -12.412 -11.454 -12.096 -12.397 -12.448 -12.406 -12.158 -12.406 -12.457 -12.435 -12.422 -12.342 -12.245 -12.421 -12.152 -11.831 -11.384 -12.306
0.15378 -8.866 -9.209 -10.095 -11.327 -11.943 -12.295 -11.075 -11.445 -11.948 -12.3 -12.434 -12.431 -11.417 -12.083 -12.401 -12.461 -12.426 -12.148 -12.411 -12.471 -12.454 -12.444 -12.346 -12.24 -12.429 -12.182 -11.865 -11.422 -12.309
0.15843 -8.784 -9.114 -10.027 -11.285 -11.921 -12.29 -11.046 -11.406 -11.927 -12.295 -12.441 -12.448 -11.378 -12.068 -12.403 -12.473 -12.445 -12.135 -12.413 -12.483 -12.471 -12.465 -12.348 -12.234 -12.436 -12.21 -11.899 -11.46 -12.31
0.163222 -8.697 -9.013 -9.953 -11.239 -11.897 -12.282 -11.014 -11.364 -11.903 -12.288 -12.447 -12.464 -11.334 -12.05 -12.403 -12.483 -12.462 -12.12 -12.413 -12.493 -12.487 -12.484 -12.347 -12.224 -12.441 -12.237 -11.932 -11.497 -12.309
0.168159 -8.608 -8.905 -9.875 -11.188 -11.869 -12.271 -10.978 -11.317 -11.876 -12.278 -12.45 -12.478 -11.286 -12.028 -12.401 -12.491 -12.477 -12.101 -12.411 -12.501 -12.502 -12.502 -12.345 -12.212 -12.443 -12.263 -11.963 -11.533 -12.306
0.173245 -8.514 -8.792 -9.792 -11.133 -11.837 -12.258 -10.94 -11.266 -11.845 -12.265 -12.451 -12.49 -11.234 -12.004 -12.396 -12.497 -12.491 -12.08 -12.407 -12.508 -12.514 -12.518 -12.34 -12.197 -12.443 -12.288 -11.994 -11.568 -12.3
0.178484 -8.417 -8.671 -9.703 -11.073 -11.802 -12.241 -10.898 -11.211 -11.81 -12.249 -12.45 -12.5 -11.177 -11.975 -12.388 -12.5 -12.503 -12.055 -12.399 -12.512 -12.525 -12.533 -12.332 -12.179 -12.441 -12.311 -12.023 -11.602 -12.292
0.183882 -8.316 -8.543 -9.608 -11.009 -11.762 -12.221 -10.853 -11.15 -11.771 -12.229 -12.446 -12.509 -11.115 -11.943 -12.378 -12.502 -12.512 -12.026 -12.389 -12.513 -12.533 -12.546 -12.322 -12.157 -12.436 -12.333 -12.051 -11.635 -12.281
0.189444 -8.211 -8.406 -9.507 -10.938 -11.718 -12.197 -10.803 -11.085 -11.728 -12.207 -12.439 -12.515 -11.047 -11.907 -12.364 -12.5 -12.52 -11.993 -12.376 -12.512 -12.539 -12.557 -12.309 -12.132 -12.428 -12.353 -12.078 -11.668 -12.267
0.195173 -8.103 -8.261 -9.399 -10.862 -11.67 -12.17 -10.75 -11.013 -11.68 -12.18 -12.429 -12.518 -10.974 -11.867 -12.347 -12.496 -12.525 -11.957 -12.359 -12.508 -12.543 -12.565 -12.292 -12.104 -12.417 -12.372 -12.104 -11.699 -12.25
0.201076 -7.991 -8.107 -9.284 -10.779 -11.616 -12.139 -10.692 -10.935 -11.627 -12.15 -12.416 -12.52 -10.895 -11.822 -12.327 -12.489 -12.528 -11.916 -12.339 -12.502 -12.545 -12.572 -12.272 -12.071 -12.403 -12.389 -12.128 -11.729 -12.23
0.207158 -7.876 -7.943 -9.162 -10.689 -11.557 -12.103 -10.629 -10.851 -11.568 -12.115 -12.4 -12.518 -10.808 -11.772 -12.302 -12.479 -12.528 -11.87 -12.316 -12.492 -12.543 -12.575 -12.249 -12.033 -12.386 -12.403 -12.151 -11.758 -12.207
0.213423 -7.759 -7.768 -9.032 -10.593 -11.492 -12.062 -10.562 -10.76 -11.504 -12.075 -12.379 -12.513 -10.715 -11.717 -12.274 -12.465 -12.526 -11.819 -12.288 -12.479 -12.539 -12.577 -12.221 -11.992 -12.364 -12.416 -12.172 -11.785 -12.179
0.219878 -7.639 -7.582 -8.893 -10.488 -11.42 -12.017 -10.489 -10.661 -11.434 -12.031 -12.355 -12.506 -10.614 -11.655 -12.241 -12.448 -12.52 -11.762 -12.255 -12.462 -12.531 -12.575 -12.19 -11.945 -12.339 -12.427 -12.191 -11.811 -12.148
0.226528 -7.518 -7.384 -8.745 -10.375 -11.342 -11.965 -10.41 -10.554 -11.357 -11.981 -12.327 -12.494 -10.504 -11.588 -12.203 -12.427 -12.511 -11.7 -12.218 -12.441 -12.52 -12.571 -12.153 -11.892 -12.309 -12.435 -12.208 -11.836 -12.112
0.233379 -7.395 -7.172 -8.588 -10.252 -11.257 -11.908 -10.326 -10.438 -11.272 -11.925 -12.294 -12.48 -10.386 -11.514 -12.16 -12.401 -12.498 -11.631 -12.176 -12.416 -12.506 -12.563 -12.112 -11.834 -12.275 -12.44 -12.223 -11.859 -12.072
0.240437 -7.272 -6.947 -8.42 -10.12 -11.163 -11.845 -10.234 -10.313 -11.18 -11.862 -12.256 -12.461 -10.258 -11.432 -12.111 -12.371 -12.481 -11.556 -12.128 -12.387 -12.487 -12.551 -12.066 -11.77 -12.236 -12.443 -12.236 -11.88 -12.027
0.247709 -7.15 -6.706 -8.24 -9.977 -11.061 -11.774 -10.136 -10.177 -11.079 -11.793 -12.213 -12.438 -10.119 -11.343 -12.056 -12.336 -12.461 -11.473 -12.074 -12.352 -12.464 -12.536 -12.015 -11.698 -12.191 -12.443 -12.247 -11.899 -11.977
0.255201 -7.028 -6.45 -8.05 -9.823 -10.95 -11.696 -10.03 -10.03 -10.97 -11.717 -12.164 -12.41 -9.969 -11.245 -11.995 -12.295 -12.435 -11.381 -12.014 -12.312 -12.437 -12.517 -11.957 -11.62 -12.14 -12.439 -12.255 -11.916 -11.921
0.262919 -6.909 -6.175 -7.846 -9.655 -10.828 -11.61 -9.916 -9.871 -10.85 -11.632 -12.108 -12.377 -9.806 -11.138 -11.927 -12.248 -12.405 -11.282 -11.947 -12.267 -12.404 -12.493 -11.892 -11.533 -12.083 -12.432 -12.26 -11.931 -11.859
0.270871 -6.792 -5.882 -7.629 -9.475 -10.696 -11.515 -9.793 -9.699 -10.719 -11.539 -12.046 -12.339 -9.63 -11.021 -11.85 -12.195 -12.37 -11.173 -11.872 -12.215 -12.366 -12.464 -11.821 -11.438 -12.018 -12.421 -12.262 -11.944 -11.79
0.279064 -6.679 -5.569 -7.398 -9.279 -10.552 -11.41 -9.661 -9.513 -10.577 -11.436 -11.976 -12.295 -9.44 -10.893 -11.766 -12.136 -12.328 -11.054 -11.788 -12.156 -12.322 -12.43 -11.742 -11.333 -11.947 -12.406 -12.261 -11.954 -11.715
0.287504 -6.569 -5.234 -7.151 -9.068 -10.394 -11.295 -9.518 -9.311 -10.422 -11.323 -11.898 -12.244 -9.233 -10.753 -11.672 -12.068 -12.28 -10.924 -11.696 -12.089 -12.272 -12.39 -11.654 -11.218 -11.867 -12.386 -12.257 -11.962 -11.632
0.296199 -6.464 -4.876 -6.888 -8.838 -10.223 -11.168 -9.365 -9.092 -10.253 -11.199 -11.811 -12.186 -9.009 -10.6 -11.568 -11.992 -12.226 -10.782 -11.594 -12.015 -12.214 -12.344 -11.557 -11.093 -11.778 -12.361 -12.249 -11.966 -11.541
0.305157 -6.362 -4.495 -6.608 -8.59 -10.036 -11.028 -9.199 -8.854 -10.069 -11.062 -11.715 -12.121 -8.767 -10.433 -11.452 -11.907 -12.163 -10.627 -11.481 -11.931 -12.149 -12.291 -11.451 -10.955 -11.679 -12.331 -12.236 -11.967 -11.441
0.314387 -6.263 -4.089 -6.31 -8.32 -9.832 -10.875 -9.021 -8.596 -9.869 -10.911 -11.608 -12.047 -8.503 -10.25 -11.325 -11.812 -12.093 -10.458 -11.356 -11.837 -12.074 -12.231 -11.334 -10.803 -11.569 -12.295 -12.219 -11.965 -11.332
0.323895 -6.166 -3.659 -5.992 -8.028 -9.61 -10.706 -8.828 -8.316 -9.65 -10.746 -11.489 -11.964 -8.217 -10.051 -11.185 -11.706 -12.013 -10.275 -11.219 -11.733 -11.991 -12.162 -11.205 -10.638 -11.448 -12.253 -12.197 -11.959 -11.212
0.333691 -6.072 -3.206 -5.653 -7.71 -9.367 -10.521 -8.621 -8.012 -9.411 -10.565 -11.358 -11.87 -7.905 -9.833 -11.03 -11.588 -11.923 -10.075 -11.067 -11.617 -11.897 -12.084 -11.063 -10.456 -11.314 -12.203 -12.169 -11.949 -11.082
0.343783 -5.977 -2.736 -5.291 -7.364 -9.102 -10.317 -8.397 -7.68 -9.151 -10.365 -11.213 -11.766 -7.566 -9.594 -10.859 -11.457 -11.822 -9.858 -10.9 -11.488 -11.792 -11.996 -10.907 -10.257 -11.166 -12.146 -12.136 -11.934 -10.94
0.354181 -5.882 -2.256 -4.906 -6.988 -8.812 -10.093 -8.155 -7.319 -8.866 -10.146 -11.052 -11.649 -7.197 -9.333 -10.67 -11.312 -11.709 -9.622 -10.716 -11.345 -11.675 -11.897 -10.735 -10.039 -11.002 -12.08 -12.096 -11.914 -10.786
0.364893 -5.784 -1.78 -4.496 -6.578 -8.495 -9.847 -7.893 -6.925 -8.555 -9.905 -10.875 -11.518 -6.794 -9.047 -10.462 -11.149 -11.582 -9.367 -10.514 -11.185 -11.543 -11.786 -10.547 -9.8 -10.821 -12.004 -12.048 -11.889 -10.618
0.375929 -5.683 -1.329 -4.058 -6.13 -8.148 -9.576 -7.61 -6.495 -8.214 -9.639 -10.679 -11.372 -6.354 -8.734 -10.231 -10.969 -11.441 -9.091 -10.29 -11.008 -11.397 -11.662 -10.339 -9.537 -10.62 -11.918 -11.993 -11.858 -10.436
0.387298 -5.576 -0.925 -3.592 -5.641 -7.767 -9.277 -7.304 -6.025 -7.841 -9.347 -10.462 -11.21 -5.873 -8.389 -9.977 -10.77 -11.283 -8.794 -10.045 -10.812 -11.233 -11.522 -10.111 -9.249 -10.399 -11.82 -11.928 -11.82 -10.239
0.399012 -5.463 -0.584 -3.093 -5.106 -7.349 -8.947 -6.973 -5.51 -7.432 -9.025 -10.222 -11.029 -5.346 -8.012 -9.696 -10.547 -11.106 -8.475 -9.774 -10.594 -11.05 -11.367 -9.86 -8.932 -10.155 -11.709 -11.854 -11.775 -10.025
0.41108 -5.342 -0.308 -2.56 -4.519 -6.89 -8.583 -6.615 -4.945 -6.983 -8.67 -9.956 -10.827 -4.768 -7.596 -9.385 -10.3 -10.908 -8.136 -9.476 -10.352 -10.846 -11.192 -9.584 -8.584 -9.884 -11.583 -11.768 -11.721 -9.795
0.423513 -5.212 -0.085 -1.988 -3.875 -6.384 -8.181 -6.227 -4.324 -6.489 -8.277 -9.662 -10.602 -4.132 -7.138 -9.041 -10.025 -10.687 -7.779 -9.149 -10.083 -10.618 -10.998 -9.279 -8.2 -9.584 -11.44 -11.67 -11.658 -9.546
0.436321 -5.071 0.105 -1.374 -3.166 -5.826 -7.735 -5.808 -3.642 -5.945 -7.843 -9.337 -10.351 -3.433 -6.633 -8.658 -9.719 -10.44 -7.407 -8.789 -9.785 -10.364 -10.78 -8.942 -7.776 -9.252 -11.279 -11.558 -11.585 -9.28
0.449518 -4.918 0.282 -0.711 -2.385 -5.21 -7.241 -5.355 -2.889 -5.345 -7.362 -8.975 -10.071 -2.662 -6.074 -8.234 -9.378 -10.164 -7.028 -8.395 -9.453 -10.081 -10.538 -8.569 -7.309 -8.884 -11.097 -11.43 -11.501 -8.995
0.463113 -4.751 0.459 0.005 -1.523 -4.529 -6.692 -4.869 -2.057 -4.683 -6.829 -8.573 -9.758 -1.809 -5.456 -7.762 -8.997 -9.854 -6.65 -7.965 -9.084 -9.764 -10.267 -8.157 -6.791 -8.474 -10.891 -11.284 -11.403 -8.693
0.47712 -4.568 0.646 0.783 -0.568 -3.773 -6.081 -4.348 -1.136 -3.95 -6.237 -8.127 -9.408 -0.865 -4.771 -7.236 -8.571 -9.507 -6.28 -7.498 -8.674 -9.409 -9.965 -7.699 -6.218 -8.019 -10.658 -11.118 -11.29 -8.373
0.49155 -4.368 0.847 1.63 0.491 -2.933 -5.4 -3.796 -0.113 -3.137 -5.577 -7.629 -9.016 0.183 -4.009 -6.649 -8.094 -9.118 -5.927 -6.997 -8.22 -9.013 -9.628 -7.191 -5.581 -7.512 -10.395 -10.929 -11.161 -8.037
0.506416 -4.148 1.068 2.558 1.669 -1.998 -4.639 -3.222 1.025 -2.234 -4.841 -7.074 -8.577 1.35 -3.16 -5.992 -7.56 -8.68 -5.591 -6.465 -7.716 -8.57 -9.253 -6.625 -4.872 -6.946 -10.096 -10.714 -11.013 -7.688
0.521733 -3.906 1.31 3.577 2.983 -0.954 -3.786 -2.636 2.294 -1.228 -4.019 -6.453 -8.084 2.652 -2.212 -5.256 -6.958 -8.186 -5.27 -5.915 -7.16 -8.075 -8.836 -5.992 -4.081 -6.313 -9.758 -10.468 -10.842 -7.326
0.537512 -3.638 1.577 4.701 4.453 0.215 -2.828 -2.058 3.715 -0.106 -3.097 -5.758 -7.53 4.109 -1.151 -4.428 -6.281 -7.629 -4.954 -5.363 -6.551 -7.524 -8.375 -5.284 -3.195 -5.603 -9.373 -10.188 -10.646 -6.953
0.553769 -3.342 1.874 5.946 6.102 1.528 -1.75 -1.505 5.309 1.151 -2.063 -4.978 -6.905 5.744 0.041 -3.496 -5.516 -6.999 -4.631 -4.824 -5.893 -6.911 -7.868 -4.49 -2.202 -4.805 -8.935 -9.867 -10.421 -6.569
0.570517 -3.013 2.203 7.328 7.958 3.007 -0.531 -0.988 7.104 2.561 -0.898 -4.1 -6.2 7.586 1.384 -2.442 -4.65 -6.284 -4.288 -4.313 -5.196 -6.235 -7.314 -3.595 -1.084 -3.906 -8.435 -9.5 -10.162 -6.17
0.587772 -2.645 2.57 8.87 10.055 4.678 0.85 -0.499 9.132 4.149 0.417 -3.111 -5.402 9.666 2.902 -1.248 -3.666 -5.472 -3.914 -3.827 -4.481 -5.5 -6.717 -2.584 0.179 -2.891 -7.863 -9.078 -9.863 -5.753
0.605549 -2.234 2.982 10.599 12.433 6.572 2.419 -0.02 11.431 5.943 1.905 -1.991 -4.497 12.026 4.624 0.11 -2.546 -4.546 -3.501 -3.348 -3.773 -4.719 -6.083 -1.438 1.61 -1.739 -7.206 -8.593 -9.517 -5.307
0.623863 -1.771 3.445 12.544 15.141 8.729 4.211 0.476 14.049 7.977 3.595 -0.721 -3.467 14.711 6.585 1.66 -1.266 -3.488 -3.037 -2.852 -3.094 -3.914 -5.421 -0.134 3.239 -0.429 -6.451 -8.033 -9.116 -4.823
