web/models/kne.last_good/kappa_0.5_3.0.v1/38/villar_0.0224_0.4060_3.0000.dat
# %ECSV 1.0
# ---
# datatype:
# - {name: time, datatype: float64}
# - {name: swift_uvot_uvw2, datatype: float64}
# - {name: swift_uvot_uvm2, datatype: float64}
# - {name: swift_uvot_uvw1, datatype: float64}
# - {name: swift_uvot_U, datatype: float64}
# - {name: swift_uvot_B, datatype: float64}
# - {name: swift_uvot_V, datatype: float64}
# - {name: swift_uvot_W, datatype: float64}
# - {name: johnson_U, datatype: float64}
# - {name: johnson_B, datatype: float64}
# - {name: johnson_V, datatype: float64}
# - {name: johnson_R, datatype: float64}
# - {name: johnson_I, datatype: float64}
# - {name: sdss_u, datatype: float64}
# - {name: sdss_g, datatype: float64}
# - {name: sdss_r, datatype: float64}
# - {name: sdss_i, datatype: float64}
# - {name: sdss_z, datatype: float64}
# - {name: PS1_g, datatype: float64}
# - {name: PS1_r, datatype: float64}
# - {name: PS1_i, datatype: float64}
# - {name: PS1_z, datatype: float64}
# - {name: PS1_Y, datatype: float64}
# - {name: PS1_w, datatype: float64}
# - {name: ATLAS_c, datatype: float64}
# - {name: ATLAS_o, datatype: float64}
# - {name: ukirt_J, datatype: float64}
# - {name: ukirt_H, datatype: float64}
# - {name: ukirt_K, datatype: float64}
# - {name: Clear, datatype: float64}
# meta: !!omap
# - comment: [kappa = 3.0, type = villar, mass = 0.022360679775100388, velocity = 0.406, theta_obs = 0.0]
# schema: astropy-2.0
time swift_uvot_uvw2 swift_uvot_uvm2 swift_uvot_uvw1 swift_uvot_U swift_uvot_B swift_uvot_V swift_uvot_W johnson_U johnson_B johnson_V johnson_R johnson_I sdss_u sdss_g sdss_r sdss_i sdss_z PS1_g PS1_r PS1_i PS1_z PS1_Y PS1_w ATLAS_c ATLAS_o ukirt_J ukirt_H ukirt_K Clear
[from data line 77]
0.009917 -10.251 -10.31 -10.328 -10.281 -10.103 -9.855 -10.219 -10.259 -10.1 -9.846 -9.548 -9.179 -10.265 -10.027 -9.687 -9.405 -9.124 -10.011 -9.705 -9.425 -9.222 -9.151 -9.715 -9.895 -9.57 -8.532 -8.03 -7.437 -9.763
0.010217 -10.28 -10.343 -10.363 -10.323 -10.149 -9.903 -10.257 -10.302 -10.145 -9.894 -9.597 -9.23 -10.308 -10.073 -9.736 -9.456 -9.175 -10.057 -9.753 -9.475 -9.272 -9.201 -9.763 -9.942 -9.62 -8.585 -8.084 -7.49 -9.811
0.010526 -10.309 -10.375 -10.398 -10.365 -10.194 -9.95 -10.294 -10.344 -10.19 -9.941 -9.647 -9.28 -10.35 -10.119 -9.785 -9.506 -9.226 -10.103 -9.802 -9.524 -9.322 -9.251 -9.812 -9.989 -9.669 -8.637 -8.137 -7.544 -9.858
0.010845 -10.337 -10.407 -10.433 -10.407 -10.239 -9.998 -10.331 -10.386 -10.235 -9.989 -9.696 -9.331 -10.392 -10.164 -9.833 -9.555 -9.277 -10.149 -9.85 -9.574 -9.373 -9.3 -9.859 -10.036 -9.718 -8.689 -8.19 -7.598 -9.905
0.011173 -10.364 -10.438 -10.468 -10.448 -10.283 -10.045 -10.367 -10.428 -10.28 -10.036 -9.745 -9.382 -10.434 -10.21 -9.882 -9.605 -9.328 -10.195 -9.898 -9.623 -9.423 -9.349 -9.907 -10.083 -9.767 -8.742 -8.243 -7.652 -9.953
0.011511 -10.392 -10.469 -10.502 -10.489 -10.328 -10.092 -10.403 -10.47 -10.324 -10.083 -9.794 -9.432 -10.476 -10.255 -9.93 -9.655 -9.379 -10.241 -9.946 -9.673 -9.472 -9.399 -9.955 -10.129 -9.815 -8.794 -8.296 -7.705 -10.0
0.011859 -10.419 -10.5 -10.536 -10.53 -10.372 -10.139 -10.44 -10.511 -10.369 -10.13 -9.842 -9.482 -10.517 -10.301 -9.978 -9.704 -9.429 -10.286 -9.994 -9.722 -9.522 -9.448 -10.002 -10.176 -9.864 -8.846 -8.349 -7.759 -10.046
0.012217 -10.445 -10.53 -10.57 -10.571 -10.416 -10.186 -10.475 -10.552 -10.413 -10.177 -9.891 -9.533 -10.558 -10.346 -10.026 -9.754 -9.48 -10.331 -10.042 -9.771 -9.572 -9.497 -10.05 -10.222 -9.913 -8.898 -8.402 -7.813 -10.093
0.012587 -10.472 -10.56 -10.603 -10.611 -10.46 -10.233 -10.511 -10.594 -10.457 -10.224 -9.94 -9.583 -10.599 -10.391 -10.074 -9.803 -9.53 -10.377 -10.089 -9.82 -9.622 -9.546 -10.097 -10.268 -9.961 -8.95 -8.455 -7.866 -10.14
0.012968 -10.497 -10.59 -10.636 -10.651 -10.504 -10.279 -10.546 -10.634 -10.501 -10.27 -9.988 -9.633 -10.64 -10.435 -10.122 -9.853 -9.58 -10.421 -10.137 -9.869 -9.671 -9.595 -10.144 -10.314 -10.009 -9.002 -8.507 -7.92 -10.186
0.01336 -10.523 -10.619 -10.669 -10.691 -10.548 -10.325 -10.581 -10.675 -10.544 -10.317 -10.036 -9.683 -10.68 -10.48 -10.169 -9.902 -9.631 -10.466 -10.184 -9.918 -9.721 -9.644 -10.191 -10.36 -10.058 -9.054 -8.56 -7.973 -10.233
0.013764 -10.548 -10.648 -10.701 -10.731 -10.591 -10.372 -10.616 -10.715 -10.588 -10.363 -10.085 -9.733 -10.721 -10.524 -10.217 -9.951 -9.681 -10.511 -10.231 -9.967 -9.77 -9.693 -10.238 -10.406 -10.106 -9.105 -8.613 -8.026 -10.279
0.01418 -10.572 -10.676 -10.734 -10.77 -10.635 -10.418 -10.651 -10.755 -10.631 -10.409 -10.133 -9.783 -10.761 -10.568 -10.264 -10.0 -9.731 -10.555 -10.279 -10.015 -9.819 -9.742 -10.284 -10.451 -10.154 -9.157 -8.665 -8.08 -10.325
0.014609 -10.596 -10.705 -10.765 -10.81 -10.678 -10.464 -10.685 -10.795 -10.674 -10.455 -10.181 -9.832 -10.8 -10.613 -10.311 -10.048 -9.781 -10.6 -10.326 -10.064 -9.869 -9.791 -10.331 -10.496 -10.202 -9.209 -8.718 -8.133 -10.371
0.015051 -10.62 -10.732 -10.797 -10.849 -10.72 -10.509 -10.719 -10.835 -10.717 -10.501 -10.229 -9.882 -10.84 -10.656 -10.358 -10.097 -9.831 -10.644 -10.372 -10.112 -9.918 -9.84 -10.377 -10.542 -10.249 -9.26 -8.77 -8.186 -10.417
0.015506 -10.643 -10.76 -10.828 -10.887 -10.763 -10.555 -10.753 -10.874 -10.76 -10.547 -10.276 -9.931 -10.879 -10.7 -10.405 -10.146 -9.881 -10.688 -10.419 -10.161 -9.967 -9.888 -10.423 -10.587 -10.297 -9.312 -8.822 -8.239 -10.462
0.015975 -10.666 -10.786 -10.859 -10.926 -10.806 -10.601 -10.786 -10.914 -10.802 -10.592 -10.324 -9.981 -10.918 -10.744 -10.452 -10.194 -9.93 -10.732 -10.466 -10.209 -10.016 -9.937 -10.47 -10.632 -10.344 -9.363 -8.875 -8.292 -10.508
0.016458 -10.689 -10.813 -10.889 -10.964 -10.848 -10.646 -10.82 -10.953 -10.845 -10.638 -10.371 -10.03 -10.957 -10.787 -10.499 -10.243 -9.98 -10.775 -10.512 -10.257 -10.065 -9.985 -10.515 -10.676 -10.392 -9.414 -8.927 -8.345 -10.553
0.016956 -10.711 -10.839 -10.919 -11.002 -10.89 -10.691 -10.853 -10.991 -10.887 -10.683 -10.419 -10.079 -10.996 -10.83 -10.545 -10.291 -10.029 -10.819 -10.559 -10.305 -10.113 -10.034 -10.561 -10.721 -10.439 -9.466 -8.979 -8.398 -10.598
0.017469 -10.733 -10.865 -10.949 -11.04 -10.932 -10.736 -10.885 -11.03 -10.929 -10.728 -10.466 -10.129 -11.034 -10.873 -10.592 -10.339 -10.079 -10.862 -10.605 -10.353 -10.162 -10.082 -10.607 -10.765 -10.486 -9.517 -9.031 -8.451 -10.643
0.017997 -10.754 -10.89 -10.978 -11.077 -10.974 -10.781 -10.918 -11.068 -10.971 -10.773 -10.513 -10.178 -11.072 -10.916 -10.638 -10.387 -10.128 -10.905 -10.651 -10.401 -10.211 -10.13 -10.653 -10.809 -10.533 -9.568 -9.084 -8.504 -10.688
0.018541 -10.775 -10.915 -11.007 -11.115 -11.015 -10.826 -10.95 -11.106 -11.012 -10.818 -10.56 -10.227 -11.11 -10.959 -10.684 -10.435 -10.177 -10.948 -10.697 -10.449 -10.259 -10.179 -10.698 -10.853 -10.58 -9.619 -9.136 -8.557 -10.733
0.019102 -10.795 -10.94 -11.036 -11.152 -11.057 -10.87 -10.982 -11.144 -11.053 -10.862 -10.607 -10.275 -11.148 -11.001 -10.73 -10.483 -10.226 -10.991 -10.743 -10.496 -10.308 -10.227 -10.743 -10.897 -10.627 -9.67 -9.188 -8.61 -10.777
0.01968 -10.815 -10.964 -11.064 -11.188 -11.098 -10.915 -11.014 -11.181 -11.095 -10.907 -10.654 -10.324 -11.185 -11.043 -10.776 -10.53 -10.275 -11.033 -10.788 -10.544 -10.356 -10.275 -10.788 -10.941 -10.673 -9.721 -9.24 -8.663 -10.822
0.020275 -10.834 -10.987 -11.092 -11.225 -11.139 -10.959 -11.046 -11.218 -11.136 -10.951 -10.7 -10.373 -11.222 -11.085 -10.822 -10.578 -10.324 -11.076 -10.834 -10.591 -10.404 -10.323 -10.833 -10.985 -10.72 -9.772 -9.291 -8.715 -10.866
0.020888 -10.854 -11.011 -11.12 -11.261 -11.179 -11.003 -11.077 -11.255 -11.176 -10.995 -10.747 -10.421 -11.259 -11.127 -10.867 -10.626 -10.373 -11.118 -10.879 -10.638 -10.453 -10.371 -10.878 -11.028 -10.766 -9.823 -9.343 -8.768 -10.91
0.02152 -10.872 -11.033 -11.147 -11.297 -11.22 -11.047 -11.108 -11.292 -11.217 -11.039 -10.793 -10.47 -11.296 -11.169 -10.913 -10.673 -10.422 -11.16 -10.925 -10.685 -10.501 -10.419 -10.923 -11.071 -10.812 -9.873 -9.395 -8.821 -10.954
0.022171 -10.89 -11.056 -11.174 -11.333 -11.26 -11.091 -11.139 -11.329 -11.257 -11.083 -10.839 -10.518 -11.332 -11.211 -10.958 -10.72 -10.471 -11.202 -10.97 -10.733 -10.549 -10.467 -10.968 -11.115 -10.858 -9.924 -9.447 -8.873 -10.998
0.022841 -10.908 -11.078 -11.201 -11.368 -11.3 -11.135 -11.169 -11.365 -11.297 -11.127 -10.886 -10.566 -11.368 -11.252 -11.003 -10.767 -10.519 -11.244 -11.015 -10.779 -10.596 -10.515 -11.012 -11.157 -10.904 -9.974 -9.498 -8.926 -11.042
0.023532 -10.925 -11.099 -11.227 -11.403 -11.34 -11.178 -11.2 -11.401 -11.337 -11.17 -10.932 -10.615 -11.404 -11.293 -11.048 -10.814 -10.568 -11.285 -11.06 -10.826 -10.644 -10.562 -11.056 -11.2 -10.95 -10.025 -9.55 -8.978 -11.086
0.024244 -10.942 -11.12 -11.253 -11.438 -11.38 -11.221 -11.23 -11.437 -11.377 -11.214 -10.977 -10.663 -11.44 -11.334 -11.093 -10.861 -10.616 -11.327 -11.105 -10.873 -10.692 -10.61 -11.1 -11.243 -10.996 -10.075 -9.601 -9.031 -11.129
0.024977 -10.959 -11.141 -11.278 -11.473 -11.419 -11.264 -11.259 -11.472 -11.416 -11.257 -11.023 -10.711 -11.475 -11.375 -11.138 -10.908 -10.664 -11.368 -11.149 -10.92 -10.74 -10.657 -11.144 -11.285 -11.041 -10.126 -9.653 -9.083 -11.172
0.025733 -10.975 -11.161 -11.303 -11.507 -11.459 -11.307 -11.289 -11.507 -11.456 -11.3 -11.069 -10.758 -11.51 -11.415 -11.183 -10.955 -10.712 -11.409 -11.194 -10.966 -10.787 -10.705 -11.188 -11.327 -11.087 -10.176 -9.704 -9.136 -11.215
0.026511 -10.99 -11.181 -11.328 -11.541 -11.498 -11.35 -11.318 -11.542 -11.495 -11.343 -11.114 -10.806 -11.545 -11.456 -11.227 -11.001 -10.76 -11.449 -11.238 -11.013 -10.835 -10.752 -11.232 -11.37 -11.132 -10.226 -9.756 -9.188 -11.258
0.027313 -11.005 -11.2 -11.352 -11.575 -11.537 -11.393 -11.347 -11.577 -11.534 -11.386 -11.16 -10.854 -11.579 -11.496 -11.271 -11.048 -10.808 -11.49 -11.282 -11.059 -10.882 -10.8 -11.275 -11.411 -11.177 -10.276 -9.807 -9.24 -11.301
0.028139 -11.02 -11.219 -11.376 -11.608 -11.575 -11.435 -11.376 -11.611 -11.572 -11.428 -11.205 -10.901 -11.613 -11.536 -11.316 -11.094 -10.856 -11.53 -11.326 -11.105 -10.929 -10.847 -11.319 -11.453 -11.222 -10.326 -9.858 -9.292 -11.344
0.02899 -11.034 -11.237 -11.4 -11.641 -11.614 -11.478 -11.404 -11.645 -11.611 -11.47 -11.25 -10.949 -11.647 -11.576 -11.36 -11.14 -10.904 -11.571 -11.37 -11.151 -10.976 -10.894 -11.362 -11.495 -11.267 -10.376 -9.91 -9.345 -11.386
0.029867 -11.047 -11.255 -11.423 -11.674 -11.652 -11.52 -11.433 -11.679 -11.649 -11.513 -11.295 -10.996 -11.681 -11.615 -11.403 -11.186 -10.952 -11.611 -11.414 -11.197 -11.023 -10.941 -11.405 -11.536 -11.312 -10.426 -9.961 -9.397 -11.428
0.03077 -11.06 -11.273 -11.446 -11.707 -11.69 -11.562 -11.461 -11.712 -11.687 -11.555 -11.34 -11.043 -11.714 -11.654 -11.447 -11.232 -10.999 -11.65 -11.458 -11.243 -11.07 -10.988 -11.448 -11.577 -11.357 -10.476 -10.012 -9.449 -11.471
0.031701 -11.073 -11.29 -11.468 -11.739 -11.727 -11.603 -11.488 -11.746 -11.725 -11.596 -11.384 -11.09 -11.747 -11.694 -11.491 -11.278 -11.047 -11.69 -11.501 -11.288 -11.117 -11.035 -11.491 -11.618 -11.401 -10.526 -10.063 -9.501 -11.513
0.032659 -11.085 -11.306 -11.49 -11.771 -11.765 -11.645 -11.516 -11.779 -11.762 -11.638 -11.429 -11.137 -11.78 -11.732 -11.534 -11.324 -11.094 -11.729 -11.544 -11.334 -11.164 -11.082 -11.533 -11.659 -11.446 -10.576 -10.114 -9.553 -11.554
0.033647 -11.097 -11.322 -11.512 -11.803 -11.802 -11.686 -11.543 -11.811 -11.799 -11.68 -11.473 -11.184 -11.812 -11.771 -11.577 -11.37 -11.141 -11.769 -11.587 -11.38 -11.211 -11.129 -11.576 -11.7 -11.49 -10.625 -10.165 -9.605 -11.596
0.034665 -11.108 -11.337 -11.533 -11.834 -11.839 -11.728 -11.57 -11.844 -11.836 -11.721 -11.517 -11.231 -11.845 -11.81 -11.621 -11.415 -11.189 -11.808 -11.63 -11.425 -11.257 -11.176 -11.618 -11.74 -11.534 -10.675 -10.216 -9.657 -11.637
0.035713 -11.119 -11.352 -11.554 -11.865 -11.876 -11.769 -11.597 -11.876 -11.873 -11.762 -11.562 -11.278 -11.876 -11.848 -11.663 -11.46 -11.236 -11.846 -11.673 -11.47 -11.304 -11.222 -11.66 -11.78 -11.578 -10.724 -10.266 -9.709 -11.679
0.036793 -11.129 -11.367 -11.574 -11.896 -11.912 -11.81 -11.623 -11.907 -11.91 -11.803 -11.606 -11.324 -11.908 -11.886 -11.706 -11.506 -11.283 -11.885 -11.716 -11.515 -11.35 -11.269 -11.702 -11.82 -11.621 -10.774 -10.317 -9.76 -11.72
0.037906 -11.139 -11.381 -11.594 -11.926 -11.949 -11.85 -11.649 -11.939 -11.946 -11.844 -11.649 -11.371 -11.939 -11.924 -11.749 -11.551 -11.329 -11.923 -11.758 -11.56 -11.396 -11.315 -11.744 -11.86 -11.665 -10.823 -10.368 -9.812 -11.761
0.039052 -11.148 -11.394 -11.614 -11.956 -11.985 -11.891 -11.675 -11.97 -11.982 -11.884 -11.693 -11.417 -11.97 -11.961 -11.791 -11.596 -11.376 -11.961 -11.801 -11.605 -11.442 -11.362 -11.785 -11.9 -11.709 -10.872 -10.418 -9.864 -11.802
0.040234 -11.156 -11.407 -11.633 -11.986 -12.02 -11.931 -11.701 -12.001 -12.018 -11.925 -11.737 -11.464 -12.001 -11.999 -11.834 -11.64 -11.423 -11.999 -11.843 -11.65 -11.488 -11.408 -11.827 -11.939 -11.752 -10.922 -10.469 -9.916 -11.842
0.04145 -11.164 -11.42 -11.652 -12.015 -12.056 -11.971 -11.726 -12.031 -12.053 -11.965 -11.78 -11.51 -12.031 -12.036 -11.876 -11.685 -11.469 -12.037 -11.885 -11.694 -11.534 -11.454 -11.868 -11.978 -11.795 -10.971 -10.519 -9.967 -11.883
0.042704 -11.172 -11.431 -11.67 -12.044 -12.091 -12.011 -11.752 -12.061 -12.089 -12.005 -11.823 -11.556 -12.061 -12.073 -11.918 -11.73 -11.516 -12.074 -11.927 -11.739 -11.58 -11.5 -11.909 -12.017 -11.838 -11.02 -10.57 -10.019 -11.923
0.043996 -11.179 -11.443 -11.688 -12.073 -12.126 -12.051 -11.776 -12.091 -12.124 -12.044 -11.866 -11.602 -12.091 -12.109 -11.959 -11.774 -11.562 -12.112 -11.968 -11.783 -11.626 -11.546 -11.95 -12.056 -11.881 -11.069 -10.62 -10.07 -11.963
0.045326 -11.186 -11.454 -11.705 -12.102 -12.161 -12.09 -11.801 -12.121 -12.159 -12.084 -11.909 -11.647 -12.12 -12.146 -12.001 -11.818 -11.608 -12.149 -12.01 -11.827 -11.671 -11.592 -11.991 -12.095 -11.924 -11.118 -10.671 -10.122 -12.003
0.046697 -11.192 -11.464 -11.722 -12.13 -12.195 -12.129 -11.825 -12.15 -12.193 -12.123 -11.952 -11.693 -12.149 -12.182 -12.042 -11.862 -11.654 -12.185 -12.051 -11.871 -11.717 -11.638 -12.031 -12.133 -11.966 -11.166 -10.721 -10.173 -12.043
0.048109 -11.197 -11.474 -11.738 -12.157 -12.229 -12.168 -11.849 -12.179 -12.227 -12.163 -11.994 -11.738 -12.177 -12.218 -12.084 -11.906 -11.7 -12.222 -12.092 -11.915 -11.762 -11.684 -12.072 -12.171 -12.008 -11.215 -10.771 -10.225 -12.082
0.049564 -11.202 -11.483 -11.754 -12.185 -12.263 -12.207 -11.873 -12.207 -12.261 -12.201 -12.037 -11.784 -12.206 -12.253 -12.125 -11.95 -11.746 -12.258 -12.133 -11.959 -11.807 -11.73 -12.112 -12.209 -12.051 -11.264 -10.821 -10.276 -12.121
0.051063 -11.206 -11.491 -11.77 -12.212 -12.297 -12.246 -11.897 -12.235 -12.295 -12.24 -12.079 -11.829 -12.234 -12.289 -12.166 -11.994 -11.792 -12.294 -12.174 -12.002 -11.852 -11.775 -12.152 -12.247 -12.093 -11.312 -10.871 -10.327 -12.161
0.052608 -11.21 -11.499 -11.785 -12.238 -12.33 -12.284 -11.92 -12.263 -12.328 -12.279 -12.121 -11.874 -12.261 -12.324 -12.206 -12.037 -11.837 -12.33 -12.215 -12.046 -11.897 -11.821 -12.191 -12.285 -12.135 -11.361 -10.921 -10.379 -12.2
0.054199 -11.213 -11.507 -11.799 -12.264 -12.363 -12.322 -11.943 -12.291 -12.361 -12.317 -12.163 -11.919 -12.288 -12.359 -12.247 -12.081 -11.883 -12.366 -12.255 -12.089 -11.942 -11.866 -12.231 -12.322 -12.176 -11.409 -10.971 -10.43 -12.238
0.055838 -11.216 -11.513 -11.813 -12.29 -12.396 -12.36 -11.966 -12.318 -12.394 -12.355 -12.205 -11.964 -12.315 -12.393 -12.287 -12.124 -11.928 -12.401 -12.295 -12.132 -11.987 -11.912 -12.27 -12.359 -12.218 -11.457 -11.021 -10.481 -12.277
0.057527 -11.218 -11.52 -11.827 -12.316 -12.429 -12.398 -11.988 -12.344 -12.427 -12.393 -12.246 -12.009 -12.342 -12.428 -12.327 -12.167 -11.973 -12.436 -12.336 -12.175 -12.032 -11.957 -12.31 -12.396 -12.259 -11.506 -11.071 -10.532 -12.315
0.059267 -11.22 -11.525 -11.84 -12.341 -12.461 -12.436 -12.01 -12.371 -12.459 -12.431 -12.288 -12.054 -12.368 -12.462 -12.367 -12.21 -12.018 -12.471 -12.375 -12.218 -12.076 -12.002 -12.349 -12.432 -12.3 -11.554 -11.121 -10.583 -12.353
0.061059 -11.221 -11.53 -11.853 -12.366 -12.493 -12.473 -12.032 -12.397 -12.491 -12.468 -12.329 -12.098 -12.393 -12.496 -12.407 -12.253 -12.063 -12.505 -12.415 -12.261 -12.121 -12.047 -12.388 -12.469 -12.341 -11.602 -11.17 -10.634 -12.391
0.062906 -11.221 -11.535 -11.865 -12.39 -12.524 -12.51 -12.054 -12.422 -12.523 -12.505 -12.37 -12.142 -12.419 -12.529 -12.446 -12.295 -12.108 -12.54 -12.455 -12.303 -12.165 -12.092 -12.426 -12.505 -12.382 -11.65 -11.22 -10.685 -12.429
0.064808 -11.221 -11.539 -11.877 -12.414 -12.556 -12.547 -12.075 -12.447 -12.554 -12.542 -12.411 -12.187 -12.444 -12.562 -12.486 -12.338 -12.153 -12.574 -12.494 -12.346 -12.209 -12.136 -12.465 -12.541 -12.423 -11.697 -11.269 -10.736 -12.467
0.066769 -11.22 -11.542 -11.888 -12.437 -12.586 -12.583 -12.096 -12.472 -12.585 -12.579 -12.452 -12.231 -12.468 -12.595 -12.525 -12.38 -12.197 -12.607 -12.533 -12.388 -12.253 -12.181 -12.503 -12.576 -12.463 -11.745 -11.319 -10.787 -12.504
0.068788 -11.219 -11.544 -11.898 -12.46 -12.617 -12.62 -12.117 -12.497 -12.616 -12.615 -12.492 -12.275 -12.492 -12.628 -12.564 -12.422 -12.242 -12.641 -12.572 -12.43 -12.297 -12.226 -12.541 -12.612 -12.503 -11.793 -11.368 -10.838 -12.541
0.070868 -11.217 -11.546 -11.909 -12.483 -12.647 -12.656 -12.137 -12.521 -12.646 -12.651 -12.532 -12.318 -12.516 -12.661 -12.602 -12.464 -12.286 -12.674 -12.61 -12.472 -12.34 -12.27 -12.579 -12.647 -12.543 -11.84 -11.418 -10.888 -12.578
0.073012 -11.215 -11.547 -11.918 -12.505 -12.677 -12.692 -12.157 -12.544 -12.676 -12.687 -12.572 -12.362 -12.539 -12.693 -12.641 -12.506 -12.33 -12.707 -12.649 -12.514 -12.384 -12.314 -12.616 -12.682 -12.583 -11.888 -11.467 -10.939 -12.615
