web/models/kne.last_good/kappa_0.5_3.0.v1/38/villar_0.0953_0.3590_3.0000.dat
# %ECSV 1.0
# ---
# datatype:
# - {name: time, datatype: float64}
# - {name: swift_uvot_uvw2, datatype: float64}
# - {name: swift_uvot_uvm2, datatype: float64}
# - {name: swift_uvot_uvw1, datatype: float64}
# - {name: swift_uvot_U, datatype: float64}
# - {name: swift_uvot_B, datatype: float64}
# - {name: swift_uvot_V, datatype: float64}
# - {name: swift_uvot_W, datatype: float64}
# - {name: johnson_U, datatype: float64}
# - {name: johnson_B, datatype: float64}
# - {name: johnson_V, datatype: float64}
# - {name: johnson_R, datatype: float64}
# - {name: johnson_I, datatype: float64}
# - {name: sdss_u, datatype: float64}
# - {name: sdss_g, datatype: float64}
# - {name: sdss_r, datatype: float64}
# - {name: sdss_i, datatype: float64}
# - {name: sdss_z, datatype: float64}
# - {name: PS1_g, datatype: float64}
# - {name: PS1_r, datatype: float64}
# - {name: PS1_i, datatype: float64}
# - {name: PS1_z, datatype: float64}
# - {name: PS1_Y, datatype: float64}
# - {name: PS1_w, datatype: float64}
# - {name: ATLAS_c, datatype: float64}
# - {name: ATLAS_o, datatype: float64}
# - {name: ukirt_J, datatype: float64}
# - {name: ukirt_H, datatype: float64}
# - {name: ukirt_K, datatype: float64}
# - {name: Clear, datatype: float64}
# meta: !!omap
# - comment: [kappa = 3.0, type = villar, mass = 0.09533330950298248, velocity = 0.359, theta_obs = 0.0]
# schema: astropy-2.0
time swift_uvot_uvw2 swift_uvot_uvm2 swift_uvot_uvw1 swift_uvot_U swift_uvot_B swift_uvot_V swift_uvot_W johnson_U johnson_B johnson_V johnson_R johnson_I sdss_u sdss_g sdss_r sdss_i sdss_z PS1_g PS1_r PS1_i PS1_z PS1_Y PS1_w ATLAS_c ATLAS_o ukirt_J ukirt_H ukirt_K Clear
[from data line 145]
0.07522 -12.428 -12.665 -12.871 -13.19 -13.205 -13.101 -12.919 -13.201 -13.203 -13.095 -12.896 -12.615 -13.202 -13.178 -12.997 -12.796 -12.573 -13.177 -13.007 -12.806 -12.64 -12.559 -12.993 -13.112 -12.912 -12.063 -11.606 -11.049 -13.012
0.077495 -12.437 -12.678 -12.89 -13.22 -13.241 -13.141 -12.944 -13.232 -13.238 -13.135 -12.94 -12.661 -13.233 -13.216 -13.04 -12.841 -12.619 -13.215 -13.049 -12.85 -12.686 -12.605 -13.035 -13.151 -12.956 -12.112 -11.657 -11.101 -13.052
0.079839 -12.445 -12.691 -12.909 -13.249 -13.276 -13.181 -12.969 -13.263 -13.274 -13.175 -12.983 -12.707 -13.263 -13.253 -13.082 -12.885 -12.666 -13.253 -13.091 -12.895 -12.732 -12.651 -13.076 -13.191 -12.999 -12.161 -11.707 -11.152 -13.092
0.082253 -12.452 -12.703 -12.927 -13.278 -13.311 -13.221 -12.994 -13.293 -13.309 -13.215 -13.026 -12.753 -13.293 -13.289 -13.123 -12.93 -12.712 -13.29 -13.133 -12.939 -12.777 -12.697 -13.117 -13.229 -13.042 -12.21 -11.757 -11.204 -13.132
0.084741 -12.459 -12.714 -12.945 -13.307 -13.346 -13.261 -13.019 -13.323 -13.344 -13.254 -13.069 -12.798 -13.322 -13.326 -13.165 -12.974 -12.758 -13.327 -13.174 -12.983 -12.823 -12.743 -13.157 -13.268 -13.084 -12.259 -11.807 -11.255 -13.172
0.087304 -12.466 -12.725 -12.962 -13.335 -13.381 -13.3 -13.043 -13.352 -13.379 -13.294 -13.112 -12.844 -13.352 -13.362 -13.207 -13.018 -12.804 -13.364 -13.216 -13.027 -12.868 -12.789 -13.198 -13.307 -13.127 -12.308 -11.858 -11.306 -13.212
0.089944 -12.472 -12.735 -12.979 -13.363 -13.415 -13.339 -13.067 -13.381 -13.413 -13.333 -13.154 -12.89 -13.381 -13.398 -13.248 -13.062 -12.85 -13.401 -13.257 -13.071 -12.914 -12.834 -13.239 -13.345 -13.169 -12.356 -11.908 -11.358 -13.252
0.092665 -12.477 -12.745 -12.995 -13.391 -13.45 -13.378 -13.091 -13.41 -13.447 -13.372 -13.197 -12.935 -13.409 -13.434 -13.289 -13.106 -12.896 -13.437 -13.298 -13.115 -12.959 -12.88 -13.279 -13.383 -13.212 -12.405 -11.958 -11.409 -13.291
0.095467 -12.482 -12.754 -13.011 -13.418 -13.483 -13.417 -13.114 -13.439 -13.481 -13.411 -13.239 -12.98 -13.437 -13.47 -13.33 -13.15 -12.941 -13.473 -13.339 -13.158 -13.004 -12.926 -13.319 -13.421 -13.254 -12.453 -12.008 -11.46 -13.33
0.098355 -12.486 -12.763 -13.027 -13.445 -13.517 -13.456 -13.138 -13.467 -13.515 -13.45 -13.281 -13.025 -13.465 -13.505 -13.371 -13.193 -12.987 -13.509 -13.38 -13.202 -13.049 -12.971 -13.359 -13.459 -13.296 -12.502 -12.058 -11.511 -13.369
0.101329 -12.49 -12.771 -13.042 -13.472 -13.55 -13.494 -13.161 -13.494 -13.548 -13.488 -13.323 -13.07 -13.493 -13.54 -13.411 -13.237 -13.032 -13.545 -13.42 -13.245 -13.094 -13.016 -13.398 -13.496 -13.337 -12.55 -12.107 -11.562 -13.408
0.104394 -12.494 -12.778 -13.057 -13.498 -13.583 -13.532 -13.183 -13.522 -13.581 -13.527 -13.365 -13.115 -13.52 -13.575 -13.452 -13.28 -13.078 -13.581 -13.46 -13.288 -13.139 -13.062 -13.438 -13.533 -13.379 -12.598 -12.157 -11.613 -13.447
0.107551 -12.496 -12.785 -13.071 -13.524 -13.616 -13.57 -13.206 -13.549 -13.614 -13.565 -13.407 -13.16 -13.547 -13.61 -13.492 -13.323 -13.123 -13.616 -13.501 -13.332 -13.183 -13.107 -13.477 -13.57 -13.42 -12.646 -12.207 -11.664 -13.485
0.110804 -12.498 -12.792 -13.085 -13.55 -13.649 -13.608 -13.228 -13.576 -13.647 -13.602 -13.448 -13.205 -13.574 -13.644 -13.532 -13.366 -13.168 -13.651 -13.541 -13.374 -13.228 -13.152 -13.516 -13.607 -13.462 -12.695 -12.257 -11.715 -13.524
0.114155 -12.5 -12.797 -13.098 -13.575 -13.681 -13.645 -13.25 -13.602 -13.679 -13.64 -13.49 -13.249 -13.6 -13.678 -13.572 -13.409 -13.213 -13.686 -13.58 -13.417 -13.272 -13.197 -13.555 -13.644 -13.503 -12.743 -12.306 -11.766 -13.562
0.117608 -12.501 -12.803 -13.11 -13.6 -13.713 -13.683 -13.272 -13.628 -13.711 -13.677 -13.531 -13.294 -13.625 -13.712 -13.612 -13.452 -13.258 -13.72 -13.62 -13.46 -13.316 -13.241 -13.594 -13.68 -13.544 -12.79 -12.356 -11.817 -13.6
0.121165 -12.501 -12.807 -13.123 -13.624 -13.744 -13.72 -13.293 -13.654 -13.743 -13.714 -13.572 -13.338 -13.651 -13.746 -13.651 -13.494 -13.303 -13.754 -13.659 -13.502 -13.361 -13.286 -13.633 -13.716 -13.584 -12.838 -12.405 -11.868 -13.637
0.124829 -12.501 -12.811 -13.134 -13.648 -13.776 -13.756 -13.314 -13.679 -13.774 -13.751 -13.613 -13.382 -13.676 -13.779 -13.69 -13.537 -13.347 -13.788 -13.699 -13.545 -13.405 -13.331 -13.671 -13.752 -13.625 -12.886 -12.455 -11.919 -13.675
0.128605 -12.501 -12.814 -13.145 -13.672 -13.807 -13.793 -13.335 -13.704 -13.805 -13.788 -13.653 -13.426 -13.7 -13.812 -13.73 -13.579 -13.392 -13.822 -13.738 -13.587 -13.448 -13.375 -13.709 -13.788 -13.665 -12.934 -12.504 -11.969 -13.712
0.132494 -12.499 -12.817 -13.156 -13.695 -13.837 -13.829 -13.356 -13.729 -13.836 -13.825 -13.694 -13.47 -13.725 -13.845 -13.768 -13.621 -13.436 -13.856 -13.776 -13.629 -13.492 -13.42 -13.747 -13.823 -13.706 -12.981 -12.553 -12.02 -13.749
0.136502 -12.497 -12.819 -13.166 -13.718 -13.868 -13.865 -13.376 -13.753 -13.866 -13.861 -13.734 -13.514 -13.748 -13.877 -13.807 -13.663 -13.48 -13.889 -13.815 -13.671 -13.536 -13.464 -13.785 -13.858 -13.746 -13.029 -12.602 -12.071 -13.786
0.14063 -12.495 -12.821 -13.176 -13.74 -13.898 -13.901 -13.396 -13.776 -13.896 -13.897 -13.774 -13.557 -13.772 -13.909 -13.846 -13.705 -13.524 -13.922 -13.854 -13.712 -13.579 -13.508 -13.823 -13.893 -13.785 -13.076 -12.652 -12.121 -13.823
0.144883 -12.492 -12.821 -13.185 -13.762 -13.927 -13.937 -13.416 -13.8 -13.926 -13.932 -13.814 -13.601 -13.795 -13.941 -13.884 -13.746 -13.568 -13.954 -13.892 -13.754 -13.623 -13.552 -13.86 -13.928 -13.825 -13.123 -12.701 -12.172 -13.859
0.149265 -12.488 -12.821 -13.194 -13.783 -13.957 -13.972 -13.435 -13.823 -13.956 -13.968 -13.854 -13.644 -13.817 -13.972 -13.922 -13.787 -13.612 -13.987 -13.93 -13.795 -13.666 -13.596 -13.897 -13.962 -13.864 -13.17 -12.75 -12.222 -13.895
0.15378 -12.484 -12.821 -13.202 -13.804 -13.986 -14.007 -13.454 -13.845 -13.985 -14.003 -13.893 -13.687 -13.84 -14.004 -13.96 -13.829 -13.656 -14.019 -13.967 -13.836 -13.709 -13.64 -13.934 -13.996 -13.904 -13.217 -12.799 -12.273 -13.931
0.15843 -12.479 -12.82 -13.209 -13.825 -14.015 -14.042 -13.473 -13.867 -14.013 -14.038 -13.932 -13.73 -13.861 -14.034 -13.997 -13.87 -13.699 -14.05 -14.005 -13.877 -13.752 -13.684 -13.97 -14.03 -13.943 -13.264 -12.847 -12.323 -13.967
0.163222 -12.473 -12.818 -13.216 -13.845 -14.043 -14.077 -13.491 -13.889 -14.042 -14.073 -13.972 -13.773 -13.883 -14.065 -14.034 -13.91 -13.742 -14.082 -14.042 -13.918 -13.795 -13.728 -14.007 -14.063 -13.981 -13.311 -12.896 -12.373 -14.003
0.168159 -12.467 -12.815 -13.223 -13.865 -14.071 -14.111 -13.51 -13.91 -14.07 -14.107 -14.01 -13.815 -13.903 -14.095 -14.072 -13.951 -13.786 -14.113 -14.079 -13.959 -13.837 -13.771 -14.043 -14.097 -14.02 -13.358 -12.945 -12.423 -14.038
0.173245 -12.46 -12.812 -13.228 -13.884 -14.099 -14.145 -13.527 -13.931 -14.098 -14.141 -14.049 -13.858 -13.924 -14.125 -14.108 -13.992 -13.829 -14.144 -14.116 -13.999 -13.88 -13.814 -14.079 -14.13 -14.058 -13.405 -12.993 -12.474 -14.073
0.178484 -12.453 -12.808 -13.234 -13.903 -14.126 -14.178 -13.545 -13.951 -14.125 -14.175 -14.088 -13.9 -13.944 -14.155 -14.145 -14.032 -13.872 -14.174 -14.153 -14.039 -13.922 -13.858 -14.115 -14.162 -14.097 -13.451 -13.042 -12.524 -14.108
0.183882 -12.445 -12.803 -13.238 -13.921 -14.153 -14.212 -13.562 -13.971 -14.152 -14.209 -14.126 -13.943 -13.963 -14.184 -14.181 -14.072 -13.914 -14.205 -14.189 -14.079 -13.964 -13.901 -14.15 -14.195 -14.135 -13.498 -13.09 -12.574 -14.142
0.189444 -12.436 -12.797 -13.242 -13.939 -14.179 -14.245 -13.579 -13.99 -14.179 -14.242 -14.164 -13.985 -13.982 -14.213 -14.218 -14.112 -13.957 -14.234 -14.225 -14.119 -14.006 -13.944 -14.186 -14.227 -14.172 -13.544 -13.139 -12.624 -14.177
0.195173 -12.427 -12.791 -13.246 -13.957 -14.206 -14.278 -13.596 -14.009 -14.205 -14.275 -14.202 -14.026 -14.001 -14.242 -14.253 -14.151 -13.999 -14.264 -14.261 -14.159 -14.048 -13.987 -14.221 -14.259 -14.21 -13.59 -13.187 -12.674 -14.211
0.201076 -12.417 -12.784 -13.249 -13.973 -14.231 -14.31 -13.612 -14.028 -14.231 -14.308 -14.239 -14.068 -14.019 -14.27 -14.289 -14.191 -14.041 -14.293 -14.297 -14.198 -14.09 -14.029 -14.255 -14.29 -14.247 -13.636 -13.235 -12.724 -14.245
0.207158 -12.406 -12.776 -13.251 -13.99 -14.257 -14.343 -13.628 -14.046 -14.256 -14.34 -14.277 -14.11 -14.036 -14.298 -14.324 -14.23 -14.084 -14.322 -14.332 -14.238 -14.131 -14.072 -14.29 -14.321 -14.284 -13.682 -13.283 -12.773 -14.278
0.213423 -12.395 -12.768 -13.253 -14.006 -14.282 -14.375 -13.644 -14.063 -14.282 -14.372 -14.314 -14.151 -14.053 -14.325 -14.36 -14.269 -14.125 -14.351 -14.367 -14.277 -14.172 -14.114 -14.324 -14.352 -14.321 -13.728 -13.331 -12.823 -14.312
0.219878 -12.383 -12.759 -13.254 -14.021 -14.306 -14.406 -13.659 -14.08 -14.306 -14.404 -14.351 -14.192 -14.07 -14.352 -14.394 -14.308 -14.167 -14.379 -14.402 -14.316 -14.213 -14.156 -14.358 -14.383 -14.357 -13.774 -13.379 -12.873 -14.345
0.226528 -12.37 -12.748 -13.254 -14.036 -14.33 -14.438 -13.674 -14.096 -14.331 -14.435 -14.387 -14.233 -14.086 -14.379 -14.429 -14.347 -14.209 -14.406 -14.437 -14.354 -14.254 -14.199 -14.392 -14.413 -14.394 -13.82 -13.427 -12.922 -14.378
0.233379 -12.357 -12.737 -13.254 -14.05 -14.354 -14.468 -13.689 -14.112 -14.354 -14.466 -14.424 -14.274 -14.101 -14.406 -14.463 -14.385 -14.25 -14.434 -14.471 -14.393 -14.295 -14.24 -14.425 -14.443 -14.43 -13.865 -13.475 -12.972 -14.41
0.240437 -12.343 -12.726 -13.253 -14.064 -14.378 -14.499 -13.704 -14.128 -14.378 -14.497 -14.46 -14.314 -14.116 -14.432 -14.497 -14.423 -14.291 -14.461 -14.505 -14.431 -14.336 -14.282 -14.458 -14.472 -14.466 -13.911 -13.522 -13.021 -14.442
0.247709 -12.328 -12.713 -13.251 -14.077 -14.4 -14.529 -13.718 -14.143 -14.401 -14.528 -14.496 -14.355 -14.131 -14.457 -14.531 -14.461 -14.332 -14.488 -14.539 -14.469 -14.376 -14.324 -14.491 -14.502 -14.501 -13.956 -13.57 -13.071 -14.474
0.255201 -12.313 -12.7 -13.249 -14.09 -14.423 -14.559 -13.731 -14.157 -14.423 -14.558 -14.531 -14.395 -14.145 -14.482 -14.564 -14.499 -14.373 -14.514 -14.572 -14.507 -14.416 -14.365 -14.524 -14.531 -14.536 -14.001 -13.617 -13.12 -14.506
0.262919 -12.297 -12.685 -13.246 -14.102 -14.445 -14.589 -13.745 -14.171 -14.446 -14.588 -14.567 -14.435 -14.158 -14.507 -14.597 -14.536 -14.414 -14.54 -14.605 -14.544 -14.456 -14.407 -14.556 -14.559 -14.571 -14.046 -13.665 -13.169 -14.538
0.270871 -12.28 -12.67 -13.243 -14.113 -14.466 -14.618 -13.757 -14.184 -14.467 -14.617 -14.602 -14.475 -14.171 -14.532 -14.63 -14.574 -14.454 -14.565 -14.638 -14.581 -14.496 -14.448 -14.588 -14.587 -14.606 -14.091 -13.712 -13.218 -14.569
0.279064 -12.262 -12.654 -13.238 -14.124 -14.488 -14.647 -13.77 -14.197 -14.489 -14.646 -14.636 -14.514 -14.183 -14.556 -14.663 -14.611 -14.494 -14.591 -14.67 -14.618 -14.536 -14.489 -14.62 -14.615 -14.641 -14.136 -13.759 -13.267 -14.6
0.287504 -12.244 -12.637 -13.233 -14.134 -14.508 -14.676 -13.782 -14.209 -14.509 -14.675 -14.671 -14.554 -14.195 -14.579 -14.695 -14.647 -14.534 -14.615 -14.703 -14.655 -14.575 -14.53 -14.651 -14.643 -14.675 -14.18 -13.806 -13.316 -14.63
0.296199 -12.226 -12.619 -13.228 -14.144 -14.528 -14.704 -13.794 -14.22 -14.53 -14.703 -14.705 -14.593 -14.206 -14.602 -14.727 -14.684 -14.574 -14.64 -14.735 -14.692 -14.614 -14.57 -14.682 -14.67 -14.709 -14.225 -13.853 -13.365 -14.66
0.305157 -12.206 -12.6 -13.221 -14.153 -14.548 -14.732 -13.806 -14.231 -14.549 -14.731 -14.739 -14.632 -14.216 -14.625 -14.758 -14.72 -14.614 -14.663 -14.766 -14.728 -14.653 -14.611 -14.713 -14.696 -14.742 -14.269 -13.9 -13.414 -14.69
0.314387 -12.186 -12.581 -13.214 -14.161 -14.567 -14.759 -13.817 -14.241 -14.569 -14.759 -14.773 -14.67 -14.226 -14.647 -14.789 -14.756 -14.653 -14.687 -14.797 -14.764 -14.692 -14.651 -14.744 -14.723 -14.775 -14.313 -13.947 -13.463 -14.72
0.323895 -12.165 -12.56 -13.206 -14.169 -14.586 -14.786 -13.828 -14.251 -14.588 -14.786 -14.806 -14.709 -14.235 -14.669 -14.82 -14.792 -14.692 -14.71 -14.828 -14.8 -14.731 -14.691 -14.774 -14.749 -14.808 -14.357 -13.993 -13.512 -14.749
0.333691 -12.144 -12.538 -13.197 -14.176 -14.604 -14.813 -13.838 -14.26 -14.606 -14.813 -14.839 -14.747 -14.243 -14.69 -14.851 -14.827 -14.731 -14.732 -14.859 -14.835 -14.769 -14.731 -14.804 -14.774 -14.841 -14.401 -14.04 -13.56 -14.778
0.343783 -12.121 -12.516 -13.188 -14.182 -14.622 -14.839 -13.848 -14.268 -14.624 -14.839 -14.872 -14.785 -14.251 -14.711 -14.881 -14.862 -14.77 -14.754 -14.889 -14.87 -14.807 -14.77 -14.833 -14.799 -14.873 -14.445 -14.086 -13.609 -14.807
0.354181 -12.098 -12.492 -13.177 -14.188 -14.639 -14.864 -13.857 -14.276 -14.641 -14.865 -14.904 -14.823 -14.258 -14.731 -14.911 -14.897 -14.808 -14.776 -14.919 -14.905 -14.845 -14.81 -14.862 -14.824 -14.906 -14.488 -14.132 -13.657 -14.835
0.364893 -12.075 -12.467 -13.166 -14.193 -14.655 -14.89 -13.866 -14.283 -14.658 -14.891 -14.936 -14.86 -14.265 -14.751 -14.94 -14.931 -14.846 -14.797 -14.948 -14.94 -14.882 -14.849 -14.891 -14.848 -14.937 -14.532 -14.179 -13.706 -14.863
0.375929 -12.05 -12.442 -13.155 -14.197 -14.671 -14.915 -13.875 -14.29 -14.674 -14.916 -14.968 -14.898 -14.27 -14.77 -14.969 -14.966 -14.884 -14.818 -14.978 -14.974 -14.92 -14.888 -14.919 -14.872 -14.969 -14.575 -14.225 -13.754 -14.891
0.387298 -12.025 -12.415 -13.142 -14.201 -14.687 -14.939 -13.883 -14.295 -14.689 -14.941 -15.0 -14.935 -14.276 -14.789 -14.998 -15.0 -14.922 -14.838 -15.006 -15.008 -14.957 -14.927 -14.947 -14.895 -15.0 -14.618 -14.27 -13.802 -14.918
0.399012 -12.0 -12.387 -13.128 -14.204 -14.701 -14.963 -13.891 -14.3 -14.705 -14.965 -15.031 -14.971 -14.28 -14.807 -15.026 -15.033 -14.959 -14.858 -15.035 -15.042 -14.994 -14.965 -14.975 -14.918 -15.03 -14.661 -14.316 -13.85 -14.945
0.41108 -11.973 -12.358 -13.114 -14.206 -14.716 -14.987 -13.899 -14.305 -14.719 -14.989 -15.061 -15.008 -14.284 -14.825 -15.054 -15.066 -14.997 -14.877 -15.063 -15.075 -15.03 -15.004 -15.002 -14.941 -15.061 -14.704 -14.362 -13.898 -14.972
0.423513 -11.946 -12.328 -13.099 -14.208 -14.729 -15.01 -13.905 -14.308 -14.733 -15.012 -15.092 -15.044 -14.286 -14.842 -15.081 -15.099 -15.034 -14.896 -15.09 -15.108 -15.066 -15.042 -15.029 -14.963 -15.09 -14.746 -14.407 -13.946 -14.998
0.436321 -11.919 -12.297 -13.083 -14.208 -14.742 -15.032 -13.912 -14.311 -14.746 -15.035 -15.122 -15.08 -14.289 -14.859 -15.108 -15.132 -15.07 -14.914 -15.117 -15.141 -15.102 -15.08 -15.056 -14.984 -15.12 -14.788 -14.453 -13.993 -15.024
0.449518 -11.89 -12.264 -13.066 -14.208 -14.755 -15.054 -13.918 -14.313 -14.759 -15.057 -15.151 -15.115 -14.29 -14.875 -15.135 -15.164 -15.107 -14.931 -15.144 -15.174 -15.138 -15.117 -15.082 -15.005 -15.149 -14.831 -14.498 -14.041 -15.049
0.463113 -11.861 -12.231 -13.048 -14.207 -14.767 -15.076 -13.924 -14.314 -14.771 -15.079 -15.181 -15.151 -14.29 -14.891 -15.161 -15.196 -15.143 -14.948 -15.17 -15.206 -15.173 -15.155 -15.108 -15.026 -15.178 -14.872 -14.543 -14.089 -15.074
0.47712 -11.832 -12.196 -13.029 -14.205 -14.778 -15.097 -13.929 -14.315 -14.782 -15.101 -15.21 -15.186 -14.29 -14.905 -15.187 -15.228 -15.178 -14.965 -15.196 -15.237 -15.208 -15.192 -15.133 -15.046 -15.206 -14.914 -14.588 -14.136 -15.099
0.49155 -11.802 -12.16 -13.009 -14.203 -14.788 -15.117 -13.933 -14.315 -14.793 -15.121 -15.238 -15.22 -14.289 -14.92 -15.212 -15.259 -15.214 -14.981 -15.222 -15.269 -15.243 -15.229 -15.158 -15.065 -15.234 -14.956 -14.632 -14.183 -15.123
0.506416 -11.771 -12.123 -12.989 -14.199 -14.798 -15.137 -13.937 -14.313 -14.803 -15.142 -15.266 -15.255 -14.287 -14.933 -15.237 -15.29 -15.249 -14.996 -15.247 -15.3 -15.278 -15.265 -15.182 -15.084 -15.262 -14.997 -14.677 -14.23 -15.147
0.521733 -11.74 -12.084 -12.967 -14.195 -14.807 -15.157 -13.941 -14.311 -14.812 -15.162 -15.294 -15.289 -14.284 -14.946 -15.261 -15.32 -15.284 -15.011 -15.271 -15.33 -15.312 -15.302 -15.206 -15.102 -15.289 -15.038 -14.721 -14.277 -15.17
0.537512 -11.708 -12.044 -12.944 -14.189 -14.815 -15.176 -13.944 -14.309 -14.821 -15.181 -15.321 -15.323 -14.281 -14.959 -15.285 -15.35 -15.319 -15.025 -15.295 -15.36 -15.346 -15.338 -15.23 -15.12 -15.316 -15.079 -14.766 -14.324 -15.193
