web/models/kne.last_good/kappa_0.5_3.0.v1/38/villar_0.1443_0.4060_0.5000.dat
# %ECSV 1.0
# ---
# datatype:
# - {name: time, datatype: float64}
# - {name: swift_uvot_uvw2, datatype: float64}
# - {name: swift_uvot_uvm2, datatype: float64}
# - {name: swift_uvot_uvw1, datatype: float64}
# - {name: swift_uvot_U, datatype: float64}
# - {name: swift_uvot_B, datatype: float64}
# - {name: swift_uvot_V, datatype: float64}
# - {name: swift_uvot_W, datatype: float64}
# - {name: johnson_U, datatype: float64}
# - {name: johnson_B, datatype: float64}
# - {name: johnson_V, datatype: float64}
# - {name: johnson_R, datatype: float64}
# - {name: johnson_I, datatype: float64}
# - {name: sdss_u, datatype: float64}
# - {name: sdss_g, datatype: float64}
# - {name: sdss_r, datatype: float64}
# - {name: sdss_i, datatype: float64}
# - {name: sdss_z, datatype: float64}
# - {name: PS1_g, datatype: float64}
# - {name: PS1_r, datatype: float64}
# - {name: PS1_i, datatype: float64}
# - {name: PS1_z, datatype: float64}
# - {name: PS1_Y, datatype: float64}
# - {name: PS1_w, datatype: float64}
# - {name: ATLAS_c, datatype: float64}
# - {name: ATLAS_o, datatype: float64}
# - {name: ukirt_J, datatype: float64}
# - {name: ukirt_H, datatype: float64}
# - {name: ukirt_K, datatype: float64}
# - {name: Clear, datatype: float64}
# meta: !!omap
# - comment: [kappa = 0.5, type = villar, mass = 0.1442699905917794, velocity = 0.406, theta_obs = 0.0]
# schema: astropy-2.0
time swift_uvot_uvw2 swift_uvot_uvm2 swift_uvot_uvw1 swift_uvot_U swift_uvot_B swift_uvot_V swift_uvot_W johnson_U johnson_B johnson_V johnson_R johnson_I sdss_u sdss_g sdss_r sdss_i sdss_z PS1_g PS1_r PS1_i PS1_z PS1_Y PS1_w ATLAS_c ATLAS_o ukirt_J ukirt_H ukirt_K Clear
[from data line 211]
0.537512 -13.909 -14.302 -14.892 -15.786 -16.155 -16.319 -15.433 -15.859 -16.156 -16.318 -16.311 -16.191 -15.845 -16.224 -16.336 -16.286 -16.172 -16.26 -16.344 -16.294 -16.213 -16.167 -16.293 -16.286 -16.315 -15.816 -15.44 -14.95 -16.272
0.553769 -13.882 -14.276 -14.879 -15.79 -16.171 -16.343 -15.44 -15.866 -16.172 -16.343 -16.342 -16.228 -15.851 -16.244 -16.365 -16.32 -16.209 -16.28 -16.373 -16.328 -16.25 -16.205 -16.321 -16.309 -16.346 -15.858 -15.486 -14.997 -16.299
0.570517 -13.854 -14.248 -14.866 -15.793 -16.186 -16.367 -15.446 -15.871 -16.187 -16.367 -16.373 -16.264 -15.856 -16.262 -16.393 -16.353 -16.246 -16.3 -16.401 -16.361 -16.286 -16.243 -16.348 -16.332 -16.376 -15.9 -15.531 -15.044 -16.325
0.587772 -13.825 -14.22 -14.851 -15.796 -16.2 -16.391 -15.451 -15.876 -16.202 -16.391 -16.403 -16.3 -15.86 -16.28 -16.42 -16.386 -16.283 -16.319 -16.428 -16.394 -16.322 -16.28 -16.375 -16.354 -16.406 -15.942 -15.575 -15.091 -16.351
0.605549 -13.794 -14.189 -14.835 -15.797 -16.213 -16.413 -15.455 -15.879 -16.215 -16.413 -16.433 -16.336 -15.863 -16.296 -16.447 -16.419 -16.319 -16.337 -16.455 -16.427 -16.357 -16.318 -16.401 -16.376 -16.436 -15.984 -15.62 -15.138 -16.376
0.623863 -13.762 -14.157 -14.817 -15.797 -16.226 -16.435 -15.459 -15.881 -16.228 -16.436 -16.462 -16.371 -15.864 -16.312 -16.474 -16.45 -16.355 -16.355 -16.482 -16.459 -16.393 -16.355 -16.427 -16.397 -16.464 -16.025 -15.664 -15.185 -16.401
0.642731 -13.729 -14.123 -14.798 -15.796 -16.238 -16.457 -15.462 -15.883 -16.24 -16.457 -16.491 -16.405 -15.865 -16.328 -16.5 -16.482 -16.39 -16.372 -16.508 -16.49 -16.427 -16.391 -16.452 -16.417 -16.493 -16.066 -15.708 -15.231 -16.425
0.66217 -13.695 -14.088 -14.778 -15.794 -16.248 -16.477 -15.464 -15.883 -16.251 -16.478 -16.519 -16.44 -15.865 -16.342 -16.525 -16.513 -16.425 -16.387 -16.533 -16.521 -16.462 -16.427 -16.476 -16.436 -16.52 -16.107 -15.752 -15.278 -16.449
0.682197 -13.659 -14.051 -14.756 -15.791 -16.258 -16.497 -15.466 -15.882 -16.261 -16.498 -16.547 -16.473 -15.863 -16.356 -16.549 -16.543 -16.46 -16.402 -16.558 -16.551 -16.495 -16.463 -16.5 -16.455 -16.547 -16.148 -15.796 -15.324 -16.472
0.70283 -13.621 -14.011 -14.733 -15.786 -16.267 -16.516 -15.466 -15.879 -16.27 -16.517 -16.574 -16.506 -15.86 -16.368 -16.573 -16.573 -16.494 -16.417 -16.581 -16.581 -16.529 -16.498 -16.523 -16.472 -16.574 -16.188 -15.839 -15.369 -16.494
0.724086 -13.583 -13.97 -14.708 -15.78 -16.275 -16.534 -15.466 -15.876 -16.278 -16.536 -16.6 -16.539 -15.856 -16.38 -16.596 -16.602 -16.527 -16.43 -16.605 -16.611 -16.561 -16.533 -16.545 -16.489 -16.6 -16.227 -15.882 -15.415 -16.515
0.745986 -13.542 -13.927 -14.682 -15.773 -16.281 -16.551 -15.465 -15.871 -16.284 -16.554 -16.626 -16.571 -15.85 -16.39 -16.618 -16.63 -16.56 -16.442 -16.627 -16.639 -16.594 -16.567 -16.567 -16.505 -16.625 -16.267 -15.925 -15.46 -16.536
0.768548 -13.501 -13.882 -14.654 -15.764 -16.287 -16.568 -15.462 -15.865 -16.29 -16.57 -16.65 -16.603 -15.843 -16.4 -16.64 -16.658 -16.593 -16.453 -16.649 -16.667 -16.625 -16.601 -16.588 -16.52 -16.649 -16.306 -15.967 -15.506 -16.556
0.791792 -13.457 -13.834 -14.624 -15.754 -16.291 -16.583 -15.459 -15.857 -16.295 -16.586 -16.675 -16.634 -15.834 -16.408 -16.66 -16.685 -16.625 -16.464 -16.669 -16.694 -16.656 -16.634 -16.608 -16.535 -16.673 -16.344 -16.009 -15.55 -16.575
0.815739 -13.413 -13.784 -14.592 -15.742 -16.294 -16.597 -15.455 -15.848 -16.298 -16.601 -16.698 -16.664 -15.824 -16.416 -16.68 -16.712 -16.656 -16.473 -16.689 -16.721 -16.687 -16.667 -16.627 -16.548 -16.695 -16.382 -16.051 -15.595 -16.594
0.840411 -13.366 -13.732 -14.559 -15.728 -16.296 -16.611 -15.449 -15.837 -16.3 -16.614 -16.72 -16.694 -15.813 -16.422 -16.699 -16.738 -16.687 -16.481 -16.708 -16.747 -16.717 -16.699 -16.645 -16.56 -16.717 -16.42 -16.092 -15.639 -16.611
0.865828 -13.318 -13.677 -14.523 -15.713 -16.296 -16.623 -15.442 -15.825 -16.301 -16.627 -16.742 -16.723 -15.799 -16.427 -16.717 -16.763 -16.717 -16.487 -16.726 -16.772 -16.746 -16.731 -16.663 -16.571 -16.739 -16.457 -16.133 -15.683 -16.628
0.892015 -13.268 -13.62 -14.486 -15.696 -16.295 -16.634 -15.434 -15.811 -16.3 -16.639 -16.763 -16.752 -15.784 -16.43 -16.734 -16.787 -16.746 -16.493 -16.743 -16.796 -16.775 -16.762 -16.679 -16.581 -16.759 -16.494 -16.174 -15.727 -16.644
0.918993 -13.217 -13.56 -14.446 -15.677 -16.292 -16.644 -15.425 -15.795 -16.298 -16.649 -16.783 -16.779 -15.768 -16.433 -16.75 -16.81 -16.775 -16.497 -16.76 -16.82 -16.802 -16.792 -16.695 -16.59 -16.778 -16.53 -16.214 -15.77 -16.658
0.946787 -13.164 -13.497 -14.404 -15.657 -16.288 -16.653 -15.415 -15.777 -16.294 -16.658 -16.802 -16.806 -15.749 -16.433 -16.765 -16.832 -16.802 -16.5 -16.775 -16.842 -16.829 -16.822 -16.709 -16.597 -16.796 -16.566 -16.254 -15.813 -16.672
0.975422 -13.109 -13.431 -14.36 -15.634 -16.283 -16.66 -15.403 -15.757 -16.289 -16.666 -16.82 -16.832 -15.728 -16.433 -16.778 -16.854 -16.83 -16.502 -16.788 -16.864 -16.856 -16.851 -16.723 -16.603 -16.814 -16.601 -16.293 -15.856 -16.685
1.004923 -13.053 -13.362 -14.313 -15.609 -16.275 -16.666 -15.389 -15.735 -16.282 -16.672 -16.836 -16.857 -15.705 -16.43 -16.791 -16.874 -16.856 -16.501 -16.801 -16.885 -16.881 -16.879 -16.735 -16.608 -16.83 -16.635 -16.332 -15.898 -16.697
1.035317 -12.995 -13.289 -14.264 -15.582 -16.266 -16.671 -15.374 -15.711 -16.273 -16.678 -16.852 -16.882 -15.68 -16.426 -16.802 -16.894 -16.881 -16.5 -16.812 -16.904 -16.905 -16.907 -16.746 -16.612 -16.845 -16.669 -16.37 -15.94 -16.707
1.066629 -12.935 -13.213 -14.212 -15.552 -16.255 -16.674 -15.358 -15.685 -16.262 -16.681 -16.867 -16.905 -15.652 -16.421 -16.812 -16.912 -16.906 -16.496 -16.823 -16.923 -16.929 -16.933 -16.756 -16.613 -16.859 -16.702 -16.408 -15.982 -16.716
1.098888 -12.873 -13.134 -14.157 -15.52 -16.242 -16.675 -15.339 -15.656 -16.249 -16.683 -16.88 -16.928 -15.622 -16.413 -16.82 -16.929 -16.929 -16.491 -16.831 -16.94 -16.952 -16.959 -16.764 -16.614 -16.871 -16.735 -16.445 -16.023 -16.724
1.132124 -12.81 -13.05 -14.099 -15.485 -16.226 -16.675 -15.319 -15.625 -16.234 -16.683 -16.892 -16.949 -15.59 -16.404 -16.827 -16.945 -16.952 -16.484 -16.839 -16.957 -16.973 -16.984 -16.771 -16.612 -16.883 -16.766 -16.482 -16.063 -16.731
1.166364 -12.745 -12.963 -14.038 -15.447 -16.209 -16.673 -15.297 -15.591 -16.218 -16.682 -16.902 -16.969 -15.555 -16.392 -16.833 -16.96 -16.973 -16.476 -16.844 -16.972 -16.994 -17.008 -16.777 -16.609 -16.892 -16.797 -16.518 -16.103 -16.736
1.20164 -12.678 -12.871 -13.974 -15.407 -16.189 -16.669 -15.273 -15.554 -16.198 -16.678 -16.912 -16.988 -15.516 -16.378 -16.837 -16.973 -16.994 -16.465 -16.848 -16.985 -17.013 -17.03 -16.781 -16.604 -16.901 -16.828 -16.553 -16.143 -16.74
1.237983 -12.61 -12.775 -13.906 -15.363 -16.167 -16.663 -15.247 -15.514 -16.176 -16.673 -16.919 -17.006 -15.475 -16.363 -16.839 -16.985 -17.013 -16.452 -16.851 -16.997 -17.031 -17.052 -16.783 -16.597 -16.907 -16.857 -16.588 -16.182 -16.742
1.275425 -12.54 -12.674 -13.835 -15.317 -16.142 -16.655 -15.219 -15.471 -16.152 -16.666 -16.925 -17.023 -15.431 -16.344 -16.839 -16.996 -17.031 -16.436 -16.851 -17.008 -17.048 -17.073 -16.784 -16.588 -16.913 -16.885 -16.622 -16.22 -16.742
1.313999 -12.469 -12.568 -13.76 -15.266 -16.114 -16.645 -15.189 -15.425 -16.125 -16.656 -16.929 -17.038 -15.383 -16.323 -16.837 -17.004 -17.047 -16.418 -16.85 -17.017 -17.063 -17.092 -16.783 -16.576 -16.916 -16.913 -16.655 -16.258 -16.741
1.35374 -12.397 -12.457 -13.681 -15.212 -16.083 -16.632 -15.156 -15.375 -16.095 -16.644 -16.931 -17.052 -15.332 -16.3 -16.833 -17.011 -17.062 -16.398 -16.846 -17.025 -17.077 -17.11 -16.78 -16.563 -16.917 -16.939 -16.687 -16.295 -16.738
1.394683 -12.323 -12.34 -13.598 -15.155 -16.05 -16.617 -15.12 -15.321 -16.062 -16.63 -16.932 -17.064 -15.277 -16.273 -16.827 -17.017 -17.076 -16.375 -16.841 -17.03 -17.089 -17.126 -16.774 -16.547 -16.917 -16.964 -16.719 -16.331 -16.732
1.436864 -12.249 -12.217 -13.511 -15.093 -16.013 -16.599 -15.082 -15.264 -16.026 -16.613 -16.93 -17.074 -15.217 -16.244 -16.819 -17.02 -17.088 -16.349 -16.833 -17.034 -17.1 -17.142 -16.767 -16.528 -16.914 -16.988 -16.749 -16.367 -16.725
1.480321 -12.174 -12.088 -13.418 -15.026 -15.972 -16.579 -15.04 -15.202 -15.986 -16.593 -16.926 -17.083 -15.154 -16.211 -16.808 -17.021 -17.098 -16.32 -16.823 -17.036 -17.109 -17.155 -16.757 -16.506 -16.909 -17.011 -16.779 -16.402 -16.716
1.525092 -12.098 -11.952 -13.321 -14.955 -15.928 -16.555 -14.996 -15.136 -15.943 -16.57 -16.92 -17.09 -15.086 -16.175 -16.794 -17.021 -17.106 -16.288 -16.81 -17.035 -17.116 -17.167 -16.745 -16.482 -16.902 -17.033 -16.808 -16.436 -16.704
1.571218 -12.022 -11.81 -13.219 -14.879 -15.88 -16.528 -14.948 -15.065 -15.895 -16.544 -16.911 -17.095 -15.013 -16.136 -16.778 -17.017 -17.113 -16.252 -16.794 -17.033 -17.121 -17.177 -16.731 -16.454 -16.892 -17.053 -16.835 -16.47 -16.69
1.618738 -11.946 -11.659 -13.111 -14.798 -15.827 -16.498 -14.897 -14.989 -15.844 -16.515 -16.9 -17.098 -14.934 -16.092 -16.759 -17.012 -17.117 -16.213 -16.775 -17.028 -17.124 -17.186 -16.713 -16.423 -16.88 -17.072 -16.861 -16.502 -16.673
1.667696 -11.871 -11.501 -12.997 -14.712 -15.77 -16.464 -14.843 -14.907 -15.788 -16.482 -16.886 -17.098 -14.851 -16.044 -16.737 -17.004 -17.12 -16.17 -16.754 -17.02 -17.125 -17.192 -16.693 -16.389 -16.865 -17.089 -16.886 -16.533 -16.654
1.718134 -11.795 -11.335 -12.877 -14.619 -15.709 -16.426 -14.784 -14.82 -15.727 -16.446 -16.869 -17.096 -14.761 -15.992 -16.711 -16.993 -17.12 -16.123 -16.729 -17.009 -17.123 -17.196 -16.669 -16.35 -16.846 -17.104 -16.91 -16.564 -16.632
1.770098 -11.721 -11.159 -12.751 -14.52 -15.642 -16.384 -14.721 -14.727 -15.661 -16.405 -16.848 -17.092 -14.665 -15.935 -16.681 -16.979 -17.117 -16.071 -16.7 -16.996 -17.119 -17.198 -16.642 -16.308 -16.825 -17.118 -16.933 -16.593 -16.606
1.823633 -11.648 -10.974 -12.618 -14.414 -15.569 -16.338 -14.654 -14.627 -15.59 -16.36 -16.824 -17.085 -14.563 -15.874 -16.648 -16.961 -17.112 -16.015 -16.667 -16.979 -17.112 -17.197 -16.612 -16.261 -16.8 -17.13 -16.953 -16.621 -16.577
1.878788 -11.576 -10.779 -12.477 -14.301 -15.491 -16.287 -14.582 -14.52 -15.513 -16.31 -16.797 -17.075 -14.453 -15.806 -16.61 -16.941 -17.104 -15.953 -16.631 -16.959 -17.102 -17.194 -16.578 -16.21 -16.771 -17.14 -16.973 -16.648 -16.545
1.93561 -11.506 -10.573 -12.329 -14.18 -15.407 -16.23 -14.505 -14.405 -15.43 -16.255 -16.765 -17.062 -14.336 -15.734 -16.568 -16.916 -17.093 -15.887 -16.59 -16.936 -17.089 -17.188 -16.539 -16.153 -16.738 -17.147 -16.99 -16.673 -16.509
1.994152 -11.438 -10.355 -12.173 -14.05 -15.315 -16.169 -14.423 -14.282 -15.341 -16.195 -16.73 -17.045 -14.21 -15.654 -16.521 -16.888 -17.078 -15.814 -16.544 -16.908 -17.073 -17.179 -16.497 -16.092 -16.701 -17.152 -17.006 -16.697 -16.469
2.054463 -11.372 -10.126 -12.009 -13.912 -15.217 -16.101 -14.335 -14.151 -15.244 -16.129 -16.69 -17.025 -14.075 -15.569 -16.47 -16.855 -17.06 -15.735 -16.493 -16.876 -17.053 -17.167 -16.449 -16.025 -16.659 -17.155 -17.02 -16.72 -16.425
2.116599 -11.308 -9.883 -11.835 -13.763 -15.111 -16.027 -14.241 -14.01 -15.139 -16.056 -16.645 -17.001 -13.931 -15.476 -16.412 -16.818 -17.038 -15.65 -16.437 -16.84 -17.029 -17.151 -16.397 -15.951 -16.612 -17.155 -17.031 -16.741 -16.377
2.180614 -11.245 -9.628 -11.651 -13.605 -14.996 -15.946 -14.14 -13.859 -15.027 -15.977 -16.594 -16.973 -13.776 -15.375 -16.348 -16.776 -17.012 -15.558 -16.375 -16.799 -17.0 -17.132 -16.339 -15.871 -16.56 -17.152 -17.041 -16.76 -16.323
2.246566 -11.185 -9.358 -11.458 -13.435 -14.872 -15.858 -14.032 -13.698 -14.905 -15.891 -16.538 -16.94 -13.611 -15.266 -16.278 -16.729 -16.982 -15.459 -16.307 -16.752 -16.967 -17.108 -16.276 -15.784 -16.503 -17.145 -17.047 -16.777 -16.265
2.314511 -11.126 -9.075 -11.253 -13.253 -14.739 -15.761 -13.917 -13.524 -14.774 -15.797 -16.476 -16.902 -13.433 -15.148 -16.202 -16.676 -16.947 -15.351 -16.232 -16.7 -16.93 -17.081 -16.206 -15.689 -16.439 -17.136 -17.052 -16.792 -16.201
2.384512 -11.069 -8.776 -11.037 -13.058 -14.595 -15.656 -13.794 -13.338 -14.632 -15.694 -16.408 -16.859 -13.243 -15.021 -16.117 -16.616 -16.906 -15.235 -16.149 -16.642 -16.887 -17.048 -16.129 -15.586 -16.368 -17.122 -17.053 -16.805 -16.131
2.45663 -11.012 -8.463 -10.809 -12.849 -14.439 -15.542 -13.662 -13.138 -14.48 -15.583 -16.332 -16.81 -13.038 -14.883 -16.024 -16.55 -16.86 -15.109 -16.059 -16.577 -16.838 -17.01 -16.046 -15.474 -16.29 -17.105 -17.051 -16.815 -16.055
2.530929 -10.957 -8.137 -10.569 -12.624 -14.272 -15.418 -13.52 -12.924 -14.315 -15.461 -16.248 -16.756 -12.818 -14.734 -15.923 -16.477 -16.808 -14.974 -15.96 -16.505 -16.783 -16.967 -15.954 -15.352 -16.204 -17.083 -17.046 -16.823 -15.972
2.607475 -10.9 -7.798 -10.314 -12.383 -14.09 -15.283 -13.369 -12.693 -14.137 -15.329 -16.156 -16.694 -12.582 -14.572 -15.812 -16.396 -16.749 -14.828 -15.852 -16.426 -16.721 -16.918 -15.854 -15.22 -16.11 -17.057 -17.037 -16.829 -15.882
2.686337 -10.844 -7.45 -10.046 -12.123 -13.895 -15.135 -13.207 -12.445 -13.945 -15.185 -16.055 -16.625 -12.328 -14.398 -15.69 -16.306 -16.683 -14.671 -15.734 -16.337 -16.652 -16.863 -15.745 -15.077 -16.007 -17.025 -17.025 -16.831 -15.785
2.767583 -10.786 -7.098 -9.762 -11.844 -13.683 -14.975 -13.034 -12.178 -13.737 -15.028 -15.945 -16.548 -12.054 -14.208 -15.557 -16.206 -16.609 -14.502 -15.604 -16.24 -16.574 -16.8 -15.626 -14.921 -15.893 -16.988 -17.008 -16.83 -15.679
2.851287 -10.726 -6.749 -9.461 -11.544 -13.454 -14.8 -12.847 -11.89 -13.513 -14.858 -15.823 -16.463 -11.759 -14.003 -15.412 -16.096 -16.527 -14.321 -15.464 -16.132 -16.488 -16.729 -15.496 -14.752 -15.769 -16.945 -16.986 -16.826 -15.565
2.937522 -10.663 -6.411 -9.144 -11.22 -13.206 -14.61 -12.648 -11.579 -13.27 -14.672 -15.69 -16.368 -11.441 -13.781 -15.253 -15.976 -16.435 -14.127 -15.31 -16.013 -16.392 -16.651 -15.354 -14.569 -15.633 -16.895 -16.96 -16.817 -15.442
3.026365 -10.598 -6.096 -8.807 -10.87 -12.938 -14.403 -12.434 -11.244 -13.007 -14.47 -15.544 -16.262 -11.098 -13.54 -15.079 -15.842 -16.333 -13.918 -15.142 -15.883 -16.286 -16.562 -15.199 -14.369 -15.483 -16.838 -16.928 -16.805 -15.309
3.117896 -10.528 -5.813 -8.451 -10.493 -12.647 -14.177 -12.204 -10.881 -12.723 -14.25 -15.384 -16.146 -10.727 -13.279 -14.889 -15.696 -16.219 -13.696 -14.959 -15.739 -16.168 -16.464 -15.03 -14.153 -15.32 -16.773 -16.889 -16.788 -15.166
3.212194 -10.453 -5.569 -8.073 -10.085 -12.331 -13.931 -11.957 -10.489 -12.414 -14.009 -15.208 -16.017 -10.325 -12.994 -14.681 -15.534 -16.094 -13.46 -14.76 -15.581 -16.038 -16.355 -14.846 -13.917 -15.141 -16.699 -16.844 -16.766 -15.012
3.309345 -10.373 -5.363 -7.671 -9.643 -11.988 -13.662 -11.693 -10.064 -12.079 -13.747 -15.016 -15.874 -9.889 -12.685 -14.454 -15.356 -15.954 -13.209 -14.542 -15.407 -15.894 -16.234 -14.646 -13.66 -14.945 -16.615 -16.792 -16.739 -14.847
3.409434 -10.286 -5.191 -7.245 -9.163 -11.615 -13.369 -11.408 -9.603 -11.715 -13.461 -14.806 -15.716 -9.417 -12.349 -14.205 -15.161 -15.8 -12.946 -14.306 -15.216 -15.734 -16.1 -14.426 -13.38 -14.73 -16.521 -16.732 -16.705 -14.669
3.51255 -10.193 -5.043 -6.79 -8.643 -11.209 -13.048 -11.103 -9.102 -11.319 -13.149 -14.575 -15.542 -8.904 -11.982 -13.932 -14.945 -15.629 -12.671 -14.048 -15.006 -15.558 -15.951 -14.186 -13.075 -14.494 -16.414 -16.662 -16.665 -14.48
3.618785 -10.091 -4.909 -6.304 -8.077 -10.766 -12.696 -10.776 -8.558 -10.888 -12.807 -14.321 -15.35 -8.346 -11.583 -13.632 -14.707 -15.44 -12.386 -13.768 -14.774 -15.362 -15.786 -13.924 -12.742 -14.235 -16.295 -16.583 -16.618 -14.277
3.728232 -9.981 -4.782 -5.785 -7.461 -10.283 -12.311 -10.425 -7.964 -10.418 -12.432 -14.043 -15.137 -7.738 -11.146 -13.303 -14.445 -15.23 -12.096 -13.464 -14.52 -15.147 -15.603 -13.637 -12.379 -13.952 -16.161 -16.493 -16.563 -14.061
