web/models/kne.last_good/kappa_0.5_3.0.v1/38/villar_0.0012_0.2337_3.0000.dat
# %ECSV 1.0
# ---
# datatype:
# - {name: time, datatype: float64}
# - {name: swift_uvot_uvw2, datatype: float64}
# - {name: swift_uvot_uvm2, datatype: float64}
# - {name: swift_uvot_uvw1, datatype: float64}
# - {name: swift_uvot_U, datatype: float64}
# - {name: swift_uvot_B, datatype: float64}
# - {name: swift_uvot_V, datatype: float64}
# - {name: swift_uvot_W, datatype: float64}
# - {name: johnson_U, datatype: float64}
# - {name: johnson_B, datatype: float64}
# - {name: johnson_V, datatype: float64}
# - {name: johnson_R, datatype: float64}
# - {name: johnson_I, datatype: float64}
# - {name: sdss_u, datatype: float64}
# - {name: sdss_g, datatype: float64}
# - {name: sdss_r, datatype: float64}
# - {name: sdss_i, datatype: float64}
# - {name: sdss_z, datatype: float64}
# - {name: PS1_g, datatype: float64}
# - {name: PS1_r, datatype: float64}
# - {name: PS1_i, datatype: float64}
# - {name: PS1_z, datatype: float64}
# - {name: PS1_Y, datatype: float64}
# - {name: PS1_w, datatype: float64}
# - {name: ATLAS_c, datatype: float64}
# - {name: ATLAS_o, datatype: float64}
# - {name: ukirt_J, datatype: float64}
# - {name: ukirt_H, datatype: float64}
# - {name: ukirt_K, datatype: float64}
# - {name: Clear, datatype: float64}
# meta: !!omap
# - comment: [kappa = 3.0, type = villar, mass = 0.0012301715156502338, velocity = 0.2336666666666667, theta_obs = 0.0]
# schema: astropy-2.0
time swift_uvot_uvw2 swift_uvot_uvm2 swift_uvot_uvw1 swift_uvot_U swift_uvot_B swift_uvot_V swift_uvot_W johnson_U johnson_B johnson_V johnson_R johnson_I sdss_u sdss_g sdss_r sdss_i sdss_z PS1_g PS1_r PS1_i PS1_z PS1_Y PS1_w ATLAS_c ATLAS_o ukirt_J ukirt_H ukirt_K Clear
0.001 nan nan nan nan nan nan nan nan nan nan nan nan nan nan nan nan nan nan nan nan nan nan nan nan nan nan nan nan nan
0.00103 -2.533 -2.741 -2.909 -3.161 -3.139 -3.007 -2.919 -3.166 -3.136 -3.0 -2.783 -2.484 -3.168 -3.102 -2.891 -2.674 -2.44 -3.098 -2.902 -2.685 -2.511 -2.429 -2.893 -3.023 -2.8 -1.914 -1.449 -0.885 -2.916
0.001061 -3.434 -3.568 -3.653 -3.748 -3.641 -3.447 -3.591 -3.738 -3.638 -3.439 -3.177 -2.841 -3.742 -3.583 -3.303 -3.051 -2.791 -3.572 -3.316 -3.065 -2.874 -2.794 -3.318 -3.476 -3.197 -2.23 -1.745 -1.165 -3.354
0.001094 -3.915 -4.009 -4.057 -4.074 -3.928 -3.704 -3.967 -4.057 -3.924 -3.695 -3.413 -3.059 -4.062 -3.859 -3.546 -3.278 -3.006 -3.845 -3.562 -3.294 -3.097 -3.021 -3.568 -3.738 -3.435 -2.428 -1.934 -1.346 -3.611
0.001127 -4.242 -4.31 -4.335 -4.304 -4.134 -3.891 -4.231 -4.283 -4.13 -3.882 -3.588 -3.223 -4.289 -4.059 -3.726 -3.448 -3.169 -4.044 -3.743 -3.466 -3.264 -3.192 -3.753 -3.93 -3.61 -2.58 -2.08 -1.488 -3.799
0.001161 -4.49 -4.539 -4.549 -4.485 -4.298 -4.043 -4.436 -4.461 -4.295 -4.034 -3.732 -3.358 -4.467 -4.219 -3.873 -3.587 -3.303 -4.203 -3.891 -3.608 -3.403 -3.335 -3.902 -4.085 -3.754 -2.707 -2.204 -1.608 -3.951
0.001196 -4.691 -4.726 -4.724 -4.636 -4.437 -4.173 -4.606 -4.61 -4.434 -4.164 -3.855 -3.477 -4.617 -4.355 -3.999 -3.708 -3.421 -4.339 -4.018 -3.73 -3.524 -3.459 -4.031 -4.217 -3.878 -2.82 -2.313 -1.715 -4.082
0.001232 -4.861 -4.884 -4.874 -4.768 -4.56 -4.289 -4.751 -4.74 -4.556 -4.28 -3.966 -3.583 -4.747 -4.475 -4.111 -3.817 -3.527 -4.459 -4.131 -3.84 -3.633 -3.57 -4.145 -4.334 -3.989 -2.921 -2.413 -1.813 -4.198
0.001269 -5.008 -5.023 -5.007 -4.885 -4.67 -4.394 -4.88 -4.856 -4.667 -4.385 -4.067 -3.681 -4.864 -4.584 -4.214 -3.917 -3.624 -4.567 -4.235 -3.941 -3.733 -3.672 -4.249 -4.44 -4.091 -3.016 -2.505 -1.904 -4.303
0.001308 -5.139 -5.147 -5.125 -4.992 -4.772 -4.491 -4.997 -4.963 -4.768 -4.482 -4.162 -3.773 -4.97 -4.684 -4.31 -4.01 -3.715 -4.667 -4.331 -4.034 -3.826 -3.767 -4.346 -4.538 -4.185 -3.105 -2.593 -1.991 -4.401
0.001347 -5.257 -5.259 -5.234 -5.091 -4.866 -4.582 -5.104 -5.061 -4.863 -4.573 -4.25 -3.859 -5.068 -4.777 -4.399 -4.097 -3.802 -4.76 -4.421 -4.123 -3.914 -3.857 -4.436 -4.63 -4.274 -3.189 -2.676 -2.073 -4.492
0.001388 -5.366 -5.363 -5.334 -5.184 -4.955 -4.669 -5.202 -5.153 -4.952 -4.659 -4.335 -3.942 -5.161 -4.865 -4.484 -4.181 -3.884 -4.849 -4.507 -4.207 -3.998 -3.942 -4.522 -4.717 -4.359 -3.27 -2.756 -2.152 -4.578
0.00143 -5.466 -5.459 -5.428 -5.272 -5.04 -4.751 -5.295 -5.24 -5.036 -4.742 -4.416 -4.022 -5.248 -4.949 -4.566 -4.261 -3.963 -4.932 -4.588 -4.288 -4.078 -4.024 -4.604 -4.8 -4.44 -3.348 -2.833 -2.229 -4.661
0.001473 -5.56 -5.55 -5.516 -5.355 -5.121 -4.83 -5.383 -5.323 -5.117 -4.821 -4.493 -4.098 -5.331 -5.03 -4.644 -4.338 -4.04 -5.013 -4.667 -4.365 -4.155 -4.102 -4.683 -4.88 -4.518 -3.423 -2.908 -2.303 -4.74
0.001518 -5.648 -5.635 -5.6 -5.435 -5.199 -4.907 -5.466 -5.402 -5.195 -4.897 -4.569 -4.173 -5.41 -5.107 -4.72 -4.413 -4.114 -5.09 -4.743 -4.441 -4.23 -4.178 -4.759 -4.956 -4.593 -3.497 -2.981 -2.376 -4.816
0.001564 -5.731 -5.717 -5.68 -5.511 -5.274 -4.98 -5.545 -5.479 -5.27 -4.971 -4.642 -4.245 -5.486 -5.182 -4.793 -4.486 -4.187 -5.165 -4.816 -4.514 -4.303 -4.252 -4.833 -5.03 -4.666 -3.568 -3.052 -2.447 -4.89
0.001611 -5.81 -5.794 -5.756 -5.585 -5.346 -5.052 -5.621 -5.553 -5.343 -5.043 -4.713 -4.316 -5.56 -5.254 -4.865 -4.557 -4.257 -5.237 -4.888 -4.585 -4.374 -4.324 -4.904 -5.102 -4.738 -3.638 -3.122 -2.516 -4.962
0.00166 -5.886 -5.868 -5.83 -5.657 -5.417 -5.122 -5.694 -5.624 -5.414 -5.113 -4.783 -4.385 -5.632 -5.325 -4.934 -4.626 -4.326 -5.308 -4.958 -4.654 -4.444 -4.393 -4.974 -5.173 -4.807 -3.707 -3.191 -2.585 -5.033
0.00171 -5.958 -5.94 -5.901 -5.727 -5.486 -5.191 -5.765 -5.694 -5.483 -5.181 -4.851 -4.453 -5.701 -5.393 -5.003 -4.694 -4.394 -5.376 -5.026 -4.723 -4.512 -4.462 -5.043 -5.241 -4.875 -3.775 -3.258 -2.652 -5.101
0.001761 -6.028 -6.009 -5.969 -5.795 -5.554 -5.258 -5.833 -5.761 -5.55 -5.248 -4.918 -4.52 -5.769 -5.461 -5.07 -4.761 -4.461 -5.444 -5.093 -4.789 -4.579 -4.529 -5.11 -5.309 -4.942 -3.841 -3.324 -2.718 -5.168
0.001815 -6.095 -6.076 -6.036 -5.861 -5.62 -5.324 -5.9 -5.827 -5.616 -5.314 -4.984 -4.585 -5.835 -5.527 -5.135 -4.827 -4.527 -5.51 -5.159 -4.855 -4.645 -4.595 -5.176 -5.374 -5.008 -3.907 -3.39 -2.784 -5.234
0.00187 -6.159 -6.14 -6.101 -5.925 -5.684 -5.389 -5.964 -5.892 -5.681 -5.379 -5.048 -4.65 -5.9 -5.591 -5.2 -4.892 -4.591 -5.574 -5.224 -4.92 -4.709 -4.659 -5.24 -5.439 -5.073 -3.972 -3.455 -2.848 -5.299
0.001926 -6.222 -6.203 -6.164 -5.989 -5.748 -5.452 -6.028 -5.956 -5.744 -5.443 -5.112 -4.714 -5.963 -5.655 -5.264 -4.956 -4.655 -5.638 -5.288 -4.984 -4.773 -4.723 -5.304 -5.503 -5.137 -4.035 -3.519 -2.912 -5.363
0.001984 -6.283 -6.265 -6.225 -6.051 -5.811 -5.515 -6.089 -6.018 -5.807 -5.506 -5.175 -4.777 -6.026 -5.718 -5.327 -5.019 -4.718 -5.701 -5.351 -5.047 -4.836 -4.786 -5.367 -5.566 -5.2 -4.099 -3.582 -2.976 -5.425
0.002044 -6.342 -6.324 -6.285 -6.112 -5.872 -5.577 -6.15 -6.079 -5.868 -5.568 -5.237 -4.839 -6.087 -5.779 -5.389 -5.081 -4.781 -5.762 -5.413 -5.109 -4.898 -4.848 -5.429 -5.627 -5.262 -4.161 -3.645 -3.039 -5.487
0.002106 -6.4 -6.383 -6.344 -6.172 -5.933 -5.638 -6.209 -6.139 -5.929 -5.629 -5.299 -4.901 -6.147 -5.84 -5.45 -5.142 -4.842 -5.823 -5.474 -5.17 -4.96 -4.909 -5.49 -5.689 -5.323 -4.223 -3.707 -3.101 -5.548
0.00217 -6.456 -6.44 -6.402 -6.232 -5.993 -5.699 -6.267 -6.199 -5.989 -5.689 -5.36 -4.962 -6.206 -5.9 -5.511 -5.203 -4.904 -5.883 -5.534 -5.231 -5.021 -4.97 -5.551 -5.749 -5.384 -4.285 -3.769 -3.163 -5.609
0.002236 -6.511 -6.496 -6.459 -6.29 -6.052 -5.758 -6.324 -6.257 -6.048 -5.749 -5.42 -5.023 -6.265 -5.96 -5.571 -5.264 -4.964 -5.943 -5.594 -5.291 -5.081 -5.03 -5.61 -5.808 -5.444 -4.346 -3.83 -3.224 -5.668
0.002303 -6.564 -6.551 -6.514 -6.347 -6.11 -5.818 -6.38 -6.315 -6.107 -5.808 -5.479 -5.083 -6.323 -6.018 -5.63 -5.324 -5.024 -6.001 -5.654 -5.351 -5.141 -5.089 -5.67 -5.867 -5.504 -4.406 -3.89 -3.285 -5.728
0.002373 -6.617 -6.604 -6.569 -6.404 -6.168 -5.876 -6.435 -6.372 -6.164 -5.867 -5.538 -5.142 -6.379 -6.076 -5.689 -5.383 -5.084 -6.059 -5.712 -5.41 -5.2 -5.148 -5.728 -5.926 -5.563 -4.466 -3.951 -3.346 -5.786
0.002445 -6.668 -6.657 -6.623 -6.46 -6.225 -5.934 -6.489 -6.428 -6.222 -5.925 -5.597 -5.202 -6.436 -6.134 -5.748 -5.442 -5.143 -6.117 -5.771 -5.469 -5.259 -5.206 -5.787 -5.984 -5.621 -4.526 -4.011 -3.406 -5.844
0.002519 -6.718 -6.709 -6.676 -6.516 -6.282 -5.992 -6.542 -6.484 -6.278 -5.982 -5.655 -5.26 -6.491 -6.191 -5.806 -5.5 -5.202 -6.174 -5.828 -5.527 -5.317 -5.264 -5.844 -6.041 -5.679 -4.585 -4.07 -3.466 -5.901
0.002595 -6.767 -6.76 -6.728 -6.57 -6.338 -6.049 -6.595 -6.539 -6.334 -6.039 -5.713 -5.319 -6.546 -6.247 -5.863 -5.558 -5.26 -6.23 -5.886 -5.585 -5.375 -5.321 -5.901 -6.098 -5.737 -4.644 -4.13 -3.525 -5.958
0.002673 -6.816 -6.81 -6.779 -6.625 -6.393 -6.105 -6.647 -6.593 -6.39 -6.096 -5.77 -5.376 -6.601 -6.303 -5.92 -5.616 -5.318 -6.286 -5.943 -5.642 -5.433 -5.378 -5.958 -6.154 -5.794 -4.703 -4.189 -3.584 -6.015
0.002754 -6.863 -6.859 -6.83 -6.678 -6.449 -6.161 -6.698 -6.647 -6.445 -6.152 -5.827 -5.434 -6.654 -6.358 -5.977 -5.673 -5.376 -6.342 -5.999 -5.699 -5.49 -5.435 -6.015 -6.21 -5.851 -4.761 -4.247 -3.643 -6.071
0.002837 -6.91 -6.908 -6.88 -6.731 -6.503 -6.217 -6.748 -6.7 -6.499 -6.208 -5.884 -5.491 -6.708 -6.413 -6.033 -5.73 -5.433 -6.397 -6.055 -5.756 -5.546 -5.491 -6.07 -6.265 -5.908 -4.819 -4.306 -3.702 -6.127
0.002923 -6.956 -6.956 -6.929 -6.784 -6.557 -6.273 -6.798 -6.753 -6.554 -6.263 -5.94 -5.548 -6.761 -6.468 -6.089 -5.786 -5.49 -6.451 -6.111 -5.812 -5.603 -5.547 -6.126 -6.321 -5.964 -4.877 -4.364 -3.76 -6.182
0.003012 -7.001 -7.003 -6.978 -6.836 -6.611 -6.328 -6.847 -6.805 -6.607 -6.318 -5.996 -5.605 -6.813 -6.522 -6.144 -5.843 -5.547 -6.505 -6.166 -5.868 -5.659 -5.602 -6.181 -6.375 -6.02 -4.935 -4.422 -3.819 -6.237
0.003103 -7.045 -7.049 -7.026 -6.887 -6.664 -6.382 -6.896 -6.857 -6.661 -6.373 -6.051 -5.661 -6.865 -6.576 -6.2 -5.899 -5.604 -6.559 -6.221 -5.924 -5.715 -5.657 -6.236 -6.43 -6.075 -4.992 -4.479 -3.877 -6.291
0.003196 -7.088 -7.095 -7.073 -6.939 -6.717 -6.436 -6.944 -6.909 -6.714 -6.427 -6.106 -5.717 -6.916 -6.629 -6.254 -5.954 -5.66 -6.612 -6.276 -5.979 -5.77 -5.712 -6.291 -6.484 -6.13 -5.049 -4.537 -3.934 -6.346
0.003293 -7.131 -7.14 -7.12 -6.989 -6.77 -6.49 -6.992 -6.96 -6.766 -6.481 -6.161 -5.773 -6.967 -6.682 -6.309 -6.01 -5.716 -6.666 -6.33 -6.034 -5.826 -5.767 -6.345 -6.537 -6.185 -5.105 -4.594 -3.992 -6.4
0.003393 -7.173 -7.185 -7.166 -7.04 -6.822 -6.544 -7.039 -7.01 -6.818 -6.535 -6.216 -5.829 -7.018 -6.735 -6.363 -6.065 -5.771 -6.718 -6.384 -6.089 -5.881 -5.821 -6.399 -6.591 -6.24 -5.162 -4.651 -4.049 -6.453
0.003495 -7.215 -7.229 -7.212 -7.09 -6.874 -6.597 -7.086 -7.061 -6.87 -6.588 -6.27 -5.884 -7.068 -6.787 -6.417 -6.12 -5.827 -6.771 -6.438 -6.144 -5.936 -5.875 -6.452 -6.644 -6.294 -5.218 -4.708 -4.106 -6.506
0.003601 -7.256 -7.273 -7.257 -7.139 -6.925 -6.65 -7.132 -7.111 -6.922 -6.641 -6.325 -5.939 -7.118 -6.84 -6.471 -6.174 -5.882 -6.823 -6.492 -6.198 -5.99 -5.929 -6.506 -6.696 -6.348 -5.274 -4.764 -4.163 -6.559
0.00371 -7.296 -7.315 -7.302 -7.188 -6.977 -6.703 -7.178 -7.16 -6.973 -6.694 -6.378 -5.994 -7.167 -6.891 -6.525 -6.229 -5.937 -6.875 -6.545 -6.252 -6.044 -5.983 -6.559 -6.749 -6.402 -5.33 -4.821 -4.22 -6.612
0.003822 -7.336 -7.358 -7.347 -7.237 -7.028 -6.756 -7.223 -7.209 -7.024 -6.746 -6.432 -6.048 -7.216 -6.943 -6.578 -6.283 -5.992 -6.926 -6.598 -6.306 -6.098 -6.036 -6.612 -6.801 -6.456 -5.386 -4.877 -4.277 -6.665
0.003938 -7.375 -7.4 -7.391 -7.285 -7.078 -6.808 -7.268 -7.258 -7.075 -6.799 -6.486 -6.103 -7.265 -6.994 -6.631 -6.337 -6.046 -6.977 -6.651 -6.359 -6.152 -6.089 -6.664 -6.853 -6.509 -5.442 -4.933 -4.334 -6.717
0.004057 -7.414 -7.441 -7.434 -7.333 -7.129 -6.86 -7.312 -7.306 -7.125 -6.851 -6.539 -6.157 -7.313 -7.045 -6.684 -6.39 -6.101 -7.028 -6.703 -6.413 -6.206 -6.143 -6.717 -6.905 -6.562 -5.497 -4.989 -4.39 -6.769
0.00418 -7.452 -7.482 -7.477 -7.381 -7.179 -6.912 -7.356 -7.354 -7.175 -6.903 -6.592 -6.211 -7.361 -7.095 -6.736 -6.444 -6.155 -7.079 -6.755 -6.466 -6.26 -6.195 -6.769 -6.956 -6.615 -5.552 -5.045 -4.446 -6.82
0.004306 -7.489 -7.522 -7.519 -7.428 -7.228 -6.963 -7.4 -7.402 -7.225 -6.954 -6.645 -6.265 -7.409 -7.146 -6.788 -6.497 -6.209 -7.129 -6.808 -6.519 -6.313 -6.248 -6.82 -7.007 -6.668 -5.607 -5.1 -4.502 -6.872
0.004436 -7.526 -7.562 -7.561 -7.475 -7.278 -7.015 -7.443 -7.45 -7.274 -7.005 -6.697 -6.319 -7.456 -7.196 -6.84 -6.55 -6.263 -7.18 -6.859 -6.572 -6.366 -6.3 -6.872 -7.058 -6.72 -5.662 -5.156 -4.558 -6.923
0.00457 -7.563 -7.601 -7.603 -7.522 -7.327 -7.066 -7.486 -7.497 -7.323 -7.057 -6.749 -6.372 -7.503 -7.246 -6.892 -6.603 -6.317 -7.23 -6.911 -6.625 -6.419 -6.353 -6.924 -7.109 -6.772 -5.717 -5.211 -4.614 -6.974
0.004709 -7.598 -7.64 -7.644 -7.568 -7.376 -7.117 -7.529 -7.544 -7.372 -7.107 -6.802 -6.426 -7.55 -7.295 -6.944 -6.656 -6.37 -7.279 -6.963 -6.677 -6.472 -6.405 -6.975 -7.159 -6.824 -5.772 -5.266 -4.67 -7.025
0.004851 -7.634 -7.679 -7.685 -7.614 -7.425 -7.167 -7.571 -7.59 -7.421 -7.158 -6.854 -6.479 -7.597 -7.345 -6.996 -6.708 -6.424 -7.329 -7.014 -6.729 -6.524 -6.457 -7.026 -7.209 -6.876 -5.826 -5.322 -4.725 -7.075
0.004998 -7.669 -7.717 -7.726 -7.66 -7.473 -7.218 -7.612 -7.636 -7.469 -7.208 -6.905 -6.532 -7.643 -7.394 -7.047 -6.761 -6.477 -7.378 -7.065 -6.781 -6.577 -6.509 -7.076 -7.259 -6.928 -5.881 -5.377 -4.781 -7.126
0.005149 -7.703 -7.754 -7.766 -7.706 -7.521 -7.268 -7.654 -7.682 -7.518 -7.259 -6.957 -6.585 -7.689 -7.443 -7.098 -6.813 -6.53 -7.427 -7.116 -6.833 -6.629 -6.56 -7.127 -7.309 -6.98 -5.935 -5.431 -4.836 -7.176
0.005305 -7.737 -7.791 -7.805 -7.751 -7.569 -7.318 -7.695 -7.728 -7.566 -7.309 -7.008 -6.637 -7.734 -7.491 -7.149 -6.865 -6.583 -7.476 -7.166 -6.885 -6.681 -6.612 -7.177 -7.358 -7.031 -5.989 -5.486 -4.892 -7.226
0.005465 -7.77 -7.828 -7.844 -7.796 -7.617 -7.368 -7.736 -7.773 -7.613 -7.359 -7.06 -6.69 -7.78 -7.54 -7.199 -6.917 -6.635 -7.524 -7.217 -6.937 -6.733 -6.663 -7.228 -7.408 -7.082 -6.043 -5.541 -4.947 -7.275
0.00563 -7.803 -7.864 -7.883 -7.84 -7.664 -7.417 -7.776 -7.818 -7.661 -7.408 -7.111 -6.742 -7.825 -7.588 -7.25 -6.969 -6.688 -7.572 -7.267 -6.988 -6.785 -6.715 -7.278 -7.457 -7.133 -6.097 -5.595 -5.002 -7.325
0.005801 -7.836 -7.9 -7.922 -7.885 -7.711 -7.467 -7.816 -7.863 -7.708 -7.458 -7.162 -6.795 -7.869 -7.636 -7.3 -7.02 -6.74 -7.62 -7.317 -7.039 -6.837 -6.766 -7.327 -7.506 -7.184 -6.15 -5.65 -5.057 -7.374
0.005976 -7.868 -7.935 -7.96 -7.929 -7.758 -7.516 -7.856 -7.908 -7.755 -7.507 -7.213 -6.847 -7.914 -7.683 -7.351 -7.072 -6.793 -7.668 -7.367 -7.09 -6.889 -6.817 -7.377 -7.555 -7.235 -6.204 -5.704 -5.112 -7.423
0.006157 -7.899 -7.97 -7.997 -7.972 -7.805 -7.565 -7.895 -7.952 -7.802 -7.556 -7.263 -6.899 -7.958 -7.731 -7.401 -7.123 -6.845 -7.716 -7.417 -7.141 -6.94 -6.868 -7.426 -7.603 -7.285 -6.257 -5.758 -5.167 -7.472
0.006343 -7.93 -8.004 -8.035 -8.016 -7.852 -7.614 -7.934 -7.996 -7.848 -7.605 -7.314 -6.951 -8.002 -7.778 -7.45 -7.174 -6.897 -7.763 -7.467 -7.192 -6.991 -6.918 -7.476 -7.651 -7.335 -6.311 -5.812 -5.221 -7.521
0.006535 -7.961 -8.038 -8.072 -8.059 -7.898 -7.662 -7.973 -8.039 -7.894 -7.653 -7.364 -7.002 -8.045 -7.825 -7.5 -7.225 -6.949 -7.811 -7.516 -7.243 -7.043 -6.969 -7.525 -7.699 -7.386 -6.364 -5.866 -5.276 -7.57
0.006732 -7.991 -8.072 -8.108 -8.102 -7.944 -7.711 -8.011 -8.083 -7.94 -7.702 -7.414 -7.054 -8.089 -7.872 -7.55 -7.276 -7.001 -7.858 -7.565 -7.294 -7.094 -7.02 -7.574 -7.747 -7.436 -6.417 -5.92 -5.33 -7.618
0.006936 -8.021 -8.105 -8.144 -8.144 -7.99 -7.759 -8.049 -8.126 -7.986 -7.75 -7.464 -7.105 -8.132 -7.919 -7.599 -7.327 -7.052 -7.905 -7.615 -7.344 -7.145 -7.07 -7.622 -7.795 -7.486 -6.47 -5.974 -5.385 -7.666
0.007146 -8.05 -8.138 -8.18 -8.187 -8.035 -7.807 -8.087 -8.169 -8.032 -7.798 -7.514 -7.157 -8.175 -7.965 -7.648 -7.377 -7.104 -7.951 -7.664 -7.394 -7.195 -7.12 -7.671 -7.843 -7.535 -6.523 -6.028 -5.439 -7.714
0.007362 -8.078 -8.17 -8.216 -8.229 -8.081 -7.855 -8.125 -8.212 -8.077 -7.846 -7.563 -7.208 -8.217 -8.011 -7.697 -7.428 -7.155 -7.998 -7.712 -7.444 -7.246 -7.17 -7.719 -7.89 -7.585 -6.576 -6.081 -5.493 -7.762
0.007585 -8.107 -8.202 -8.251 -8.27 -8.126 -7.903 -8.162 -8.254 -8.122 -7.894 -7.613 -7.259 -8.259 -8.058 -7.746 -7.478 -7.207 -8.044 -7.761 -7.494 -7.297 -7.221 -7.768 -7.937 -7.634 -6.629 -6.135 -5.548 -7.81
0.007814 -8.134 -8.233 -8.285 -8.312 -8.171 -7.95 -8.199 -8.296 -8.167 -7.941 -7.662 -7.31 -8.301 -8.103 -7.795 -7.528 -7.258 -8.09 -7.809 -7.544 -7.347 -7.271 -7.816 -7.984 -7.683 -6.682 -6.188 -5.602 -7.857
0.00805 -8.162 -8.264 -8.32 -8.353 -8.216 -7.997 -8.236 -8.338 -8.212 -7.989 -7.711 -7.361 -8.343 -8.149 -7.843 -7.578 -7.309 -8.136 -7.858 -7.594 -7.398 -7.32 -7.864 -8.031 -7.732 -6.734 -6.242 -5.656 -7.905
0.008294 -8.189 -8.295 -8.354 -8.394 -8.26 -8.045 -8.272 -8.379 -8.257 -8.036 -7.761 -7.411 -8.384 -8.194 -7.891 -7.628 -7.36 -8.181 -7.906 -7.643 -7.448 -7.37 -7.911 -8.078 -7.781 -6.787 -6.295 -5.71 -7.952
0.008545 -8.215 -8.325 -8.387 -8.435 -8.304 -8.092 -8.308 -8.421 -8.301 -8.083 -7.809 -7.462 -8.426 -8.24 -7.94 -7.678 -7.41 -8.227 -7.954 -7.693 -7.498 -7.42 -7.959 -8.124 -7.83 -6.839 -6.348 -5.764 -7.999
0.008803 -8.241 -8.355 -8.42 -8.475 -8.348 -8.138 -8.344 -8.462 -8.345 -8.13 -7.858 -7.512 -8.467 -8.285 -7.988 -7.727 -7.461 -8.272 -8.002 -7.742 -7.548 -7.47 -8.006 -8.17 -7.879 -6.891 -6.401 -5.818 -8.045
0.009069 -8.267 -8.384 -8.453 -8.515 -8.392 -8.185 -8.379 -8.502 -8.389 -8.177 -7.907 -7.563 -8.507 -8.329 -8.036 -7.777 -7.512 -8.317 -8.049 -7.791 -7.598 -7.519 -8.054 -8.216 -7.927 -6.943 -6.454 -5.871 -8.092
0.009344 -8.292 -8.413 -8.486 -8.555 -8.436 -8.232 -8.414 -8.543 -8.433 -8.223 -7.955 -7.613 -8.548 -8.374 -8.083 -7.826 -7.562 -8.362 -8.097 -7.841 -7.648 -7.569 -8.101 -8.262 -7.976 -6.995 -6.507 -5.925 -8.139
0.009626 -8.316 -8.441 -8.518 -8.594 -8.479 -8.278 -8.449 -8.583 -8.476 -8.27 -8.004 -7.663 -8.588 -8.418 -8.131 -7.875 -7.613 -8.407 -8.144 -7.89 -7.697 -7.618 -8.147 -8.308 -8.024 -7.047 -6.56 -5.979 -8.185
