web/models/kne.last_good/kappa_0.5_3.0.v1/38/villar_0.1443_0.1397_0.5000.dat
# %ECSV 1.0
# ---
# datatype:
# - {name: time, datatype: float64}
# - {name: swift_uvot_uvw2, datatype: float64}
# - {name: swift_uvot_uvm2, datatype: float64}
# - {name: swift_uvot_uvw1, datatype: float64}
# - {name: swift_uvot_U, datatype: float64}
# - {name: swift_uvot_B, datatype: float64}
# - {name: swift_uvot_V, datatype: float64}
# - {name: swift_uvot_W, datatype: float64}
# - {name: johnson_U, datatype: float64}
# - {name: johnson_B, datatype: float64}
# - {name: johnson_V, datatype: float64}
# - {name: johnson_R, datatype: float64}
# - {name: johnson_I, datatype: float64}
# - {name: sdss_u, datatype: float64}
# - {name: sdss_g, datatype: float64}
# - {name: sdss_r, datatype: float64}
# - {name: sdss_i, datatype: float64}
# - {name: sdss_z, datatype: float64}
# - {name: PS1_g, datatype: float64}
# - {name: PS1_r, datatype: float64}
# - {name: PS1_i, datatype: float64}
# - {name: PS1_z, datatype: float64}
# - {name: PS1_Y, datatype: float64}
# - {name: PS1_w, datatype: float64}
# - {name: ATLAS_c, datatype: float64}
# - {name: ATLAS_o, datatype: float64}
# - {name: ukirt_J, datatype: float64}
# - {name: ukirt_H, datatype: float64}
# - {name: ukirt_K, datatype: float64}
# - {name: Clear, datatype: float64}
# meta: !!omap
# - comment: [kappa = 0.5, type = villar, mass = 0.1442699905917794, velocity = 0.13966666666666672, theta_obs = 0.0]
# schema: astropy-2.0
time swift_uvot_uvw2 swift_uvot_uvm2 swift_uvot_uvw1 swift_uvot_U swift_uvot_B swift_uvot_V swift_uvot_W johnson_U johnson_B johnson_V johnson_R johnson_I sdss_u sdss_g sdss_r sdss_i sdss_z PS1_g PS1_r PS1_i PS1_z PS1_Y PS1_w ATLAS_c ATLAS_o ukirt_J ukirt_H ukirt_K Clear
[from data line 215]
0.605549 -14.572 -14.835 -15.078 -15.46 -15.511 -15.434 -15.164 -15.478 -15.509 -15.428 -15.249 -14.983 -15.477 -15.494 -15.343 -15.156 -14.944 -15.496 -15.352 -15.165 -15.008 -14.928 -15.333 -15.44 -15.264 -14.45 -14.001 -13.451 -15.347
0.623863 -14.573 -14.84 -15.09 -15.485 -15.543 -15.471 -15.185 -15.504 -15.541 -15.465 -15.29 -15.027 -15.503 -15.527 -15.382 -15.199 -14.988 -15.53 -15.391 -15.207 -15.051 -14.972 -15.372 -15.476 -15.304 -14.497 -14.05 -13.501 -15.384
0.642731 -14.573 -14.845 -15.102 -15.509 -15.574 -15.508 -15.205 -15.529 -15.572 -15.502 -15.33 -15.071 -15.528 -15.561 -15.421 -15.241 -15.032 -15.564 -15.43 -15.249 -15.095 -15.016 -15.41 -15.512 -15.344 -14.544 -14.099 -13.551 -15.421
0.66217 -14.572 -14.849 -15.114 -15.533 -15.605 -15.544 -15.225 -15.554 -15.603 -15.538 -15.37 -15.115 -15.553 -15.594 -15.46 -15.282 -15.076 -15.598 -15.468 -15.291 -15.138 -15.06 -15.447 -15.547 -15.384 -14.591 -14.147 -13.601 -15.458
0.682197 -14.571 -14.852 -15.124 -15.556 -15.636 -15.58 -15.244 -15.579 -15.634 -15.575 -15.41 -15.158 -15.577 -15.626 -15.498 -15.324 -15.12 -15.631 -15.507 -15.332 -15.181 -15.104 -15.485 -15.582 -15.424 -14.638 -14.196 -13.651 -15.495
0.70283 -14.568 -14.854 -15.135 -15.579 -15.666 -15.616 -15.263 -15.603 -15.664 -15.611 -15.45 -15.201 -15.601 -15.658 -15.536 -15.365 -15.164 -15.664 -15.545 -15.374 -15.224 -15.147 -15.522 -15.617 -15.464 -14.685 -14.244 -13.701 -15.531
0.724086 -14.565 -14.856 -15.144 -15.601 -15.696 -15.652 -15.282 -15.627 -15.694 -15.646 -15.49 -15.244 -15.625 -15.69 -15.574 -15.407 -15.207 -15.696 -15.583 -15.415 -15.267 -15.191 -15.559 -15.652 -15.503 -14.732 -14.293 -13.751 -15.567
0.745986 -14.561 -14.856 -15.153 -15.623 -15.725 -15.687 -15.3 -15.65 -15.723 -15.681 -15.529 -15.287 -15.647 -15.721 -15.612 -15.447 -15.25 -15.729 -15.621 -15.456 -15.31 -15.234 -15.596 -15.686 -15.542 -14.778 -14.341 -13.8 -15.603
0.768548 -14.557 -14.856 -15.161 -15.644 -15.754 -15.721 -15.318 -15.672 -15.752 -15.716 -15.568 -15.329 -15.67 -15.752 -15.649 -15.488 -15.293 -15.76 -15.658 -15.496 -15.352 -15.277 -15.632 -15.719 -15.581 -14.824 -14.389 -13.85 -15.638
0.791792 -14.551 -14.855 -15.168 -15.665 -15.782 -15.756 -15.335 -15.694 -15.781 -15.751 -15.607 -15.371 -15.691 -15.783 -15.686 -15.528 -15.336 -15.792 -15.695 -15.537 -15.394 -15.32 -15.668 -15.753 -15.619 -14.871 -14.437 -13.899 -15.673
0.815739 -14.544 -14.853 -15.174 -15.685 -15.81 -15.79 -15.352 -15.716 -15.809 -15.785 -15.645 -15.414 -15.712 -15.813 -15.723 -15.569 -15.379 -15.823 -15.731 -15.577 -15.436 -15.362 -15.704 -15.786 -15.657 -14.917 -14.485 -13.949 -15.708
0.840411 -14.537 -14.85 -15.18 -15.704 -15.838 -15.823 -15.368 -15.736 -15.836 -15.818 -15.683 -15.455 -15.733 -15.843 -15.76 -15.608 -15.421 -15.853 -15.768 -15.616 -15.478 -15.405 -15.739 -15.818 -15.695 -14.962 -14.532 -13.998 -15.742
0.865828 -14.528 -14.846 -15.185 -15.723 -15.865 -15.857 -15.384 -15.756 -15.863 -15.852 -15.721 -15.497 -15.752 -15.872 -15.796 -15.648 -15.463 -15.883 -15.804 -15.656 -15.519 -15.447 -15.774 -15.85 -15.733 -15.008 -14.58 -14.047 -15.776
0.892015 -14.519 -14.841 -15.188 -15.741 -15.891 -15.889 -15.399 -15.776 -15.89 -15.885 -15.758 -15.538 -15.772 -15.901 -15.831 -15.687 -15.505 -15.913 -15.839 -15.695 -15.56 -15.489 -15.809 -15.882 -15.77 -15.054 -14.627 -14.096 -15.81
0.918993 -14.508 -14.835 -15.192 -15.758 -15.917 -15.922 -15.413 -15.795 -15.916 -15.917 -15.796 -15.579 -15.79 -15.929 -15.867 -15.726 -15.546 -15.942 -15.875 -15.734 -15.601 -15.531 -15.843 -15.913 -15.807 -15.099 -14.675 -14.145 -15.843
0.946787 -14.496 -14.827 -15.194 -15.774 -15.943 -15.954 -15.427 -15.813 -15.941 -15.949 -15.832 -15.62 -15.808 -15.957 -15.902 -15.765 -15.588 -15.97 -15.909 -15.773 -15.642 -15.572 -15.877 -15.944 -15.843 -15.144 -14.722 -14.193 -15.876
0.975422 -14.484 -14.819 -15.195 -15.79 -15.967 -15.985 -15.441 -15.83 -15.966 -15.981 -15.869 -15.661 -15.825 -15.984 -15.936 -15.803 -15.629 -15.998 -15.944 -15.811 -15.682 -15.613 -15.911 -15.975 -15.879 -15.189 -14.769 -14.242 -15.909
1.004923 -14.47 -14.809 -15.195 -15.805 -15.991 -16.016 -15.454 -15.847 -15.99 -16.012 -15.905 -15.701 -15.841 -16.01 -15.97 -15.841 -15.67 -16.026 -15.978 -15.849 -15.723 -15.654 -15.944 -16.004 -15.915 -15.233 -14.816 -14.291 -15.941
1.035317 -14.455 -14.798 -15.194 -15.82 -16.015 -16.047 -15.466 -15.863 -16.014 -16.043 -15.94 -15.741 -15.857 -16.036 -16.004 -15.879 -15.71 -16.053 -16.012 -15.886 -15.762 -15.695 -15.977 -16.034 -15.95 -15.278 -14.862 -14.339 -15.973
1.066629 -14.439 -14.786 -15.193 -15.833 -16.038 -16.077 -15.478 -15.878 -16.037 -16.073 -15.976 -15.78 -15.871 -16.062 -16.037 -15.916 -15.75 -16.079 -16.045 -15.924 -15.802 -15.736 -16.009 -16.063 -15.985 -15.322 -14.909 -14.387 -16.004
1.098888 -14.421 -14.773 -15.19 -15.846 -16.06 -16.106 -15.489 -15.892 -16.059 -16.103 -16.01 -15.819 -15.885 -16.087 -16.07 -15.953 -15.79 -16.105 -16.078 -15.961 -15.841 -15.776 -16.04 -16.091 -16.02 -15.366 -14.955 -14.435 -16.034
1.132124 -14.403 -14.758 -15.186 -15.857 -16.081 -16.135 -15.499 -15.905 -16.081 -16.132 -16.045 -15.858 -15.898 -16.111 -16.102 -15.989 -15.83 -16.13 -16.11 -15.997 -15.88 -15.816 -16.072 -16.119 -16.054 -15.41 -15.001 -14.483 -16.065
1.166364 -14.383 -14.742 -15.181 -15.868 -16.102 -16.163 -15.509 -15.918 -16.101 -16.16 -16.079 -15.897 -15.91 -16.134 -16.134 -16.025 -15.869 -16.155 -16.141 -16.033 -15.918 -15.855 -16.102 -16.146 -16.087 -15.453 -15.047 -14.531 -16.094
1.20164 -14.362 -14.724 -15.174 -15.878 -16.122 -16.191 -15.517 -15.929 -16.122 -16.188 -16.112 -15.935 -15.921 -16.157 -16.165 -16.061 -15.907 -16.179 -16.173 -16.069 -15.956 -15.895 -16.133 -16.172 -16.121 -15.497 -15.092 -14.578 -16.123
1.237983 -14.339 -14.705 -15.167 -15.886 -16.141 -16.218 -15.525 -15.94 -16.141 -16.215 -16.145 -15.973 -15.931 -16.179 -16.196 -16.096 -15.946 -16.202 -16.203 -16.104 -15.994 -15.933 -16.162 -16.198 -16.153 -15.54 -15.138 -14.625 -16.152
1.275425 -14.315 -14.685 -15.158 -15.894 -16.16 -16.245 -15.533 -15.95 -16.159 -16.242 -16.178 -16.01 -15.94 -16.2 -16.226 -16.131 -15.984 -16.224 -16.233 -16.139 -16.031 -15.972 -16.191 -16.223 -16.185 -15.582 -15.183 -14.672 -16.18
1.313999 -14.289 -14.662 -15.147 -15.901 -16.177 -16.27 -15.539 -15.958 -16.177 -16.268 -16.209 -16.047 -15.949 -16.221 -16.255 -16.165 -16.021 -16.246 -16.263 -16.173 -16.068 -16.01 -16.22 -16.248 -16.217 -15.624 -15.227 -14.719 -16.207
1.35374 -14.262 -14.638 -15.136 -15.906 -16.194 -16.295 -15.545 -15.966 -16.194 -16.293 -16.241 -16.083 -15.955 -16.24 -16.284 -16.199 -16.059 -16.267 -16.292 -16.206 -16.105 -16.048 -16.248 -16.271 -16.248 -15.666 -15.272 -14.766 -16.234
1.394683 -14.233 -14.612 -15.123 -15.91 -16.209 -16.32 -15.549 -15.972 -16.209 -16.317 -16.272 -16.119 -15.961 -16.259 -16.312 -16.232 -16.095 -16.287 -16.32 -16.24 -16.141 -16.085 -16.275 -16.294 -16.278 -15.708 -15.316 -14.812 -16.26
1.436864 -14.202 -14.584 -15.108 -15.913 -16.224 -16.343 -15.553 -15.977 -16.224 -16.341 -16.302 -16.155 -15.966 -16.277 -16.34 -16.265 -16.131 -16.306 -16.348 -16.272 -16.176 -16.122 -16.301 -16.317 -16.308 -15.749 -15.36 -14.859 -16.286
1.480321 -14.17 -14.555 -15.091 -15.915 -16.238 -16.366 -15.556 -15.981 -16.238 -16.364 -16.331 -16.19 -15.969 -16.294 -16.367 -16.297 -16.167 -16.324 -16.374 -16.304 -16.211 -16.159 -16.327 -16.338 -16.337 -15.79 -15.404 -14.905 -16.31
1.525092 -14.135 -14.523 -15.073 -15.916 -16.25 -16.387 -15.557 -15.983 -16.251 -16.386 -16.36 -16.224 -15.971 -16.31 -16.393 -16.328 -16.202 -16.342 -16.4 -16.336 -16.246 -16.195 -16.352 -16.358 -16.365 -15.831 -15.448 -14.95 -16.334
1.571218 -14.099 -14.489 -15.054 -15.914 -16.261 -16.408 -15.558 -15.984 -16.262 -16.407 -16.388 -16.258 -15.971 -16.325 -16.418 -16.359 -16.237 -16.358 -16.426 -16.366 -16.279 -16.23 -16.376 -16.378 -16.393 -15.871 -15.491 -14.996 -16.357
1.618738 -14.061 -14.452 -15.032 -15.912 -16.272 -16.428 -15.557 -15.984 -16.273 -16.427 -16.415 -16.291 -15.97 -16.339 -16.442 -16.389 -16.271 -16.373 -16.45 -16.396 -16.313 -16.265 -16.4 -16.397 -16.42 -15.911 -15.533 -15.041 -16.38
1.667696 -14.021 -14.414 -15.009 -15.908 -16.281 -16.447 -15.556 -15.982 -16.282 -16.446 -16.442 -16.324 -15.968 -16.351 -16.466 -16.418 -16.304 -16.387 -16.474 -16.426 -16.345 -16.3 -16.422 -16.414 -16.446 -15.95 -15.576 -15.086 -16.401
1.718134 -13.979 -14.373 -14.983 -15.902 -16.288 -16.465 -15.553 -15.979 -16.289 -16.465 -16.467 -16.356 -15.964 -16.363 -16.488 -16.446 -16.337 -16.4 -16.496 -16.454 -16.377 -16.333 -16.444 -16.431 -16.471 -15.989 -15.618 -15.13 -16.422
1.770098 -13.934 -14.329 -14.955 -15.894 -16.294 -16.482 -15.548 -15.973 -16.296 -16.482 -16.492 -16.387 -15.958 -16.373 -16.51 -16.474 -16.369 -16.412 -16.518 -16.482 -16.409 -16.367 -16.465 -16.446 -16.495 -16.027 -15.659 -15.174 -16.441
1.823633 -13.887 -14.282 -14.925 -15.885 -16.299 -16.497 -15.543 -15.966 -16.301 -16.497 -16.516 -16.418 -15.95 -16.381 -16.531 -16.501 -16.401 -16.422 -16.539 -16.509 -16.439 -16.399 -16.484 -16.46 -16.518 -16.065 -15.7 -15.218 -16.46
1.878788 -13.838 -14.233 -14.893 -15.873 -16.302 -16.512 -15.535 -15.958 -16.304 -16.512 -16.539 -16.447 -15.941 -16.389 -16.55 -16.527 -16.431 -16.431 -16.558 -16.535 -16.469 -16.431 -16.503 -16.473 -16.541 -16.102 -15.741 -15.261 -16.477
1.93561 -13.786 -14.18 -14.858 -15.86 -16.304 -16.525 -15.527 -15.947 -16.306 -16.525 -16.561 -16.476 -15.929 -16.395 -16.569 -16.552 -16.461 -16.439 -16.577 -16.56 -16.498 -16.462 -16.52 -16.485 -16.562 -16.138 -15.781 -15.304 -16.494
1.994152 -13.732 -14.125 -14.821 -15.844 -16.304 -16.536 -15.516 -15.934 -16.306 -16.537 -16.582 -16.504 -15.915 -16.399 -16.586 -16.576 -16.49 -16.445 -16.594 -16.584 -16.526 -16.493 -16.537 -16.495 -16.582 -16.174 -15.821 -15.347 -16.509
2.054463 -13.675 -14.066 -14.781 -15.826 -16.302 -16.547 -15.505 -15.919 -16.304 -16.548 -16.601 -16.531 -15.899 -16.401 -16.602 -16.599 -16.518 -16.449 -16.61 -16.608 -16.553 -16.522 -16.552 -16.504 -16.601 -16.21 -15.86 -15.389 -16.523
2.116599 -13.615 -14.003 -14.738 -15.806 -16.298 -16.555 -15.491 -15.901 -16.301 -16.557 -16.62 -16.557 -15.881 -16.402 -16.616 -16.621 -16.545 -16.452 -16.625 -16.63 -16.58 -16.551 -16.566 -16.511 -16.619 -16.244 -15.898 -15.431 -16.536
2.180614 -13.552 -13.937 -14.692 -15.783 -16.292 -16.562 -15.475 -15.882 -16.295 -16.564 -16.637 -16.583 -15.86 -16.401 -16.629 -16.642 -16.571 -16.453 -16.638 -16.65 -16.605 -16.579 -16.578 -16.516 -16.636 -16.278 -15.936 -15.472 -16.547
2.246566 -13.486 -13.866 -14.643 -15.758 -16.284 -16.568 -15.458 -15.859 -16.287 -16.57 -16.653 -16.607 -15.837 -16.398 -16.641 -16.661 -16.597 -16.452 -16.65 -16.67 -16.629 -16.605 -16.589 -16.52 -16.651 -16.311 -15.973 -15.513 -16.557
2.314511 -13.417 -13.792 -14.59 -15.729 -16.273 -16.571 -15.438 -15.834 -16.277 -16.574 -16.667 -16.63 -15.811 -16.393 -16.651 -16.679 -16.621 -16.449 -16.66 -16.688 -16.652 -16.631 -16.598 -16.522 -16.665 -16.343 -16.01 -15.553 -16.565
2.384512 -13.345 -13.712 -14.534 -15.698 -16.261 -16.573 -15.416 -15.806 -16.265 -16.576 -16.68 -16.651 -15.782 -16.386 -16.659 -16.696 -16.643 -16.444 -16.668 -16.705 -16.674 -16.656 -16.606 -16.522 -16.677 -16.375 -16.046 -15.592 -16.572
2.45663 -13.269 -13.628 -14.474 -15.663 -16.245 -16.572 -15.392 -15.774 -16.25 -16.576 -16.691 -16.672 -15.749 -16.376 -16.666 -16.711 -16.665 -16.437 -16.675 -16.721 -16.694 -16.679 -16.612 -16.52 -16.687 -16.405 -16.081 -15.631 -16.577
2.530929 -13.19 -13.539 -14.41 -15.625 -16.227 -16.569 -15.365 -15.74 -16.232 -16.574 -16.7 -16.691 -15.713 -16.364 -16.67 -16.725 -16.685 -16.427 -16.68 -16.734 -16.714 -16.702 -16.616 -16.516 -16.696 -16.435 -16.115 -15.67 -16.58
2.607475 -13.107 -13.445 -14.341 -15.583 -16.206 -16.564 -15.336 -15.702 -16.212 -16.569 -16.708 -16.708 -15.674 -16.349 -16.673 -16.737 -16.704 -16.414 -16.683 -16.747 -16.731 -16.723 -16.618 -16.509 -16.703 -16.463 -16.149 -15.707 -16.581
2.686337 -13.02 -13.345 -14.268 -15.537 -16.182 -16.557 -15.303 -15.66 -16.188 -16.562 -16.713 -16.724 -15.631 -16.331 -16.673 -16.747 -16.721 -16.399 -16.683 -16.757 -16.747 -16.742 -16.618 -16.5 -16.708 -16.49 -16.182 -15.744 -16.58
2.767583 -12.93 -13.239 -14.191 -15.487 -16.155 -16.546 -15.268 -15.614 -16.161 -16.553 -16.717 -16.738 -15.584 -16.31 -16.671 -16.755 -16.737 -16.381 -16.681 -16.765 -16.762 -16.76 -16.615 -16.488 -16.71 -16.516 -16.213 -15.78 -16.577
2.851287 -12.836 -13.126 -14.108 -15.433 -16.124 -16.533 -15.23 -15.564 -16.131 -16.54 -16.718 -16.751 -15.532 -16.286 -16.667 -16.761 -16.751 -16.36 -16.677 -16.772 -16.775 -16.777 -16.611 -16.474 -16.711 -16.541 -16.244 -15.815 -16.571
2.937522 -12.738 -13.006 -14.02 -15.374 -16.089 -16.517 -15.189 -15.509 -16.096 -16.525 -16.717 -16.761 -15.476 -16.258 -16.66 -16.765 -16.763 -16.336 -16.67 -16.776 -16.785 -16.792 -16.603 -16.456 -16.709 -16.565 -16.273 -15.849 -16.563
3.026365 -12.637 -12.879 -13.926 -15.31 -16.05 -16.498 -15.143 -15.45 -16.058 -16.506 -16.714 -16.77 -15.415 -16.227 -16.649 -16.767 -16.773 -16.308 -16.661 -16.778 -16.794 -16.805 -16.593 -16.435 -16.704 -16.587 -16.302 -15.883 -16.553
3.117896 -12.532 -12.744 -13.826 -15.241 -16.007 -16.475 -15.094 -15.385 -16.016 -16.484 -16.707 -16.776 -15.348 -16.192 -16.636 -16.766 -16.781 -16.276 -16.648 -16.778 -16.801 -16.816 -16.581 -16.411 -16.697 -16.607 -16.329 -15.915 -16.54
3.212194 -12.423 -12.601 -13.719 -15.166 -15.959 -16.448 -15.041 -15.314 -15.969 -16.458 -16.698 -16.78 -15.276 -16.152 -16.62 -16.762 -16.787 -16.24 -16.632 -16.774 -16.805 -16.825 -16.565 -16.383 -16.687 -16.626 -16.354 -15.947 -16.523
3.309345 -12.31 -12.448 -13.606 -15.084 -15.906 -16.418 -14.984 -15.238 -15.917 -16.428 -16.686 -16.782 -15.198 -16.108 -16.6 -16.756 -16.79 -16.2 -16.613 -16.768 -16.807 -16.831 -16.545 -16.35 -16.673 -16.643 -16.379 -15.977 -16.503
3.409434 -12.195 -12.286 -13.485 -14.996 -15.848 -16.383 -14.922 -15.155 -15.859 -16.394 -16.67 -16.781 -15.113 -16.059 -16.577 -16.746 -16.79 -16.155 -16.59 -16.759 -16.806 -16.836 -16.522 -16.314 -16.657 -16.658 -16.402 -16.006 -16.48
3.51255 -12.076 -12.114 -13.356 -14.901 -15.785 -16.343 -14.856 -15.066 -15.797 -16.356 -16.651 -16.777 -15.021 -16.005 -16.549 -16.733 -16.788 -16.105 -16.562 -16.747 -16.802 -16.838 -16.496 -16.273 -16.636 -16.671 -16.423 -16.033 -16.454
3.618785 -11.956 -11.93 -13.219 -14.798 -15.715 -16.299 -14.784 -14.968 -15.728 -16.312 -16.627 -16.77 -14.922 -15.945 -16.517 -16.717 -16.783 -16.05 -16.531 -16.731 -16.796 -16.837 -16.465 -16.227 -16.612 -16.682 -16.442 -16.06 -16.423
3.728232 -11.833 -11.735 -13.073 -14.687 -15.638 -16.249 -14.706 -14.863 -15.652 -16.263 -16.6 -16.759 -14.815 -15.879 -16.48 -16.696 -16.775 -15.989 -16.495 -16.711 -16.785 -16.833 -16.43 -16.176 -16.583 -16.691 -16.46 -16.084 -16.388
3.84099 -11.708 -11.526 -12.917 -14.566 -15.554 -16.193 -14.623 -14.75 -15.569 -16.209 -16.568 -16.745 -14.698 -15.806 -16.438 -16.672 -16.763 -15.921 -16.454 -16.687 -16.772 -16.826 -16.39 -16.119 -16.55 -16.697 -16.476 -16.107 -16.349
3.957158 -11.584 -11.304 -12.751 -14.436 -15.463 -16.131 -14.533 -14.626 -15.479 -16.148 -16.531 -16.728 -14.572 -15.726 -16.391 -16.643 -16.747 -15.847 -16.407 -16.658 -16.754 -16.815 -16.345 -16.056 -16.511 -16.7 -16.489 -16.129 -16.305
4.07684 -11.459 -11.067 -12.575 -14.296 -15.363 -16.062 -14.436 -14.493 -15.38 -16.081 -16.489 -16.706 -14.436 -15.639 -16.338 -16.609 -16.727 -15.766 -16.355 -16.625 -16.732 -16.801 -16.295 -15.987 -16.468 -16.7 -16.5 -16.149 -16.256
4.200141 -11.335 -10.814 -12.386 -14.144 -15.254 -15.986 -14.331 -14.349 -15.273 -16.006 -16.441 -16.679 -14.289 -15.543 -16.278 -16.569 -16.703 -15.677 -16.296 -16.586 -16.706 -16.782 -16.238 -15.91 -16.418 -16.698 -16.509 -16.166 -16.201
