web/models/kne.last_good/kappa_0.5_3.0.v1/38/villar_0.0028_0.4843_0.5000.dat
# %ECSV 1.0
# ---
# datatype:
# - {name: time, datatype: float64}
# - {name: swift_uvot_uvw2, datatype: float64}
# - {name: swift_uvot_uvm2, datatype: float64}
# - {name: swift_uvot_uvw1, datatype: float64}
# - {name: swift_uvot_U, datatype: float64}
# - {name: swift_uvot_B, datatype: float64}
# - {name: swift_uvot_V, datatype: float64}
# - {name: swift_uvot_W, datatype: float64}
# - {name: johnson_U, datatype: float64}
# - {name: johnson_B, datatype: float64}
# - {name: johnson_V, datatype: float64}
# - {name: johnson_R, datatype: float64}
# - {name: johnson_I, datatype: float64}
# - {name: sdss_u, datatype: float64}
# - {name: sdss_g, datatype: float64}
# - {name: sdss_r, datatype: float64}
# - {name: sdss_i, datatype: float64}
# - {name: sdss_z, datatype: float64}
# - {name: PS1_g, datatype: float64}
# - {name: PS1_r, datatype: float64}
# - {name: PS1_i, datatype: float64}
# - {name: PS1_z, datatype: float64}
# - {name: PS1_Y, datatype: float64}
# - {name: PS1_w, datatype: float64}
# - {name: ATLAS_c, datatype: float64}
# - {name: ATLAS_o, datatype: float64}
# - {name: ukirt_J, datatype: float64}
# - {name: ukirt_H, datatype: float64}
# - {name: ukirt_K, datatype: float64}
# - {name: Clear, datatype: float64}
# meta: !!omap
# - comment: [kappa = 0.5, type = villar, mass = 0.0028172691138521437, velocity = 0.48433333333333334, theta_obs = 0.0]
# schema: astropy-2.0
time swift_uvot_uvw2 swift_uvot_uvm2 swift_uvot_uvw1 swift_uvot_U swift_uvot_B swift_uvot_V swift_uvot_W johnson_U johnson_B johnson_V johnson_R johnson_I sdss_u sdss_g sdss_r sdss_i sdss_z PS1_g PS1_r PS1_i PS1_z PS1_Y PS1_w ATLAS_c ATLAS_o ukirt_J ukirt_H ukirt_K Clear
[from data line 145]
0.07522 -10.645 -11.023 -11.526 -12.304 -12.597 -12.702 -11.943 -12.364 -12.597 -12.7 -12.65 -12.495 -12.354 -12.645 -12.693 -12.609 -12.471 -12.672 -12.7 -12.617 -12.517 -12.46 -12.656 -12.678 -12.657 -12.081 -11.687 -11.182 -12.642
0.077495 -10.625 -11.006 -11.52 -12.314 -12.617 -12.73 -11.953 -12.376 -12.617 -12.728 -12.684 -12.534 -12.366 -12.668 -12.724 -12.646 -12.51 -12.696 -12.732 -12.653 -12.555 -12.5 -12.686 -12.705 -12.691 -12.125 -11.734 -11.231 -12.672
0.079839 -10.604 -10.987 -11.514 -12.323 -12.637 -12.758 -11.963 -12.387 -12.637 -12.756 -12.718 -12.572 -12.376 -12.691 -12.755 -12.681 -12.549 -12.72 -12.763 -12.689 -12.594 -12.54 -12.717 -12.731 -12.724 -12.168 -11.78 -11.279 -12.701
0.082253 -10.582 -10.967 -11.506 -12.332 -12.655 -12.785 -11.972 -12.397 -12.656 -12.783 -12.751 -12.61 -12.386 -12.712 -12.786 -12.717 -12.588 -12.743 -12.794 -12.724 -12.632 -12.579 -12.746 -12.757 -12.756 -12.212 -11.826 -11.327 -12.73
0.084741 -10.558 -10.945 -11.496 -12.339 -12.673 -12.811 -11.981 -12.406 -12.674 -12.81 -12.784 -12.648 -12.394 -12.733 -12.816 -12.752 -12.626 -12.765 -12.824 -12.759 -12.669 -12.619 -12.776 -12.782 -12.789 -12.255 -11.871 -11.374 -12.758
0.087304 -10.533 -10.922 -11.486 -12.345 -12.691 -12.837 -11.988 -12.414 -12.691 -12.835 -12.816 -12.685 -12.402 -12.754 -12.846 -12.786 -12.664 -12.787 -12.854 -12.794 -12.707 -12.657 -12.804 -12.806 -12.82 -12.298 -11.917 -11.422 -12.786
0.089944 -10.507 -10.897 -11.474 -12.35 -12.707 -12.862 -11.995 -12.422 -12.708 -12.861 -12.847 -12.722 -12.408 -12.773 -12.875 -12.82 -12.701 -12.807 -12.883 -12.828 -12.743 -12.696 -12.833 -12.83 -12.852 -12.34 -11.962 -11.469 -12.813
0.092665 -10.479 -10.871 -11.461 -12.354 -12.723 -12.886 -12.001 -12.428 -12.724 -12.885 -12.878 -12.758 -12.414 -12.792 -12.903 -12.853 -12.739 -12.828 -12.911 -12.861 -12.78 -12.734 -12.86 -12.853 -12.882 -12.382 -12.007 -11.516 -12.839
0.095467 -10.45 -10.843 -11.446 -12.357 -12.737 -12.91 -12.006 -12.432 -12.738 -12.909 -12.909 -12.794 -12.418 -12.81 -12.931 -12.886 -12.775 -12.847 -12.939 -12.894 -12.816 -12.771 -12.887 -12.876 -12.912 -12.424 -12.052 -11.563 -12.865
0.098355 -10.419 -10.813 -11.43 -12.358 -12.751 -12.932 -12.011 -12.436 -12.752 -12.932 -12.938 -12.83 -12.421 -12.827 -12.958 -12.919 -12.811 -12.865 -12.966 -12.927 -12.851 -12.808 -12.913 -12.897 -12.942 -12.466 -12.096 -11.61 -12.891
0.101329 -10.386 -10.781 -11.413 -12.359 -12.763 -12.954 -12.014 -12.439 -12.765 -12.954 -12.968 -12.865 -12.423 -12.843 -12.984 -12.951 -12.847 -12.883 -12.992 -12.959 -12.886 -12.845 -12.939 -12.918 -12.97 -12.507 -12.14 -11.656 -12.915
0.104394 -10.352 -10.747 -11.394 -12.358 -12.775 -12.976 -12.016 -12.44 -12.777 -12.976 -12.996 -12.899 -12.423 -12.858 -13.01 -12.982 -12.882 -12.899 -13.018 -12.99 -12.921 -12.881 -12.964 -12.938 -12.998 -12.548 -12.184 -11.702 -12.939
0.107551 -10.317 -10.711 -11.373 -12.355 -12.786 -12.996 -12.018 -12.44 -12.788 -12.996 -13.024 -12.933 -12.423 -12.872 -13.035 -13.012 -12.917 -12.915 -13.043 -13.021 -12.955 -12.917 -12.988 -12.957 -13.026 -12.588 -12.227 -11.748 -12.962
0.110804 -10.279 -10.673 -11.351 -12.351 -12.795 -13.015 -12.018 -12.438 -12.797 -13.016 -13.051 -12.966 -12.421 -12.885 -13.059 -13.042 -12.951 -12.93 -13.067 -13.051 -12.988 -12.952 -13.011 -12.975 -13.053 -12.628 -12.271 -11.794 -12.984
0.114155 -10.24 -10.633 -11.326 -12.346 -12.803 -13.034 -12.017 -12.435 -12.805 -13.035 -13.078 -12.999 -12.417 -12.897 -13.082 -13.071 -12.985 -12.943 -13.091 -13.08 -13.021 -12.987 -13.033 -12.992 -13.078 -12.668 -12.313 -11.84 -13.006
0.117608 -10.199 -10.59 -11.3 -12.339 -12.81 -13.051 -12.016 -12.431 -12.813 -13.053 -13.103 -13.031 -12.412 -12.908 -13.105 -13.1 -13.018 -12.956 -13.113 -13.108 -13.053 -13.021 -13.055 -13.009 -13.104 -12.707 -12.356 -11.885 -13.027
0.121165 -10.156 -10.545 -11.272 -12.33 -12.815 -13.068 -12.012 -12.425 -12.818 -13.069 -13.128 -13.062 -12.405 -12.918 -13.126 -13.128 -13.05 -12.967 -13.135 -13.136 -13.085 -13.055 -13.076 -13.024 -13.128 -12.746 -12.398 -11.929 -13.046
0.124829 -10.111 -10.498 -11.242 -12.32 -12.82 -13.083 -12.008 -12.417 -12.823 -13.085 -13.152 -13.093 -12.396 -12.926 -13.147 -13.155 -13.082 -12.977 -13.155 -13.163 -13.116 -13.088 -13.096 -13.038 -13.151 -12.784 -12.44 -11.974 -13.065
0.128605 -10.064 -10.447 -11.209 -12.308 -12.822 -13.097 -12.002 -12.407 -12.826 -13.099 -13.175 -13.123 -12.386 -12.933 -13.166 -13.181 -13.112 -12.986 -13.175 -13.19 -13.146 -13.12 -13.114 -13.05 -13.174 -12.822 -12.481 -12.018 -13.083
0.132494 -10.015 -10.394 -11.174 -12.294 -12.823 -13.11 -11.995 -12.396 -12.827 -13.113 -13.197 -13.152 -12.374 -12.939 -13.184 -13.206 -13.143 -12.993 -13.193 -13.215 -13.175 -13.152 -13.132 -13.062 -13.195 -12.859 -12.522 -12.062 -13.1
0.136502 -9.963 -10.338 -11.137 -12.278 -12.823 -13.121 -11.987 -12.383 -12.827 -13.124 -13.218 -13.181 -12.359 -12.943 -13.202 -13.23 -13.172 -12.999 -13.211 -13.239 -13.204 -13.183 -13.149 -13.072 -13.216 -12.895 -12.562 -12.105 -13.116
0.14063 -9.91 -10.278 -11.098 -12.259 -12.821 -13.132 -11.977 -12.367 -12.825 -13.135 -13.238 -13.208 -12.343 -12.945 -13.218 -13.254 -13.201 -13.003 -13.227 -13.263 -13.231 -13.213 -13.164 -13.081 -13.235 -12.931 -12.602 -12.148 -13.13
0.144883 -9.854 -10.215 -11.055 -12.239 -12.817 -13.14 -11.965 -12.35 -12.822 -13.144 -13.256 -13.235 -12.325 -12.946 -13.233 -13.276 -13.228 -13.006 -13.242 -13.285 -13.258 -13.242 -13.178 -13.089 -13.253 -12.967 -12.641 -12.191 -13.144
0.149265 -9.796 -10.149 -11.01 -12.216 -12.811 -13.148 -11.952 -12.33 -12.816 -13.152 -13.274 -13.261 -12.304 -12.945 -13.246 -13.297 -13.255 -13.008 -13.255 -13.307 -13.284 -13.271 -13.191 -13.095 -13.27 -13.001 -12.68 -12.233 -13.156
0.15378 -9.735 -10.079 -10.962 -12.191 -12.803 -13.153 -11.937 -12.307 -12.809 -13.158 -13.29 -13.286 -12.28 -12.943 -13.258 -13.317 -13.281 -13.007 -13.268 -13.327 -13.309 -13.298 -13.203 -13.099 -13.286 -13.035 -12.718 -12.274 -13.167
0.15843 -9.672 -10.005 -10.911 -12.162 -12.793 -13.157 -11.92 -12.282 -12.799 -13.162 -13.305 -13.309 -12.254 -12.938 -13.269 -13.336 -13.306 -13.005 -13.278 -13.346 -13.333 -13.325 -13.213 -13.101 -13.3 -13.068 -12.756 -12.316 -13.176
0.163222 -9.606 -9.927 -10.857 -12.132 -12.781 -13.159 -11.901 -12.255 -12.787 -13.165 -13.319 -13.332 -12.226 -12.931 -13.278 -13.353 -13.329 -13.0 -13.288 -13.364 -13.355 -13.351 -13.222 -13.102 -13.313 -13.101 -12.793 -12.356 -13.184
0.168159 -9.538 -9.845 -10.799 -12.098 -12.766 -13.159 -11.88 -12.224 -12.773 -13.166 -13.331 -13.353 -12.194 -12.922 -13.285 -13.369 -13.352 -12.994 -13.295 -13.38 -13.377 -13.375 -13.229 -13.101 -13.324 -13.132 -12.829 -12.396 -13.19
0.173245 -9.467 -9.758 -10.738 -12.061 -12.749 -13.158 -11.856 -12.191 -12.756 -13.164 -13.342 -13.373 -12.159 -12.911 -13.29 -13.384 -13.373 -12.985 -13.301 -13.395 -13.397 -13.399 -13.234 -13.098 -13.334 -13.163 -12.865 -12.436 -13.195
0.178484 -9.393 -9.666 -10.672 -12.02 -12.729 -13.154 -11.831 -12.154 -12.737 -13.161 -13.35 -13.392 -12.121 -12.897 -13.294 -13.397 -13.393 -12.974 -13.305 -13.408 -13.416 -13.421 -13.238 -13.093 -13.342 -13.192 -12.899 -12.475 -13.198
0.183882 -9.317 -9.569 -10.603 -11.976 -12.707 -13.147 -11.802 -12.114 -12.715 -13.155 -13.357 -13.409 -12.08 -12.881 -13.296 -13.408 -13.411 -12.96 -13.307 -13.42 -13.433 -13.442 -13.239 -13.085 -13.348 -13.221 -12.933 -12.513 -13.199
0.189444 -9.238 -9.466 -10.529 -11.929 -12.681 -13.139 -11.772 -12.07 -12.69 -13.147 -13.362 -13.425 -12.035 -12.862 -13.295 -13.418 -13.429 -12.944 -13.306 -13.43 -13.449 -13.462 -13.239 -13.075 -13.353 -13.248 -12.966 -12.55 -13.198
0.195173 -9.156 -9.357 -10.451 -11.877 -12.652 -13.127 -11.738 -12.022 -12.661 -13.136 -13.366 -13.439 -11.986 -12.84 -13.292 -13.426 -13.444 -12.925 -13.304 -13.438 -13.464 -13.48 -13.237 -13.062 -13.355 -13.275 -12.999 -12.587 -13.195
0.201076 -9.072 -9.243 -10.368 -11.821 -12.62 -13.113 -11.701 -11.971 -12.63 -13.123 -13.366 -13.452 -11.932 -12.815 -13.287 -13.432 -13.458 -12.903 -13.299 -13.444 -13.476 -13.497 -13.232 -13.047 -13.355 -13.3 -13.03 -12.623 -13.19
0.207158 -8.985 -9.121 -10.28 -11.76 -12.584 -13.096 -11.662 -11.914 -12.594 -13.107 -13.365 -13.462 -11.874 -12.786 -13.279 -13.435 -13.47 -12.878 -13.292 -13.448 -13.487 -13.512 -13.224 -13.029 -13.353 -13.324 -13.06 -12.658 -13.183
0.213423 -8.896 -8.993 -10.187 -11.695 -12.544 -13.076 -11.618 -11.853 -12.555 -13.087 -13.361 -13.471 -11.812 -12.754 -13.269 -13.437 -13.48 -12.849 -13.282 -13.45 -13.496 -13.525 -13.214 -13.008 -13.348 -13.346 -13.089 -12.692 -13.172
0.219878 -8.805 -8.856 -10.088 -11.624 -12.5 -13.053 -11.572 -11.787 -12.512 -13.065 -13.355 -13.477 -11.744 -12.718 -13.255 -13.436 -13.488 -12.817 -13.269 -13.449 -13.503 -13.536 -13.202 -12.983 -13.34 -13.367 -13.117 -12.726 -13.16
0.226528 -8.712 -8.712 -9.982 -11.548 -12.451 -13.025 -11.521 -11.716 -12.464 -13.038 -13.345 -13.482 -11.671 -12.678 -13.239 -13.432 -13.494 -12.781 -13.252 -13.446 -13.507 -13.546 -13.186 -12.955 -13.33 -13.387 -13.143 -12.758 -13.144
0.233379 -8.617 -8.56 -9.871 -11.466 -12.398 -12.994 -11.467 -11.639 -12.411 -13.008 -13.333 -13.483 -11.591 -12.633 -13.219 -13.426 -13.498 -12.74 -13.233 -13.44 -13.509 -13.553 -13.167 -12.922 -13.317 -13.404 -13.169 -12.789 -13.126
0.240437 -8.521 -8.398 -9.752 -11.377 -12.34 -12.959 -11.408 -11.556 -12.354 -12.974 -13.318 -13.483 -11.506 -12.584 -13.195 -13.416 -13.499 -12.695 -13.21 -13.431 -13.509 -13.558 -13.145 -12.886 -13.3 -13.42 -13.192 -12.819 -13.104
0.247709 -8.424 -8.226 -9.626 -11.281 -12.276 -12.92 -11.344 -11.466 -12.291 -12.936 -13.299 -13.479 -11.414 -12.53 -13.167 -13.404 -13.497 -12.646 -13.183 -13.419 -13.506 -13.561 -13.119 -12.846 -13.28 -13.434 -13.215 -12.848 -13.079
0.255201 -8.326 -8.044 -9.493 -11.179 -12.206 -12.875 -11.276 -11.369 -12.222 -12.892 -13.276 -13.473 -11.315 -12.47 -13.136 -13.388 -13.493 -12.591 -13.152 -13.403 -13.499 -13.561 -13.09 -12.801 -13.256 -13.446 -13.235 -12.875 -13.05
0.262919 -8.228 -7.85 -9.351 -11.068 -12.13 -12.826 -11.202 -11.264 -12.147 -12.844 -13.249 -13.463 -11.207 -12.405 -13.099 -13.368 -13.485 -12.531 -13.117 -13.384 -13.49 -13.558 -13.056 -12.75 -13.228 -13.456 -13.254 -12.902 -13.017
0.270871 -8.131 -7.645 -9.2 -10.949 -12.047 -12.771 -11.123 -11.151 -12.065 -12.79 -13.219 -13.45 -11.092 -12.333 -13.058 -13.344 -13.474 -12.465 -13.076 -13.361 -13.477 -13.552 -13.017 -12.695 -13.196 -13.463 -13.271 -12.926 -12.98
0.279064 -8.034 -7.427 -9.04 -10.82 -11.956 -12.71 -11.038 -11.03 -11.977 -12.731 -13.183 -13.434 -10.967 -12.254 -13.012 -13.316 -13.46 -12.392 -13.031 -13.334 -13.461 -13.542 -12.974 -12.633 -13.159 -13.468 -13.286 -12.949 -12.939
0.287504 -7.939 -7.194 -8.87 -10.682 -11.858 -12.642 -10.946 -10.899 -11.88 -12.665 -13.143 -13.413 -10.833 -12.169 -12.96 -13.283 -13.441 -12.313 -12.98 -13.302 -13.44 -13.53 -12.926 -12.565 -13.117 -13.47 -13.299 -12.971 -12.893
0.296199 -7.846 -6.948 -8.69 -10.533 -11.751 -12.568 -10.848 -10.757 -11.775 -12.592 -13.097 -13.388 -10.689 -12.075 -12.902 -13.246 -13.419 -12.227 -12.923 -13.265 -13.416 -13.513 -12.872 -12.491 -13.069 -13.468 -13.309 -12.99 -12.841
0.305157 -7.755 -6.685 -8.498 -10.373 -11.635 -12.486 -10.742 -10.605 -11.66 -12.512 -13.045 -13.359 -10.532 -11.973 -12.838 -13.203 -13.392 -12.132 -12.86 -13.223 -13.386 -13.492 -12.812 -12.409 -13.016 -13.464 -13.317 -13.007 -12.785
0.314387 -7.667 -6.406 -8.295 -10.2 -11.509 -12.396 -10.628 -10.44 -11.536 -12.424 -12.987 -13.324 -10.364 -11.862 -12.766 -13.154 -13.359 -12.029 -12.79 -13.174 -13.352 -13.467 -12.746 -12.319 -12.956 -13.456 -13.322 -13.023 -12.722
0.323895 -7.581 -6.109 -8.079 -10.014 -11.372 -12.297 -10.505 -10.263 -11.401 -12.327 -12.922 -13.284 -10.182 -11.741 -12.686 -13.098 -13.322 -11.918 -12.712 -13.12 -13.312 -13.437 -12.673 -12.221 -12.89 -13.444 -13.324 -13.036 -12.653
0.333691 -7.498 -5.794 -7.849 -9.813 -11.223 -12.188 -10.374 -10.071 -11.255 -12.22 -12.85 -13.238 -9.986 -11.609 -12.599 -13.036 -13.279 -11.796 -12.626 -13.059 -13.266 -13.402 -12.592 -12.114 -12.816 -13.428 -13.323 -13.046 -12.578
0.343783 -7.418 -5.459 -7.605 -9.596 -11.062 -12.069 -10.232 -9.864 -11.096 -12.104 -12.77 -13.186 -9.774 -11.465 -12.502 -12.966 -13.23 -11.663 -12.531 -12.99 -13.214 -13.361 -12.503 -11.996 -12.733 -13.408 -13.318 -13.054 -12.495
0.354181 -7.339 -5.104 -7.346 -9.362 -10.886 -11.939 -10.08 -9.64 -10.923 -11.976 -12.681 -13.127 -9.545 -11.309 -12.395 -12.888 -13.173 -11.52 -12.426 -12.914 -13.154 -13.313 -12.405 -11.868 -12.642 -13.383 -13.31 -13.059 -12.405
0.364893 -7.262 -4.73 -7.07 -9.108 -10.696 -11.796 -9.917 -9.398 -10.736 -11.836 -12.583 -13.06 -9.298 -11.138 -12.277 -12.801 -13.109 -11.364 -12.311 -12.828 -13.087 -13.259 -12.297 -11.728 -12.542 -13.352 -13.298 -13.061 -12.306
0.375929 -7.186 -4.337 -6.778 -8.835 -10.489 -11.64 -9.74 -9.136 -10.532 -11.683 -12.474 -12.985 -9.03 -10.953 -12.147 -12.704 -13.037 -11.194 -12.184 -12.733 -13.012 -13.198 -12.179 -11.574 -12.43 -13.316 -13.281 -13.06 -12.198
0.387298 -7.11 -3.929 -6.467 -8.539 -10.263 -11.468 -9.551 -8.852 -10.311 -11.516 -12.354 -12.901 -8.739 -10.751 -12.004 -12.597 -12.956 -11.011 -12.045 -12.627 -12.927 -13.128 -12.05 -11.407 -12.308 -13.273 -13.259 -13.054 -12.081
0.399012 -7.033 -3.51 -6.137 -8.218 -10.018 -11.281 -9.347 -8.544 -10.07 -11.332 -12.222 -12.806 -8.425 -10.531 -11.848 -12.477 -12.866 -10.813 -11.892 -12.51 -12.833 -13.05 -11.908 -11.224 -12.172 -13.224 -13.232 -13.045 -11.954
0.41108 -6.954 -3.091 -5.787 -7.87 -9.751 -11.075 -9.127 -8.21 -9.808 -11.131 -12.076 -12.701 -8.083 -10.291 -11.675 -12.345 -12.764 -10.598 -11.725 -12.38 -12.727 -12.962 -11.752 -11.025 -12.023 -13.166 -13.199 -13.031 -11.815
0.423513 -6.872 -2.683 -5.414 -7.492 -9.46 -10.85 -8.89 -7.848 -9.523 -10.911 -11.916 -12.584 -7.712 -10.029 -11.485 -12.198 -12.651 -10.367 -11.54 -12.236 -12.609 -12.863 -11.582 -10.807 -11.859 -13.1 -13.159 -13.013 -11.665
0.436321 -6.786 -2.303 -5.017 -7.082 -9.142 -10.603 -8.634 -7.454 -9.211 -10.669 -11.739 -12.454 -7.309 -9.743 -11.276 -12.036 -12.524 -10.118 -11.338 -12.076 -12.477 -12.752 -11.395 -10.568 -11.678 -13.025 -13.113 -12.989 -11.503
0.449518 -6.695 -1.966 -4.595 -6.635 -8.796 -10.332 -8.358 -7.025 -8.872 -10.404 -11.543 -12.309 -6.869 -9.43 -11.047 -11.856 -12.383 -9.851 -11.117 -11.9 -12.331 -12.629 -11.189 -10.308 -11.479 -12.94 -13.059 -12.959 -11.327
0.463113 -6.598 -1.681 -4.145 -6.149 -8.417 -10.034 -8.061 -6.557 -8.502 -10.114 -11.328 -12.148 -6.39 -9.088 -10.794 -11.657 -12.226 -9.566 -10.874 -11.705 -12.169 -12.491 -10.964 -10.022 -11.26 -12.843 -12.996 -12.923 -11.138
0.47712 -6.494 -1.447 -3.665 -5.618 -8.003 -9.707 -7.74 -6.046 -8.097 -9.795 -11.091 -11.969 -5.867 -8.714 -10.515 -11.437 -12.051 -9.264 -10.608 -11.489 -11.988 -12.338 -10.717 -9.709 -11.018 -12.733 -12.923 -12.88 -10.934
0.49155 -6.381 -1.254 -3.152 -5.038 -7.549 -9.347 -7.394 -5.488 -7.654 -9.444 -10.83 -11.77 -5.296 -8.303 -10.207 -11.193 -11.856 -8.946 -10.316 -11.251 -11.787 -12.167 -10.446 -9.366 -10.752 -12.61 -12.84 -12.829 -10.714
0.506416 -6.26 -1.087 -2.602 -4.403 -7.051 -8.95 -7.02 -4.877 -7.168 -9.057 -10.541 -11.549 -4.669 -7.852 -9.868 -10.922 -11.638 -8.615 -9.997 -10.987 -11.563 -11.976 -10.147 -8.989 -10.458 -12.47 -12.745 -12.769 -10.479
0.521733 -6.128 -0.931 -2.012 -3.708 -6.504 -8.512 -6.618 -4.206 -6.635 -8.631 -10.223 -11.304 -3.982 -7.357 -9.493 -10.622 -11.397 -8.277 -9.648 -10.695 -11.315 -11.764 -9.819 -8.575 -10.133 -12.313 -12.636 -12.699 -10.228
0.537512 -5.984 -0.776 -1.375 -2.944 -5.901 -8.029 -6.187 -3.469 -6.05 -8.162 -9.87 -11.031 -3.227 -6.811 -9.078 -10.289 -11.127 -7.936 -9.269 -10.372 -11.038 -11.529 -9.457 -8.119 -9.774 -12.136 -12.513 -12.618 -9.962
