web/models/kne.last_good/kappa_0.5_3.0.v2/39/villar_0.0120_0.3903_3.0000.dat
# %ECSV 1.0
# ---
# datatype:
# - {name: time, datatype: float64}
# - {name: swift_uvot_uvw2, datatype: float64}
# - {name: swift_uvot_uvm2, datatype: float64}
# - {name: swift_uvot_uvw1, datatype: float64}
# - {name: swift_uvot_U, datatype: float64}
# - {name: swift_uvot_B, datatype: float64}
# - {name: swift_uvot_V, datatype: float64}
# - {name: swift_uvot_W, datatype: float64}
# - {name: johnson_U, datatype: float64}
# - {name: johnson_B, datatype: float64}
# - {name: johnson_V, datatype: float64}
# - {name: johnson_R, datatype: float64}
# - {name: johnson_I, datatype: float64}
# - {name: sdss_u, datatype: float64}
# - {name: sdss_g, datatype: float64}
# - {name: sdss_r, datatype: float64}
# - {name: sdss_i, datatype: float64}
# - {name: sdss_z, datatype: float64}
# - {name: PS1_g, datatype: float64}
# - {name: PS1_r, datatype: float64}
# - {name: PS1_i, datatype: float64}
# - {name: PS1_z, datatype: float64}
# - {name: PS1_Y, datatype: float64}
# - {name: PS1_w, datatype: float64}
# - {name: ATLAS_c, datatype: float64}
# - {name: ATLAS_o, datatype: float64}
# - {name: ukirt_J, datatype: float64}
# - {name: ukirt_H, datatype: float64}
# - {name: ukirt_K, datatype: float64}
# - {name: Clear, datatype: float64}
# meta: !!omap
# - comment: [kappa = 3.0, type = villar, mass = 0.012011244339858356, velocity = 0.3903333333333333, theta_obs = 0.0, tfloor = 2500.0]
# schema: astropy-2.0
time swift_uvot_uvw2 swift_uvot_uvm2 swift_uvot_uvw1 swift_uvot_U swift_uvot_B swift_uvot_V swift_uvot_W johnson_U johnson_B johnson_V johnson_R johnson_I sdss_u sdss_g sdss_r sdss_i sdss_z PS1_g PS1_r PS1_i PS1_z PS1_Y PS1_w ATLAS_c ATLAS_o ukirt_J ukirt_H ukirt_K Clear
[from data line 203]
0.423513 -13.139 -13.532 -14.138 -15.052 -15.434 -15.609 -14.702 -15.128 -15.436 -15.608 -15.609 -15.496 -15.113 -15.508 -15.631 -15.587 -15.477 -15.545 -15.639 -15.595 -15.518 -15.475 -15.587 -15.575 -15.612 -15.127 -14.755 -14.267 -15.566
0.436321 -12.973 -13.367 -14.007 -14.963 -15.375 -15.572 -14.621 -15.045 -15.377 -15.572 -15.589 -15.49 -15.029 -15.457 -15.605 -15.574 -15.473 -15.498 -15.613 -15.582 -15.512 -15.473 -15.558 -15.535 -15.592 -15.136 -14.771 -14.288 -15.536
0.449518 -12.802 -13.195 -13.871 -14.871 -15.313 -15.533 -14.537 -14.957 -15.315 -15.534 -15.568 -15.483 -14.94 -15.404 -15.576 -15.559 -15.468 -15.448 -15.585 -15.568 -15.505 -15.471 -15.528 -15.493 -15.57 -15.144 -14.787 -14.31 -15.503
0.463113 -12.627 -13.017 -13.73 -14.774 -15.247 -15.491 -14.451 -14.866 -15.25 -15.493 -15.545 -15.474 -14.847 -15.347 -15.546 -15.542 -15.461 -15.395 -15.554 -15.551 -15.497 -15.467 -15.496 -15.448 -15.545 -15.152 -14.801 -14.331 -15.469
0.47712 -12.448 -12.832 -13.584 -14.672 -15.178 -15.447 -14.363 -14.77 -15.181 -15.449 -15.519 -15.464 -14.749 -15.287 -15.513 -15.524 -15.453 -15.339 -15.522 -15.533 -15.487 -15.462 -15.461 -15.401 -15.519 -15.158 -14.816 -14.351 -15.432
0.49155 -12.266 -12.64 -13.433 -14.566 -15.105 -15.399 -14.272 -14.669 -15.109 -15.402 -15.492 -15.452 -14.647 -15.223 -15.477 -15.503 -15.443 -15.279 -15.486 -15.513 -15.475 -15.455 -15.424 -15.35 -15.49 -15.164 -14.829 -14.371 -15.394
0.506416 -12.08 -12.441 -13.276 -14.454 -15.028 -15.349 -14.179 -14.564 -15.033 -15.352 -15.462 -15.439 -14.54 -15.156 -15.439 -15.481 -15.432 -15.216 -15.449 -15.491 -15.462 -15.447 -15.385 -15.297 -15.459 -15.168 -14.842 -14.391 -15.353
0.521733 -11.892 -12.235 -13.114 -14.338 -14.948 -15.295 -14.083 -14.454 -14.953 -15.3 -15.43 -15.424 -14.428 -15.086 -15.399 -15.456 -15.419 -15.15 -15.409 -15.466 -15.447 -15.438 -15.344 -15.241 -15.426 -15.172 -14.854 -14.41 -15.31
0.537512 -11.701 -12.021 -12.946 -14.217 -14.863 -15.238 -13.984 -14.339 -14.869 -15.244 -15.396 -15.407 -14.311 -15.012 -15.355 -15.429 -15.404 -15.081 -15.366 -15.44 -15.431 -15.428 -15.3 -15.182 -15.39 -15.174 -14.865 -14.428 -15.264
0.553769 -11.509 -11.8 -12.773 -14.09 -14.774 -15.178 -13.882 -14.219 -14.781 -15.185 -15.359 -15.388 -14.188 -14.934 -15.309 -15.4 -15.388 -15.008 -15.32 -15.411 -15.412 -15.415 -15.253 -15.119 -15.352 -15.175 -14.876 -14.446 -15.216
0.570517 -11.315 -11.57 -12.594 -13.958 -14.68 -15.115 -13.778 -14.094 -14.688 -15.122 -15.32 -15.368 -14.061 -14.852 -15.26 -15.369 -15.37 -14.931 -15.271 -15.381 -15.392 -15.402 -15.204 -15.053 -15.311 -15.175 -14.886 -14.463 -15.166
0.587772 -11.122 -11.333 -12.41 -13.82 -14.583 -15.048 -13.671 -13.964 -14.591 -15.057 -15.278 -15.345 -13.928 -14.766 -15.208 -15.336 -15.349 -14.851 -15.22 -15.348 -15.37 -15.386 -15.152 -14.984 -15.268 -15.174 -14.894 -14.48 -15.114
0.605549 -10.931 -11.088 -12.219 -13.677 -14.48 -14.977 -13.561 -13.827 -14.49 -14.987 -15.233 -15.321 -13.789 -14.676 -15.153 -15.3 -15.327 -14.766 -15.165 -15.312 -15.346 -15.369 -15.097 -14.911 -15.222 -15.172 -14.902 -14.497 -15.059
0.623863 -10.741 -10.834 -12.023 -13.528 -14.373 -14.903 -13.448 -13.686 -14.384 -14.914 -15.186 -15.294 -13.644 -14.582 -15.094 -15.261 -15.303 -14.678 -15.108 -15.274 -15.32 -15.35 -15.04 -14.835 -15.173 -15.168 -14.91 -14.512 -15.001
0.642731 -10.555 -10.571 -11.821 -13.372 -14.262 -14.825 -13.333 -13.538 -14.274 -14.838 -15.136 -15.265 -13.493 -14.484 -15.033 -15.22 -15.277 -14.586 -15.047 -15.234 -15.291 -15.33 -14.98 -14.755 -15.121 -15.163 -14.916 -14.527 -14.941
0.66217 -10.375 -10.3 -11.614 -13.21 -14.145 -14.743 -13.214 -13.384 -14.158 -14.757 -15.083 -15.234 -13.337 -14.381 -14.968 -15.176 -15.249 -14.489 -14.983 -15.191 -15.261 -15.307 -14.917 -14.671 -15.067 -15.156 -14.921 -14.542 -14.879
0.682197 -10.201 -10.02 -11.4 -13.042 -14.023 -14.657 -13.092 -13.224 -14.038 -14.672 -15.027 -15.201 -13.173 -14.273 -14.899 -15.129 -15.218 -14.388 -14.915 -15.145 -15.228 -15.283 -14.851 -14.583 -15.009 -15.149 -14.925 -14.556 -14.813
0.70283 -10.035 -9.73 -11.181 -12.868 -13.896 -14.566 -12.966 -13.058 -13.913 -14.584 -14.968 -15.165 -13.004 -14.161 -14.827 -15.08 -15.185 -14.283 -14.844 -15.096 -15.193 -15.256 -14.781 -14.492 -14.948 -15.139 -14.929 -14.569 -14.746
0.724086 -9.878 -9.432 -10.955 -12.686 -13.764 -14.472 -12.838 -12.885 -13.782 -14.491 -14.906 -15.128 -12.827 -14.043 -14.751 -15.027 -15.15 -14.173 -14.77 -15.044 -15.155 -15.228 -14.709 -14.396 -14.884 -15.129 -14.931 -14.582 -14.675
0.745986 -9.731 -9.124 -10.725 -12.498 -13.626 -14.373 -12.706 -12.706 -13.646 -14.393 -14.84 -15.087 -12.644 -13.921 -14.672 -14.972 -15.112 -14.059 -14.691 -14.99 -15.115 -15.197 -14.633 -14.296 -14.817 -15.116 -14.932 -14.594 -14.602
0.768548 -9.595 -8.807 -10.488 -12.303 -13.482 -14.269 -12.571 -12.52 -13.504 -14.292 -14.772 -15.044 -12.454 -13.794 -14.588 -14.913 -15.072 -13.941 -14.609 -14.932 -15.072 -15.165 -14.554 -14.192 -14.746 -15.102 -14.932 -14.605 -14.527
0.791792 -9.47 -8.481 -10.246 -12.1 -13.333 -14.16 -12.432 -12.326 -13.356 -14.185 -14.699 -14.998 -12.257 -13.661 -14.501 -14.851 -15.03 -13.817 -14.523 -14.871 -15.027 -15.13 -14.472 -14.084 -14.672 -15.087 -14.932 -14.616 -14.448
0.815739 -9.356 -8.145 -9.998 -11.89 -13.177 -14.047 -12.29 -12.126 -13.203 -14.074 -14.624 -14.95 -12.052 -13.523 -14.409 -14.786 -14.984 -13.689 -14.433 -14.807 -14.978 -15.092 -14.387 -13.971 -14.594 -15.07 -14.929 -14.626 -14.367
0.840411 -9.253 -7.801 -9.745 -11.672 -13.016 -13.929 -12.145 -11.918 -13.044 -13.958 -14.544 -14.899 -11.839 -13.379 -14.313 -14.717 -14.936 -13.556 -14.339 -14.74 -14.927 -15.053 -14.297 -13.853 -14.512 -15.051 -14.926 -14.635 -14.283
0.865828 -9.16 -7.448 -9.487 -11.446 -12.848 -13.806 -11.996 -11.703 -12.879 -13.837 -14.461 -14.845 -11.619 -13.23 -14.212 -14.645 -14.885 -13.418 -14.241 -14.669 -14.874 -15.011 -14.205 -13.731 -14.427 -15.03 -14.922 -14.643 -14.197
0.892015 -9.076 -7.088 -9.224 -11.212 -12.674 -13.677 -11.843 -11.479 -12.707 -13.712 -14.375 -14.788 -11.39 -13.075 -14.107 -14.57 -14.831 -13.276 -14.138 -14.595 -14.817 -14.966 -14.108 -13.604 -14.338 -15.007 -14.916 -14.651 -14.108
0.918993 -9.0 -6.721 -8.955 -10.97 -12.493 -13.543 -11.686 -11.248 -12.529 -13.58 -14.284 -14.728 -11.154 -12.914 -13.998 -14.49 -14.774 -13.129 -14.031 -14.517 -14.757 -14.919 -14.008 -13.472 -14.245 -14.983 -14.909 -14.658 -14.016
0.946787 -8.931 -6.35 -8.682 -10.72 -12.305 -13.404 -11.525 -11.009 -12.345 -13.444 -14.189 -14.665 -10.909 -12.747 -13.884 -14.407 -14.714 -12.976 -13.919 -14.435 -14.694 -14.869 -13.904 -13.335 -14.148 -14.956 -14.901 -14.664 -13.922
0.975422 -8.868 -5.977 -8.405 -10.461 -12.11 -13.258 -11.361 -10.761 -12.154 -13.302 -14.09 -14.599 -10.655 -12.574 -13.764 -14.319 -14.651 -12.82 -13.803 -14.349 -14.627 -14.817 -13.796 -13.193 -14.047 -14.928 -14.891 -14.669 -13.825
1.004923 -8.81 -5.606 -8.123 -10.192 -11.909 -13.107 -11.193 -10.504 -11.956 -13.154 -13.988 -14.529 -10.393 -12.394 -13.64 -14.228 -14.585 -12.658 -13.683 -14.26 -14.558 -14.761 -13.684 -13.046 -13.941 -14.897 -14.88 -14.674 -13.726
1.035317 -8.756 -5.242 -7.836 -9.915 -11.7 -12.95 -11.021 -10.239 -11.751 -13.001 -13.88 -14.457 -10.121 -12.207 -13.511 -14.133 -14.515 -12.492 -13.557 -14.166 -14.485 -14.703 -13.568 -12.893 -13.831 -14.865 -14.868 -14.677 -13.625
1.066629 -8.706 -4.891 -7.546 -9.629 -11.483 -12.787 -10.844 -9.965 -11.539 -12.842 -13.769 -14.38 -9.84 -12.014 -13.376 -14.033 -14.442 -12.322 -13.427 -14.068 -14.408 -14.642 -13.448 -12.735 -13.717 -14.83 -14.854 -14.68 -13.521
1.098888 -8.658 -4.561 -7.251 -9.332 -11.259 -12.618 -10.664 -9.681 -11.319 -12.676 -13.653 -14.301 -9.549 -11.814 -13.236 -13.929 -14.365 -12.148 -13.292 -13.967 -14.328 -14.578 -13.323 -12.571 -13.598 -14.792 -14.839 -14.682 -13.414
1.132124 -8.612 -4.26 -6.952 -9.026 -11.027 -12.442 -10.48 -9.388 -11.092 -12.504 -13.532 -14.217 -9.249 -11.607 -13.09 -13.82 -14.285 -11.97 -13.152 -13.86 -14.243 -14.511 -13.194 -12.402 -13.474 -14.753 -14.822 -14.683 -13.306
1.166364 -8.567 -3.996 -6.649 -8.71 -10.787 -12.259 -10.291 -9.085 -10.857 -12.326 -13.407 -14.13 -8.938 -11.392 -12.939 -13.707 -14.201 -11.79 -13.007 -13.75 -14.156 -14.44 -13.061 -12.226 -13.346 -14.711 -14.803 -14.683 -13.196
1.20164 -8.524 -3.771 -6.341 -8.383 -10.538 -12.069 -10.099 -8.772 -10.614 -12.142 -13.277 -14.039 -8.617 -11.17 -12.782 -13.589 -14.113 -11.607 -12.856 -13.634 -14.064 -14.367 -12.923 -12.045 -13.213 -14.666 -14.783 -14.682 -13.083
1.237983 -8.481 -3.586 -6.03 -8.046 -10.281 -11.873 -9.902 -8.448 -10.363 -11.95 -13.141 -13.944 -8.285 -10.941 -12.618 -13.466 -14.021 -11.422 -12.701 -13.515 -13.968 -14.29 -12.78 -11.857 -13.074 -14.619 -14.762 -14.681 -12.97
1.275425 -8.439 -3.438 -5.714 -7.698 -10.015 -11.669 -9.702 -8.114 -10.104 -11.752 -13.001 -13.845 -7.943 -10.703 -12.449 -13.337 -13.925 -11.236 -12.541 -13.39 -13.868 -14.21 -12.633 -11.663 -12.931 -14.57 -14.738 -14.678 -12.854
1.313999 -8.397 -3.321 -5.394 -7.338 -9.741 -11.458 -9.497 -7.769 -9.836 -11.547 -12.856 -13.742 -7.589 -10.457 -12.273 -13.204 -13.824 -11.051 -12.376 -13.261 -13.764 -14.126 -12.48 -11.462 -12.782 -14.517 -14.713 -14.674 -12.738
1.35374 -8.356 -3.228 -5.069 -6.967 -9.457 -11.239 -9.289 -7.413 -9.56 -11.334 -12.705 -13.635 -7.223 -10.204 -12.091 -13.066 -13.72 -10.867 -12.205 -13.126 -13.656 -14.039 -12.323 -11.255 -12.628 -14.462 -14.685 -14.669 -12.621
1.394683 -8.314 -3.153 -4.739 -6.584 -9.163 -11.012 -9.077 -7.045 -9.274 -11.114 -12.549 -13.524 -6.846 -9.941 -11.901 -12.922 -13.611 -10.686 -12.03 -12.987 -13.543 -13.949 -12.16 -11.041 -12.468 -14.404 -14.656 -14.663 -12.503
1.436864 -8.272 -3.09 -4.403 -6.188 -8.86 -10.777 -8.862 -6.666 -8.98 -10.886 -12.388 -13.408 -6.456 -9.67 -11.705 -12.772 -13.497 -10.51 -11.851 -12.843 -13.425 -13.855 -11.992 -10.82 -12.303 -14.343 -14.625 -14.656 -12.384
1.480321 -8.231 -3.034 -4.062 -5.78 -8.547 -10.534 -8.643 -6.274 -8.676 -10.651 -12.221 -13.287 -6.053 -9.39 -11.502 -12.616 -13.379 -10.339 -11.667 -12.694 -13.303 -13.757 -11.819 -10.592 -12.132 -14.279 -14.592 -14.647 -12.266
1.525092 -8.174 -2.976 -3.942 -5.645 -8.431 -10.434 -8.549 -6.141 -8.562 -10.552 -12.137 -13.214 -5.919 -9.282 -11.411 -12.535 -13.306 -10.256 -11.58 -12.614 -13.229 -13.689 -11.734 -10.495 -12.047 -14.217 -14.538 -14.598 -12.194
1.571218 -8.114 -2.916 -3.882 -5.584 -8.371 -10.373 -8.489 -6.081 -8.502 -10.492 -12.077 -13.154 -5.859 -9.222 -11.35 -12.475 -13.246 -10.196 -11.52 -12.554 -13.169 -13.628 -11.673 -10.435 -11.987 -14.157 -14.477 -14.538 -12.133
1.618738 -8.054 -2.855 -3.821 -5.524 -8.311 -10.313 -8.429 -6.021 -8.442 -10.432 -12.016 -13.093 -5.798 -9.161 -11.29 -12.415 -13.186 -10.136 -11.459 -12.493 -13.109 -13.568 -11.613 -10.375 -11.927 -14.097 -14.417 -14.478 -12.073
1.667696 -7.993 -2.795 -3.761 -5.464 -8.251 -10.253 -8.368 -5.961 -8.382 -10.371 -11.956 -13.033 -5.738 -9.101 -11.23 -12.354 -13.125 -10.076 -11.399 -12.433 -13.049 -13.508 -11.553 -10.314 -11.866 -14.036 -14.357 -14.417 -12.013
1.718134 -7.933 -2.734 -3.7 -5.403 -8.19 -10.192 -8.308 -5.9 -8.321 -10.311 -11.895 -12.972 -5.677 -9.04 -11.169 -12.294 -13.065 -10.015 -11.338 -12.372 -12.988 -13.447 -11.492 -10.254 -11.806 -13.976 -14.296 -14.357 -11.952
1.770098 -7.872 -2.674 -3.64 -5.342 -8.129 -10.131 -8.247 -5.839 -8.26 -10.25 -11.835 -12.912 -5.617 -8.98 -11.108 -12.233 -13.004 -9.954 -11.278 -12.312 -12.927 -13.387 -11.431 -10.193 -11.745 -13.915 -14.235 -14.296 -11.891
1.823633 -7.811 -2.613 -3.579 -5.282 -8.068 -10.071 -8.186 -5.778 -8.199 -10.189 -11.774 -12.851 -5.556 -8.919 -11.048 -12.172 -12.943 -9.893 -11.217 -12.251 -12.867 -13.326 -11.371 -10.132 -11.684 -13.854 -14.175 -14.235 -11.831
1.878788 -7.75 -2.552 -3.518 -5.221 -8.007 -10.01 -8.125 -5.718 -8.138 -10.128 -11.713 -12.79 -5.495 -8.858 -10.987 -12.111 -12.882 -9.832 -11.156 -12.19 -12.806 -13.265 -11.31 -10.071 -11.623 -13.793 -14.114 -14.174 -11.77
1.93561 -7.689 -2.491 -3.457 -5.16 -7.946 -9.949 -8.064 -5.656 -8.077 -10.067 -11.652 -12.729 -5.434 -8.797 -10.925 -12.05 -12.821 -9.771 -11.095 -12.129 -12.744 -13.204 -11.248 -10.01 -11.562 -13.732 -14.052 -14.113 -11.709
1.994152 -7.628 -2.43 -3.395 -5.098 -7.885 -9.887 -8.003 -5.595 -8.016 -10.006 -11.59 -12.667 -5.372 -8.735 -10.864 -11.989 -12.76 -9.71 -11.033 -12.067 -12.683 -13.142 -11.187 -9.949 -11.501 -13.671 -13.991 -14.052 -11.647
2.054463 -7.566 -2.368 -3.334 -5.037 -7.824 -9.826 -7.941 -5.534 -7.955 -9.944 -11.529 -12.606 -5.311 -8.674 -10.803 -11.927 -12.698 -9.649 -10.972 -12.006 -12.622 -13.081 -11.126 -9.887 -11.439 -13.609 -13.93 -13.99 -11.586
2.116599 -7.505 -2.306 -3.272 -4.975 -7.762 -9.764 -7.88 -5.472 -7.893 -9.882 -11.467 -12.544 -5.249 -8.612 -10.741 -11.866 -12.636 -9.587 -10.91 -11.944 -12.56 -13.019 -11.064 -9.826 -11.378 -13.548 -13.868 -13.929 -11.524
2.180614 -7.443 -2.244 -3.21 -4.913 -7.7 -9.702 -7.818 -5.41 -7.831 -9.821 -11.405 -12.482 -5.187 -8.55 -10.679 -11.804 -12.575 -9.525 -10.848 -11.882 -12.498 -12.957 -11.002 -9.764 -11.316 -13.486 -13.806 -13.867 -11.462
2.246566 -7.381 -2.182 -3.148 -4.851 -7.638 -9.64 -7.756 -5.348 -7.769 -9.759 -11.343 -12.42 -5.125 -8.488 -10.617 -11.742 -12.513 -9.463 -10.786 -11.82 -12.436 -12.895 -10.94 -9.702 -11.254 -13.424 -13.744 -13.805 -11.4
2.314511 -7.319 -2.12 -3.086 -4.789 -7.576 -9.578 -7.693 -5.286 -7.707 -9.696 -11.281 -12.358 -5.063 -8.426 -10.555 -11.679 -12.45 -9.401 -10.724 -11.758 -12.374 -12.833 -10.878 -9.639 -11.191 -13.361 -13.682 -13.742 -11.338
2.384512 -7.256 -2.058 -3.023 -4.726 -7.513 -9.515 -7.631 -5.223 -7.644 -9.634 -11.219 -12.295 -5.0 -8.363 -10.492 -11.617 -12.388 -9.338 -10.662 -11.695 -12.311 -12.77 -10.815 -9.577 -11.129 -13.299 -13.619 -13.68 -11.275
2.45663 -7.193 -1.995 -2.961 -4.664 -7.45 -9.453 -7.568 -5.16 -7.581 -9.571 -11.156 -12.233 -4.938 -8.301 -10.429 -11.554 -12.325 -9.275 -10.599 -11.633 -12.248 -12.708 -10.752 -9.514 -11.066 -13.236 -13.556 -13.617 -11.213
2.530929 -7.13 -1.932 -2.898 -4.601 -7.387 -9.39 -7.505 -5.097 -7.518 -9.508 -11.093 -12.17 -4.875 -8.238 -10.367 -11.491 -12.262 -9.212 -10.536 -11.57 -12.185 -12.645 -10.69 -9.451 -11.003 -13.173 -13.494 -13.554 -11.15
2.607475 -7.067 -1.869 -2.835 -4.537 -7.324 -9.326 -7.442 -5.034 -7.455 -9.445 -11.03 -12.107 -4.812 -8.175 -10.303 -11.428 -12.199 -9.149 -10.473 -11.507 -12.122 -12.581 -10.626 -9.388 -10.94 -13.11 -13.43 -13.491 -11.086
2.686337 -7.004 -1.805 -2.771 -4.474 -7.261 -9.263 -7.379 -4.971 -7.392 -9.381 -10.966 -12.043 -4.748 -8.111 -10.24 -11.365 -12.135 -9.086 -10.409 -11.443 -12.059 -12.518 -10.563 -9.325 -10.877 -13.047 -13.367 -13.427 -11.023
2.767583 -6.94 -1.742 -2.707 -4.41 -7.197 -9.199 -7.315 -4.907 -7.328 -9.318 -10.903 -11.979 -4.684 -8.047 -10.176 -11.301 -12.072 -9.022 -10.346 -11.379 -11.995 -12.454 -10.499 -9.261 -10.813 -12.983 -13.303 -13.364 -10.959
2.851287 -6.876 -1.678 -2.644 -4.346 -7.133 -9.135 -7.251 -4.843 -7.264 -9.254 -10.839 -11.915 -4.62 -7.984 -10.112 -11.237 -12.008 -8.958 -10.282 -11.316 -11.931 -12.39 -10.435 -9.197 -10.749 -12.919 -13.239 -13.3 -10.895
2.937522 -6.812 -1.613 -2.579 -4.282 -7.069 -9.071 -7.187 -4.779 -7.2 -9.19 -10.774 -11.851 -4.556 -7.919 -10.048 -11.173 -11.944 -8.894 -10.217 -11.251 -11.867 -12.326 -10.371 -9.133 -10.685 -12.855 -13.175 -13.236 -10.831
3.026365 -6.747 -1.549 -2.515 -4.218 -7.005 -9.007 -7.122 -4.715 -7.136 -9.125 -10.71 -11.787 -4.492 -7.855 -9.984 -11.108 -11.879 -8.83 -10.153 -11.187 -11.803 -12.262 -10.307 -9.068 -10.62 -12.79 -13.111 -13.171 -10.767
3.117896 -6.683 -1.484 -2.45 -4.153 -6.94 -8.942 -7.058 -4.65 -7.071 -9.06 -10.645 -11.722 -4.427 -7.79 -9.919 -11.044 -11.814 -8.765 -10.088 -11.122 -11.738 -12.197 -10.242 -9.004 -10.556 -12.726 -13.046 -13.107 -10.702
3.212194 -6.618 -1.419 -2.385 -4.088 -6.875 -8.877 -6.993 -4.585 -7.006 -8.996 -10.58 -11.657 -4.362 -7.725 -9.854 -10.979 -11.75 -8.7 -10.023 -11.057 -11.673 -12.132 -10.177 -8.939 -10.491 -12.661 -12.981 -13.042 -10.637
