web/models/kne.last_good/kappa_0.5_3.0.v2/39/villar_0.0775_0.2337_3.0000.dat
# %ECSV 1.0
# ---
# datatype:
# - {name: time, datatype: float64}
# - {name: swift_uvot_uvw2, datatype: float64}
# - {name: swift_uvot_uvm2, datatype: float64}
# - {name: swift_uvot_uvw1, datatype: float64}
# - {name: swift_uvot_U, datatype: float64}
# - {name: swift_uvot_B, datatype: float64}
# - {name: swift_uvot_V, datatype: float64}
# - {name: swift_uvot_W, datatype: float64}
# - {name: johnson_U, datatype: float64}
# - {name: johnson_B, datatype: float64}
# - {name: johnson_V, datatype: float64}
# - {name: johnson_R, datatype: float64}
# - {name: johnson_I, datatype: float64}
# - {name: sdss_u, datatype: float64}
# - {name: sdss_g, datatype: float64}
# - {name: sdss_r, datatype: float64}
# - {name: sdss_i, datatype: float64}
# - {name: sdss_z, datatype: float64}
# - {name: PS1_g, datatype: float64}
# - {name: PS1_r, datatype: float64}
# - {name: PS1_i, datatype: float64}
# - {name: PS1_z, datatype: float64}
# - {name: PS1_Y, datatype: float64}
# - {name: PS1_w, datatype: float64}
# - {name: ATLAS_c, datatype: float64}
# - {name: ATLAS_o, datatype: float64}
# - {name: ukirt_J, datatype: float64}
# - {name: ukirt_H, datatype: float64}
# - {name: ukirt_K, datatype: float64}
# - {name: Clear, datatype: float64}
# meta: !!omap
# - comment: [kappa = 3.0, type = villar, mass = 0.07749594937791414, velocity = 0.2336666666666667, theta_obs = 0.0, tfloor = 2500.0]
# schema: astropy-2.0
time swift_uvot_uvw2 swift_uvot_uvm2 swift_uvot_uvw1 swift_uvot_U swift_uvot_B swift_uvot_V swift_uvot_W johnson_U johnson_B johnson_V johnson_R johnson_I sdss_u sdss_g sdss_r sdss_i sdss_z PS1_g PS1_r PS1_i PS1_z PS1_Y PS1_w ATLAS_c ATLAS_o ukirt_J ukirt_H ukirt_K Clear
[from data line 342]
26.64146 -5.554 -0.356 -1.322 -3.025 -5.811 -7.813 -5.929 -3.521 -5.942 -7.932 -9.517 -10.594 -3.299 -6.662 -8.79 -9.915 -10.686 -7.636 -8.96 -9.994 -10.609 -11.069 -9.113 -7.875 -9.427 -11.597 -11.917 -11.978 -9.574
27.447213 -5.496 -0.298 -1.264 -2.966 -5.753 -7.755 -5.871 -3.463 -5.884 -7.874 -9.459 -10.536 -3.241 -6.604 -8.732 -9.857 -10.628 -7.578 -8.902 -9.936 -10.551 -11.01 -9.055 -7.817 -9.369 -11.539 -11.859 -11.92 -9.515
28.277335 -5.438 -0.239 -1.205 -2.908 -5.695 -7.697 -5.813 -3.405 -5.826 -7.816 -9.4 -10.477 -3.182 -6.545 -8.674 -9.799 -10.57 -7.52 -8.843 -9.877 -10.493 -10.952 -8.997 -7.759 -9.311 -11.481 -11.801 -11.862 -9.457
29.132564 -5.38 -0.181 -1.147 -2.85 -5.637 -7.639 -5.754 -3.347 -5.768 -7.757 -9.342 -10.419 -3.124 -6.487 -8.616 -9.74 -10.511 -7.462 -8.785 -9.819 -10.435 -10.894 -8.939 -7.7 -9.252 -11.422 -11.743 -11.803 -9.399
30.013659 -5.321 -0.123 -1.089 -2.791 -5.578 -7.58 -5.696 -3.288 -5.709 -7.699 -9.284 -10.361 -3.066 -6.429 -8.557 -9.682 -10.453 -7.403 -8.727 -9.761 -10.376 -10.835 -8.88 -7.642 -9.194 -11.364 -11.684 -11.745 -9.34
30.921401 -5.263 -0.064 -1.03 -2.733 -5.52 -7.522 -5.637 -3.23 -5.651 -7.64 -9.225 -10.302 -3.007 -6.37 -8.499 -9.623 -10.394 -7.345 -8.668 -9.702 -10.318 -10.777 -8.822 -7.583 -9.135 -11.305 -11.626 -11.686 -9.282
31.856598 -5.204 -0.005 -0.971 -2.674 -5.461 -7.463 -5.579 -3.171 -5.592 -7.582 -9.166 -10.243 -2.948 -6.311 -8.44 -9.565 -10.336 -7.286 -8.609 -9.643 -10.259 -10.718 -8.763 -7.525 -9.077 -11.247 -11.567 -11.628 -9.223
32.820079 -5.145 0.053 -0.913 -2.615 -5.402 -7.404 -5.52 -3.112 -5.533 -7.523 -9.108 -10.185 -2.89 -6.253 -8.381 -9.506 -10.277 -7.227 -8.551 -9.585 -10.2 -10.659 -8.704 -7.466 -9.018 -11.188 -11.508 -11.569 -9.164
33.8127 -5.086 0.112 -0.854 -2.557 -5.343 -7.345 -5.461 -3.053 -5.474 -7.464 -9.049 -10.126 -2.831 -6.194 -8.322 -9.447 -10.218 -7.168 -8.492 -9.526 -10.141 -10.601 -8.645 -7.407 -8.959 -11.129 -11.449 -11.51 -9.106
34.835342 -5.027 0.171 -0.795 -2.498 -5.284 -7.287 -5.402 -2.994 -5.415 -7.405 -8.99 -10.067 -2.772 -6.135 -8.263 -9.388 -10.159 -7.109 -8.433 -9.467 -10.082 -10.542 -8.586 -7.348 -8.9 -11.07 -11.39 -11.451 -9.047
35.888913 -4.968 0.23 -0.736 -2.438 -5.225 -7.227 -5.343 -2.935 -5.356 -7.346 -8.931 -10.008 -2.713 -6.076 -8.204 -9.329 -10.1 -7.05 -8.374 -9.408 -10.023 -10.483 -8.527 -7.289 -8.841 -11.011 -11.331 -11.392 -8.987
36.974349 -4.909 0.289 -0.676 -2.379 -5.166 -7.168 -5.284 -2.876 -5.297 -7.287 -8.872 -9.948 -2.653 -6.016 -8.145 -9.27 -10.041 -6.991 -8.315 -9.348 -9.964 -10.423 -8.468 -7.23 -8.782 -10.952 -11.272 -11.333 -8.928
38.092613 -4.85 0.349 -0.617 -2.32 -5.107 -7.109 -5.225 -2.817 -5.238 -7.227 -8.812 -9.889 -2.594 -5.957 -8.086 -9.211 -9.981 -6.932 -8.255 -9.289 -9.905 -10.364 -8.409 -7.17 -8.723 -10.893 -11.213 -11.273 -8.869
39.244698 -4.79 0.408 -0.558 -2.261 -5.047 -7.05 -5.165 -2.757 -5.178 -7.168 -8.753 -9.83 -2.535 -5.898 -8.026 -9.151 -9.922 -6.872 -8.196 -9.23 -9.845 -10.305 -8.349 -7.111 -8.663 -10.833 -11.153 -11.214 -8.81
40.431627 -4.731 0.468 -0.498 -2.201 -4.988 -6.99 -5.106 -2.698 -5.119 -7.108 -8.693 -9.77 -2.475 -5.838 -7.967 -9.092 -9.862 -6.813 -8.136 -9.17 -9.786 -10.245 -8.29 -7.052 -8.604 -10.774 -11.094 -11.155 -8.75
41.654454 -4.671 0.527 -0.439 -2.141 -4.928 -6.93 -5.046 -2.638 -5.059 -7.049 -8.634 -9.711 -2.416 -5.779 -7.907 -9.032 -9.803 -6.753 -8.077 -9.111 -9.726 -10.186 -8.23 -6.992 -8.544 -10.714 -11.034 -11.095 -8.691
42.914265 -4.612 0.587 -0.379 -2.082 -4.869 -6.871 -4.986 -2.579 -5.0 -6.989 -8.574 -9.651 -2.356 -5.719 -7.848 -8.972 -9.743 -6.694 -8.017 -9.051 -9.667 -10.126 -8.171 -6.932 -8.484 -10.654 -10.975 -11.035 -8.631
44.212178 -4.552 0.647 -0.319 -2.022 -4.809 -6.811 -4.927 -2.519 -4.94 -6.929 -8.514 -9.591 -2.296 -5.659 -7.788 -8.913 -9.683 -6.634 -7.957 -8.991 -9.607 -10.066 -8.111 -6.873 -8.425 -10.595 -10.915 -10.975 -8.571
45.549345 -4.492 0.707 -0.259 -1.962 -4.749 -6.751 -4.867 -2.459 -4.88 -6.87 -8.454 -9.531 -2.236 -5.599 -7.728 -8.853 -9.624 -6.574 -7.897 -8.931 -9.547 -10.006 -8.051 -6.813 -8.365 -10.535 -10.855 -10.916 -8.511
46.926954 -4.432 0.767 -0.199 -1.902 -4.689 -6.691 -4.807 -2.399 -4.82 -6.81 -8.394 -9.471 -2.176 -5.539 -7.668 -8.793 -9.564 -6.514 -7.837 -8.871 -9.487 -9.946 -7.991 -6.753 -8.305 -10.475 -10.795 -10.856 -8.451
48.346227 -4.372 0.827 -0.139 -1.842 -4.629 -6.631 -4.747 -2.339 -4.76 -6.749 -8.334 -9.411 -2.116 -5.479 -7.608 -8.733 -9.503 -6.454 -7.777 -8.811 -9.427 -9.886 -7.931 -6.693 -8.245 -10.415 -10.735 -10.796 -8.391
49.808426 -4.312 0.887 -0.079 -1.782 -4.569 -6.571 -4.686 -2.279 -4.7 -6.689 -8.274 -9.351 -2.056 -5.419 -7.548 -8.672 -9.443 -6.394 -7.717 -8.751 -9.367 -9.826 -7.871 -6.632 -8.184 -10.355 -10.675 -10.735 -8.331
51.314848 -4.251 0.947 -0.019 -1.722 -4.508 -6.511 -4.626 -2.218 -4.639 -6.629 -8.214 -9.291 -1.996 -5.359 -7.488 -8.612 -9.383 -6.333 -7.657 -8.691 -9.306 -9.766 -7.811 -6.572 -8.124 -10.294 -10.615 -10.675 -8.271
52.86683 -4.191 1.007 0.042 -1.661 -4.448 -6.45 -4.566 -2.158 -4.579 -6.569 -8.154 -9.23 -1.935 -5.298 -7.427 -8.552 -9.323 -6.273 -7.597 -8.63 -9.246 -9.705 -7.75 -6.512 -8.064 -10.234 -10.554 -10.615 -8.21
54.465752 -4.131 1.068 0.102 -1.601 -4.388 -6.39 -4.505 -2.098 -4.519 -6.508 -8.093 -9.17 -1.875 -5.238 -7.367 -8.491 -9.262 -6.213 -7.536 -8.57 -9.186 -9.645 -7.69 -6.451 -8.003 -10.173 -10.494 -10.554 -8.15
56.113031 -4.07 1.128 0.163 -1.54 -4.327 -6.329 -4.445 -2.037 -4.458 -6.448 -8.033 -9.109 -1.814 -5.177 -7.306 -8.431 -9.202 -6.152 -7.476 -8.509 -9.125 -9.584 -7.629 -6.391 -7.943 -10.113 -10.433 -10.494 -8.089
57.810132 -4.009 1.189 0.223 -1.48 -4.266 -6.269 -4.384 -1.977 -4.397 -6.387 -7.972 -9.049 -1.754 -5.117 -7.246 -8.37 -9.141 -6.091 -7.415 -8.449 -9.065 -9.524 -7.569 -6.33 -7.882 -10.052 -10.373 -10.433 -8.029
59.55856 -3.949 1.25 0.284 -1.419 -4.206 -6.208 -4.323 -1.916 -4.337 -6.326 -7.911 -8.988 -1.693 -5.056 -7.185 -8.31 -9.08 -6.031 -7.354 -8.388 -9.004 -9.463 -7.508 -6.269 -7.822 -9.992 -10.312 -10.372 -7.968
61.359868 -3.888 1.311 0.345 -1.358 -4.145 -6.147 -4.263 -1.855 -4.276 -6.266 -7.85 -8.927 -1.632 -4.995 -7.124 -8.249 -9.02 -5.97 -7.293 -8.327 -8.943 -9.402 -7.447 -6.209 -7.761 -9.931 -10.251 -10.312 -7.907
63.215655 -3.827 1.371 0.406 -1.297 -4.084 -6.086 -4.202 -1.794 -4.215 -6.205 -7.79 -8.866 -1.571 -4.934 -7.063 -8.188 -8.959 -5.909 -7.233 -8.266 -8.882 -9.341 -7.386 -6.148 -7.7 -9.87 -10.19 -10.251 -7.846
65.127569 -3.766 1.432 0.467 -1.236 -4.023 -6.025 -4.141 -1.733 -4.154 -6.144 -7.729 -8.805 -1.51 -4.873 -7.002 -8.127 -8.898 -5.848 -7.172 -8.205 -8.821 -9.28 -7.325 -6.087 -7.639 -9.809 -10.129 -10.19 -7.785
67.097308 -3.705 1.493 0.528 -1.175 -3.962 -5.964 -4.08 -1.672 -4.093 -6.083 -7.667 -8.744 -1.449 -4.812 -6.941 -8.066 -8.837 -5.787 -7.111 -8.144 -8.76 -9.219 -7.264 -6.026 -7.578 -9.748 -10.068 -10.129 -7.724
69.126621 -3.644 1.555 0.589 -1.114 -3.901 -5.903 -4.019 -1.611 -4.032 -6.022 -7.606 -8.683 -1.388 -4.751 -6.88 -8.005 -8.776 -5.726 -7.049 -8.083 -8.699 -9.158 -7.203 -5.965 -7.517 -9.687 -10.007 -10.068 -7.663
71.217308 -3.583 1.616 0.65 -1.053 -3.84 -5.842 -3.957 -1.55 -3.971 -5.96 -7.545 -8.622 -1.327 -4.69 -6.819 -7.943 -8.714 -5.665 -6.988 -8.022 -8.638 -9.097 -7.142 -5.903 -7.455 -9.626 -9.946 -10.006 -7.602
73.371227 -3.521 1.677 0.711 -0.992 -3.778 -5.781 -3.896 -1.488 -3.909 -5.899 -7.484 -8.561 -1.266 -4.629 -6.757 -7.882 -8.653 -5.603 -6.927 -7.961 -8.576 -9.036 -7.081 -5.842 -7.394 -9.564 -9.884 -9.945 -7.541
75.59029 -3.46 1.739 0.773 -0.93 -3.717 -5.719 -3.835 -1.427 -3.848 -5.838 -7.422 -8.499 -1.204 -4.567 -6.696 -7.821 -8.592 -5.542 -6.865 -7.899 -8.515 -8.974 -7.019 -5.781 -7.333 -9.503 -9.823 -9.884 -7.479
77.876467 -3.398 1.8 0.834 -0.869 -3.656 -5.658 -3.773 -1.366 -3.787 -5.776 -7.361 -8.438 -1.143 -4.506 -6.635 -7.759 -8.53 -5.481 -6.804 -7.838 -8.454 -8.913 -6.958 -5.719 -7.271 -9.441 -9.762 -9.822 -7.418
80.231787 -3.337 1.862 0.896 -0.807 -3.594 -5.596 -3.712 -1.304 -3.725 -5.715 -7.299 -8.376 -1.081 -4.444 -6.573 -7.698 -8.469 -5.419 -6.742 -7.776 -8.392 -8.851 -6.896 -5.658 -7.21 -9.38 -9.7 -9.761 -7.356
82.658343 -3.275 1.923 0.957 -0.746 -3.532 -5.535 -3.65 -1.242 -3.663 -5.653 -7.238 -8.315 -1.02 -4.383 -6.511 -7.636 -8.407 -5.357 -6.681 -7.715 -8.33 -8.79 -6.834 -5.596 -7.148 -9.318 -9.638 -9.699 -7.295
85.158288 -3.214 1.985 1.019 -0.684 -3.471 -5.473 -3.588 -1.181 -3.602 -5.591 -7.176 -8.253 -0.958 -4.321 -6.45 -7.574 -8.345 -5.296 -6.619 -7.653 -8.269 -8.728 -6.773 -5.534 -7.086 -9.256 -9.577 -9.637 -7.233
87.733843 -3.152 2.047 1.081 -0.622 -3.409 -5.411 -3.527 -1.119 -3.54 -5.53 -7.114 -8.191 -0.896 -4.259 -6.388 -7.513 -8.284 -5.234 -6.557 -7.591 -8.207 -8.666 -6.711 -5.473 -7.025 -9.195 -9.515 -9.576 -7.171
90.387293 -3.09 2.108 1.143 -0.56 -3.347 -5.349 -3.465 -1.057 -3.478 -5.468 -7.053 -8.129 -0.834 -4.197 -6.326 -7.451 -8.222 -5.172 -6.496 -7.529 -8.145 -8.604 -6.649 -5.411 -6.963 -9.133 -9.453 -9.514 -7.109
93.120995 -3.028 2.17 1.205 -0.498 -3.285 -5.287 -3.403 -0.995 -3.416 -5.406 -6.991 -8.067 -0.772 -4.135 -6.264 -7.389 -8.16 -5.11 -6.434 -7.467 -8.083 -8.542 -6.587 -5.349 -6.901 -9.071 -9.391 -9.452 -7.047
95.937376 -2.966 2.232 1.267 -0.436 -3.223 -5.225 -3.341 -0.933 -3.354 -5.344 -6.929 -8.005 -0.71 -4.073 -6.202 -7.327 -8.098 -5.048 -6.372 -7.405 -8.021 -8.48 -6.525 -5.287 -6.839 -9.009 -9.329 -9.39 -6.985
98.838937 -2.904 2.294 1.329 -0.374 -3.161 -5.163 -3.279 -0.871 -3.292 -5.282 -6.867 -7.943 -0.648 -4.011 -6.14 -7.265 -8.036 -4.986 -6.31 -7.343 -7.959 -8.418 -6.463 -5.225 -6.777 -8.947 -9.267 -9.328 -6.923
101.828253 -2.842 2.357 1.391 -0.312 -3.099 -5.101 -3.217 -0.809 -3.23 -5.22 -6.804 -7.881 -0.586 -3.949 -6.078 -7.203 -7.974 -4.924 -6.247 -7.281 -7.897 -8.356 -6.401 -5.163 -6.715 -8.885 -9.205 -9.266 -6.861
104.907979 -2.78 2.419 1.453 -0.25 -3.037 -5.039 -3.154 -0.747 -3.168 -5.157 -6.742 -7.819 -0.524 -3.887 -6.016 -7.14 -7.911 -4.862 -6.185 -7.219 -7.835 -8.294 -6.339 -5.1 -6.652 -8.823 -9.143 -9.203 -6.799
108.080849 -2.717 2.481 1.515 -0.188 -2.974 -4.977 -3.092 -0.684 -3.105 -5.095 -6.68 -7.757 -0.462 -3.825 -5.954 -7.078 -7.849 -4.799 -6.123 -7.157 -7.772 -8.232 -6.277 -5.038 -6.59 -8.76 -9.08 -9.141 -6.737
111.349681 -2.655 2.543 1.578 -0.125 -2.912 -4.914 -3.03 -0.622 -3.043 -5.033 -6.618 -7.694 -0.399 -3.762 -5.891 -7.016 -7.787 -4.737 -6.061 -7.094 -7.71 -8.169 -6.214 -4.976 -6.528 -8.698 -9.018 -9.079 -6.674
114.717376 -2.593 2.606 1.64 -0.063 -2.85 -4.852 -2.967 -0.56 -2.981 -4.97 -6.555 -7.632 -0.337 -3.7 -5.829 -6.953 -7.724 -4.675 -5.998 -7.032 -7.648 -8.107 -6.152 -4.913 -6.465 -8.635 -8.956 -9.016 -6.612
118.186925 -2.53 2.668 1.703 -0.0 -2.787 -4.789 -2.905 -0.497 -2.918 -4.908 -6.493 -7.569 -0.274 -3.637 -5.766 -6.891 -7.662 -4.612 -5.936 -6.969 -7.585 -8.044 -6.089 -4.851 -6.403 -8.573 -8.893 -8.954 -6.549
121.761408 -2.467 2.731 1.765 0.062 -2.725 -4.727 -2.842 -0.435 -2.856 -4.845 -6.43 -7.507 -0.212 -3.575 -5.704 -6.828 -7.599 -4.55 -5.873 -6.907 -7.523 -7.982 -6.027 -4.788 -6.34 -8.51 -8.831 -8.891 -6.487
125.443999 -2.405 2.794 1.828 0.125 -2.662 -4.664 -2.78 -0.372 -2.793 -4.783 -6.367 -7.444 -0.149 -3.512 -5.641 -6.766 -7.537 -4.487 -5.81 -6.844 -7.46 -7.919 -5.964 -4.726 -6.278 -8.448 -8.768 -8.829 -6.424
129.237967 -2.342 2.856 1.89 0.188 -2.599 -4.601 -2.717 -0.309 -2.73 -4.72 -6.305 -7.382 -0.087 -3.45 -5.578 -6.703 -7.474 -4.424 -5.748 -6.782 -7.397 -7.856 -5.901 -4.663 -6.215 -8.385 -8.705 -8.766 -6.361
133.146681 -2.279 2.919 1.953 0.25 -2.536 -4.539 -2.654 -0.247 -2.668 -4.657 -6.242 -7.319 -0.024 -3.387 -5.516 -6.64 -7.411 -4.361 -5.685 -6.719 -7.335 -7.794 -5.839 -4.6 -6.152 -8.322 -8.643 -8.703 -6.299
137.173612 -2.217 2.982 2.016 0.313 -2.474 -4.476 -2.591 -0.184 -2.605 -4.594 -6.179 -7.256 0.039 -3.324 -5.453 -6.577 -7.348 -4.299 -5.622 -6.656 -7.272 -7.731 -5.776 -4.537 -6.089 -8.259 -8.58 -8.64 -6.236
141.322334 -2.154 3.045 2.079 0.376 -2.411 -4.413 -2.528 -0.121 -2.542 -4.531 -6.116 -7.193 0.102 -3.261 -5.39 -6.515 -7.285 -4.236 -5.559 -6.593 -7.209 -7.668 -5.713 -4.474 -6.027 -8.197 -8.517 -8.577 -6.173
145.596532 -2.091 3.108 2.142 0.439 -2.348 -4.35 -2.466 -0.058 -2.479 -4.468 -6.053 -7.13 0.165 -3.198 -5.327 -6.452 -7.222 -4.173 -5.496 -6.53 -7.146 -7.605 -5.65 -4.412 -5.964 -8.134 -8.454 -8.514 -6.11
150.0 -2.028 3.171 2.205 0.502 -2.285 -4.287 -2.403 0.005 -2.416 -4.405 -5.99 -7.067 0.228 -3.135 -5.264 -6.389 -7.159 -4.11 -5.433 -6.467 -7.083 -7.542 -5.587 -4.349 -5.901 -8.071 -8.391 -8.451 -6.047
