web/models/kne.last_good/kappa_0.5_3.0.v2/39/villar_0.1173_0.2337_3.0000.dat
# %ECSV 1.0
# ---
# datatype:
# - {name: time, datatype: float64}
# - {name: swift_uvot_uvw2, datatype: float64}
# - {name: swift_uvot_uvm2, datatype: float64}
# - {name: swift_uvot_uvw1, datatype: float64}
# - {name: swift_uvot_U, datatype: float64}
# - {name: swift_uvot_B, datatype: float64}
# - {name: swift_uvot_V, datatype: float64}
# - {name: swift_uvot_W, datatype: float64}
# - {name: johnson_U, datatype: float64}
# - {name: johnson_B, datatype: float64}
# - {name: johnson_V, datatype: float64}
# - {name: johnson_R, datatype: float64}
# - {name: johnson_I, datatype: float64}
# - {name: sdss_u, datatype: float64}
# - {name: sdss_g, datatype: float64}
# - {name: sdss_r, datatype: float64}
# - {name: sdss_i, datatype: float64}
# - {name: sdss_z, datatype: float64}
# - {name: PS1_g, datatype: float64}
# - {name: PS1_r, datatype: float64}
# - {name: PS1_i, datatype: float64}
# - {name: PS1_z, datatype: float64}
# - {name: PS1_Y, datatype: float64}
# - {name: PS1_w, datatype: float64}
# - {name: ATLAS_c, datatype: float64}
# - {name: ATLAS_o, datatype: float64}
# - {name: ukirt_J, datatype: float64}
# - {name: ukirt_H, datatype: float64}
# - {name: ukirt_K, datatype: float64}
# - {name: Clear, datatype: float64}
# meta: !!omap
# - comment: [kappa = 3.0, type = villar, mass = 0.11727632184323686, velocity = 0.2336666666666667, theta_obs = 0.0, tfloor = 2500.0]
# schema: astropy-2.0
time swift_uvot_uvw2 swift_uvot_uvm2 swift_uvot_uvw1 swift_uvot_U swift_uvot_B swift_uvot_V swift_uvot_W johnson_U johnson_B johnson_V johnson_R johnson_I sdss_u sdss_g sdss_r sdss_i sdss_z PS1_g PS1_r PS1_i PS1_z PS1_Y PS1_w ATLAS_c ATLAS_o ukirt_J ukirt_H ukirt_K Clear
[from data line 69]
0.007814 -18.051 -15.211 -14.271 -13.561 -13.073 -12.589 -14.135 -13.486 -13.07 -12.577 -12.115 -11.596 -13.498 -12.918 -12.316 -11.899 -11.518 -15.184 -14.945 -14.934 -15.315 -16.284 -12.414 -12.685 -12.148 -10.781 -10.198 -9.536 -12.523
0.00805 -18.037 -15.223 -14.308 -13.598 -13.111 -12.626 -14.172 -13.523 -13.107 -12.614 -12.153 -11.633 -13.535 -12.955 -12.354 -11.936 -11.556 -15.175 -14.935 -14.922 -15.301 -16.269 -12.451 -12.722 -12.186 -10.819 -10.236 -9.574 -12.56
0.008294 -18.024 -15.235 -14.344 -13.635 -13.148 -12.663 -14.208 -13.56 -13.144 -12.652 -12.19 -11.671 -13.572 -12.992 -12.391 -11.974 -11.594 -15.166 -14.924 -14.909 -15.288 -16.254 -12.488 -12.759 -12.223 -10.856 -10.274 -9.612 -12.597
0.008545 -18.011 -15.247 -14.381 -13.672 -13.185 -12.701 -14.244 -13.597 -13.181 -12.689 -12.228 -11.708 -13.609 -13.03 -12.429 -12.011 -11.631 -15.157 -14.914 -14.898 -15.274 -16.239 -12.526 -12.797 -12.261 -10.894 -10.312 -9.65 -12.635
0.008803 -17.998 -15.261 -14.417 -13.709 -13.222 -12.738 -14.281 -13.634 -13.218 -12.726 -12.265 -11.746 -13.646 -13.067 -12.466 -12.049 -11.669 -15.149 -14.904 -14.886 -15.261 -16.224 -12.563 -12.834 -12.298 -10.932 -10.349 -9.688 -12.672
0.009069 -17.985 -15.274 -14.453 -13.746 -13.259 -12.775 -14.317 -13.671 -13.255 -12.763 -12.302 -11.783 -13.682 -13.104 -12.503 -12.086 -11.706 -15.141 -14.894 -14.874 -15.247 -16.21 -12.6 -12.871 -12.335 -10.969 -10.387 -9.726 -12.709
0.009344 -17.973 -15.289 -14.49 -13.783 -13.296 -12.812 -14.353 -13.708 -13.292 -12.801 -12.34 -11.821 -13.719 -13.141 -12.541 -12.124 -11.744 -15.133 -14.884 -14.863 -15.234 -16.195 -12.638 -12.908 -12.373 -11.007 -10.425 -9.763 -12.746
0.009626 -17.96 -15.304 -14.526 -13.819 -13.333 -12.85 -14.39 -13.744 -13.329 -12.838 -12.377 -11.858 -13.756 -13.178 -12.578 -12.161 -11.781 -15.126 -14.875 -14.852 -15.221 -16.18 -12.675 -12.945 -12.41 -11.045 -10.463 -9.801 -12.784
0.009917 -17.948 -15.319 -14.562 -13.856 -13.37 -12.887 -14.426 -13.781 -13.366 -12.875 -12.415 -11.896 -13.793 -13.215 -12.615 -12.199 -11.819 -15.119 -14.866 -14.841 -15.208 -16.166 -12.712 -12.983 -12.447 -11.082 -10.5 -9.839 -12.821
0.010217 -17.936 -15.335 -14.599 -13.893 -13.407 -12.924 -14.462 -13.818 -13.403 -12.912 -12.452 -11.933 -13.83 -13.252 -12.653 -12.236 -11.856 -15.112 -14.857 -14.83 -15.195 -16.151 -12.749 -13.02 -12.485 -11.12 -10.538 -9.877 -12.858
0.010526 -17.923 -15.352 -14.635 -13.93 -13.444 -12.961 -14.498 -13.855 -13.44 -12.95 -12.489 -11.971 -13.867 -13.289 -12.69 -12.273 -11.894 -15.105 -14.849 -14.819 -15.182 -16.136 -12.787 -13.057 -12.522 -11.158 -10.576 -9.914 -12.895
0.010845 -17.911 -15.369 -14.671 -13.966 -13.481 -12.998 -14.534 -13.892 -13.477 -12.987 -12.527 -12.008 -13.903 -13.326 -12.727 -12.311 -11.931 -15.099 -14.841 -14.809 -15.169 -16.122 -12.824 -13.094 -12.559 -11.195 -10.614 -9.952 -12.932
0.011173 -17.899 -15.387 -14.707 -14.003 -13.518 -13.036 -14.57 -13.928 -13.514 -13.024 -12.564 -12.046 -13.94 -13.363 -12.764 -12.348 -11.969 -15.094 -14.833 -14.799 -15.157 -16.107 -12.861 -13.131 -12.597 -11.233 -10.651 -9.99 -12.969
0.011511 -17.888 -15.405 -14.743 -14.04 -13.555 -13.073 -14.606 -13.965 -13.551 -13.061 -12.601 -12.083 -13.977 -13.4 -12.802 -12.386 -12.006 -15.088 -14.825 -14.789 -15.144 -16.093 -12.898 -13.168 -12.634 -11.271 -10.689 -10.028 -13.006
0.011859 -17.876 -15.424 -14.779 -14.076 -13.592 -13.11 -14.642 -14.002 -13.588 -13.098 -12.638 -12.121 -14.013 -13.437 -12.839 -12.423 -12.044 -15.084 -14.818 -14.779 -15.132 -16.078 -12.935 -13.205 -12.671 -11.308 -10.727 -10.066 -13.044
0.012217 -17.865 -15.443 -14.815 -14.113 -13.629 -13.147 -14.678 -14.038 -13.625 -13.135 -12.676 -12.158 -14.05 -13.474 -12.876 -12.46 -12.081 -15.079 -14.811 -14.77 -15.12 -16.064 -12.972 -13.242 -12.708 -11.346 -10.764 -10.103 -13.081
0.012587 -17.854 -15.463 -14.851 -14.149 -13.666 -13.184 -14.714 -14.075 -13.662 -13.172 -12.713 -12.196 -14.087 -13.511 -12.913 -12.498 -12.119 -15.075 -14.805 -14.761 -15.108 -16.05 -13.009 -13.279 -12.746 -11.383 -10.802 -10.141 -13.118
0.012968 -17.843 -15.483 -14.887 -14.186 -13.702 -13.221 -14.749 -14.111 -13.699 -13.209 -12.75 -12.233 -14.123 -13.548 -12.95 -12.535 -12.156 -15.071 -14.799 -14.752 -15.096 -16.035 -13.046 -13.316 -12.783 -11.421 -10.84 -10.179 -13.155
0.01336 -17.832 -15.504 -14.922 -14.222 -13.739 -13.258 -14.785 -14.148 -13.735 -13.246 -12.787 -12.27 -14.16 -13.585 -12.987 -12.572 -12.193 -15.068 -14.793 -14.743 -15.084 -16.021 -13.083 -13.353 -12.82 -11.458 -10.877 -10.217 -13.192
0.013764 -17.821 -15.525 -14.958 -14.259 -13.776 -13.295 -14.821 -14.184 -13.772 -13.283 -12.825 -12.308 -14.196 -13.622 -13.025 -12.609 -12.231 -15.066 -14.788 -14.735 -15.072 -16.007 -13.12 -13.39 -12.857 -11.496 -10.915 -10.254 -13.228
0.01418 -17.811 -15.546 -14.994 -14.295 -13.813 -13.332 -14.856 -14.221 -13.809 -13.32 -12.862 -12.345 -14.232 -13.659 -13.062 -12.647 -12.268 -15.063 -14.783 -14.727 -15.061 -15.993 -13.157 -13.427 -12.894 -11.534 -10.953 -10.292 -13.265
0.014609 -17.8 -15.568 -15.029 -14.331 -13.849 -13.369 -14.892 -14.257 -13.845 -13.357 -12.899 -12.382 -14.269 -13.695 -13.099 -12.684 -12.306 -15.061 -14.778 -14.719 -15.05 -15.979 -13.194 -13.464 -12.931 -11.571 -10.99 -10.33 -13.302
0.015051 -17.79 -15.59 -15.065 -14.368 -13.886 -13.406 -14.927 -14.293 -13.882 -13.394 -12.936 -12.42 -14.305 -13.732 -13.136 -12.721 -12.343 -15.06 -14.774 -14.712 -15.039 -15.965 -13.231 -13.501 -12.969 -11.609 -11.028 -10.367 -13.339
0.015506 -17.781 -15.613 -15.1 -14.404 -13.922 -13.443 -14.962 -14.33 -13.919 -13.431 -12.973 -12.457 -14.341 -13.769 -13.173 -12.758 -12.38 -15.059 -14.77 -14.705 -15.028 -15.951 -13.268 -13.537 -13.006 -11.646 -11.065 -10.405 -13.376
0.015975 -17.771 -15.636 -15.136 -14.44 -13.959 -13.48 -14.998 -14.366 -13.955 -13.468 -13.01 -12.494 -14.378 -13.805 -13.21 -12.795 -12.417 -15.059 -14.767 -14.698 -15.018 -15.938 -13.305 -13.574 -13.043 -11.684 -11.103 -10.443 -13.413
0.016458 -17.762 -15.66 -15.171 -14.476 -13.995 -13.516 -15.033 -14.402 -13.992 -13.505 -13.047 -12.531 -14.414 -13.842 -13.247 -12.833 -12.455 -15.059 -14.764 -14.692 -15.007 -15.924 -13.342 -13.611 -13.08 -11.721 -11.141 -10.481 -13.45
0.016956 -17.753 -15.684 -15.206 -14.512 -14.032 -13.553 -15.068 -14.438 -14.028 -13.541 -13.084 -12.569 -14.45 -13.879 -13.284 -12.87 -12.492 -15.06 -14.762 -14.686 -14.997 -15.91 -13.379 -13.648 -13.117 -11.758 -11.178 -10.518 -13.486
0.017469 -17.744 -15.708 -15.241 -14.548 -14.068 -13.59 -15.103 -14.474 -14.065 -13.578 -13.121 -12.606 -14.486 -13.915 -13.321 -12.907 -12.529 -15.061 -14.76 -14.68 -14.987 -15.897 -13.416 -13.684 -13.154 -11.796 -11.216 -10.556 -13.523
0.017997 -17.735 -15.732 -15.276 -14.584 -14.105 -13.627 -15.138 -14.51 -14.101 -13.615 -13.158 -12.643 -14.522 -13.952 -13.357 -12.944 -12.566 -15.063 -14.758 -14.675 -14.978 -15.883 -13.452 -13.721 -13.191 -11.833 -11.253 -10.594 -13.56
0.018541 -17.727 -15.757 -15.311 -14.62 -14.141 -13.663 -15.173 -14.546 -14.137 -13.652 -13.195 -12.68 -14.558 -13.988 -13.394 -12.981 -12.604 -15.065 -14.757 -14.67 -14.968 -15.87 -13.489 -13.758 -13.228 -11.871 -11.291 -10.631 -13.596
0.019102 -17.719 -15.782 -15.346 -14.656 -14.178 -13.7 -15.208 -14.582 -14.174 -13.688 -13.232 -12.717 -14.594 -14.025 -13.431 -13.018 -12.641 -15.068 -14.757 -14.666 -14.959 -15.857 -13.526 -13.794 -13.264 -11.908 -11.328 -10.669 -13.633
0.01968 -17.711 -15.808 -15.381 -14.692 -14.214 -13.737 -15.243 -14.618 -14.21 -13.725 -13.269 -12.754 -14.63 -14.061 -13.468 -13.055 -12.678 -15.072 -14.757 -14.662 -14.95 -15.844 -13.563 -13.831 -13.301 -11.946 -11.366 -10.707 -13.669
0.020275 -17.703 -15.833 -15.416 -14.728 -14.25 -13.773 -15.277 -14.654 -14.246 -13.762 -13.306 -12.791 -14.666 -14.097 -13.505 -13.092 -12.715 -15.076 -14.758 -14.658 -14.942 -15.831 -13.599 -13.867 -13.338 -11.983 -11.403 -10.744 -13.706
0.020888 -17.696 -15.859 -15.451 -14.763 -14.286 -13.81 -15.312 -14.69 -14.282 -13.798 -13.342 -12.829 -14.702 -14.134 -13.541 -13.129 -12.752 -15.08 -14.759 -14.655 -14.934 -15.818 -13.636 -13.904 -13.375 -12.02 -11.441 -10.782 -13.743
0.02152 -17.689 -15.885 -15.485 -14.799 -14.322 -13.846 -15.347 -14.726 -14.319 -13.835 -13.379 -12.866 -14.738 -14.17 -13.578 -13.166 -12.789 -15.085 -14.76 -14.653 -14.926 -15.805 -13.672 -13.94 -13.412 -12.058 -11.478 -10.819 -13.779
0.022171 -17.683 -15.912 -15.52 -14.835 -14.359 -13.883 -15.381 -14.762 -14.355 -13.871 -13.416 -12.903 -14.773 -14.206 -13.615 -13.203 -12.826 -15.091 -14.763 -14.651 -14.918 -15.792 -13.709 -13.977 -13.449 -12.095 -11.516 -10.857 -13.815
0.022841 -17.676 -15.938 -15.554 -14.87 -14.395 -13.919 -15.415 -14.797 -14.391 -13.908 -13.453 -12.94 -14.809 -14.242 -13.651 -13.24 -12.863 -15.097 -14.765 -14.649 -14.911 -15.78 -13.745 -14.013 -13.485 -12.132 -11.553 -10.895 -13.852
0.023532 -17.67 -15.965 -15.589 -14.906 -14.431 -13.956 -15.45 -14.833 -14.427 -13.944 -13.489 -12.977 -14.844 -14.278 -13.688 -13.276 -12.9 -15.104 -14.769 -14.648 -14.904 -15.767 -13.782 -14.049 -13.522 -12.17 -11.591 -10.932 -13.888
0.024244 -17.665 -15.992 -15.623 -14.941 -14.467 -13.992 -15.484 -14.868 -14.463 -13.98 -13.526 -13.014 -14.88 -14.315 -13.724 -13.313 -12.937 -15.112 -14.773 -14.647 -14.897 -15.755 -13.818 -14.086 -13.559 -12.207 -11.628 -10.97 -13.924
0.024977 -17.659 -16.019 -15.657 -14.977 -14.502 -14.028 -15.518 -14.904 -14.499 -14.017 -13.563 -13.05 -14.915 -14.351 -13.761 -13.35 -12.974 -15.12 -14.777 -14.647 -14.891 -15.743 -13.855 -14.122 -13.595 -12.244 -11.666 -11.007 -13.961
0.025733 -17.654 -16.047 -15.691 -15.012 -14.538 -14.065 -15.552 -14.939 -14.535 -14.053 -13.599 -13.087 -14.951 -14.387 -13.798 -13.387 -13.011 -15.128 -14.782 -14.647 -14.885 -15.731 -13.891 -14.158 -13.632 -12.281 -11.703 -11.045 -13.997
0.026511 -17.65 -16.074 -15.725 -15.047 -14.574 -14.101 -15.585 -14.974 -14.57 -14.089 -13.636 -13.124 -14.986 -14.422 -13.834 -13.423 -13.048 -15.138 -14.788 -14.648 -14.879 -15.719 -13.927 -14.194 -13.668 -12.319 -11.74 -11.082 -14.033
0.027313 -17.645 -16.102 -15.759 -15.082 -14.61 -14.137 -15.619 -15.01 -14.606 -14.126 -13.672 -13.161 -15.021 -14.458 -13.87 -13.46 -13.085 -15.147 -14.794 -14.649 -14.874 -15.708 -13.964 -14.23 -13.705 -12.356 -11.778 -11.12 -14.069
0.028139 -17.641 -16.129 -15.793 -15.117 -14.645 -14.173 -15.653 -15.045 -14.642 -14.162 -13.709 -13.198 -15.056 -14.494 -13.907 -13.497 -13.122 -15.158 -14.801 -14.651 -14.869 -15.696 -14.0 -14.266 -13.741 -12.393 -11.815 -11.157 -14.105
0.02899 -17.638 -16.157 -15.827 -15.152 -14.681 -14.209 -15.686 -15.08 -14.677 -14.198 -13.745 -13.235 -15.092 -14.53 -13.943 -13.533 -13.159 -15.169 -14.808 -14.654 -14.865 -15.685 -14.036 -14.302 -13.778 -12.43 -11.853 -11.195 -14.141
0.029867 -17.634 -16.185 -15.86 -15.187 -14.717 -14.245 -15.72 -15.115 -14.713 -14.234 -13.782 -13.271 -15.127 -14.566 -13.979 -13.57 -13.196 -15.18 -14.816 -14.657 -14.861 -15.674 -14.072 -14.338 -13.814 -12.467 -11.89 -11.232 -14.177
0.03077 -17.632 -16.213 -15.894 -15.222 -14.752 -14.281 -15.753 -15.15 -14.748 -14.27 -13.818 -13.308 -15.162 -14.601 -14.016 -13.607 -13.232 -15.192 -14.825 -14.661 -14.858 -15.663 -14.108 -14.374 -13.85 -12.504 -11.927 -11.27 -14.213
0.031701 -17.629 -16.241 -15.927 -15.257 -14.788 -14.317 -15.786 -15.185 -14.784 -14.306 -13.855 -13.345 -15.196 -14.637 -14.052 -13.643 -13.269 -15.205 -14.834 -14.665 -14.855 -15.652 -14.144 -14.41 -13.887 -12.541 -11.964 -11.307 -14.249
0.032659 -17.627 -16.27 -15.96 -15.292 -14.823 -14.353 -15.819 -15.22 -14.819 -14.342 -13.891 -13.381 -15.231 -14.672 -14.088 -13.679 -13.306 -15.218 -14.844 -14.669 -14.852 -15.642 -14.18 -14.446 -13.923 -12.579 -12.002 -11.345 -14.285
0.033647 -17.625 -16.298 -15.993 -15.326 -14.858 -14.389 -15.852 -15.254 -14.854 -14.378 -13.927 -13.418 -15.266 -14.708 -14.124 -13.716 -13.343 -15.232 -14.854 -14.675 -14.85 -15.632 -14.216 -14.481 -13.959 -12.616 -12.039 -11.382 -14.321
0.034665 -17.624 -16.326 -16.026 -15.361 -14.893 -14.425 -15.885 -15.289 -14.89 -14.413 -13.963 -13.455 -15.3 -14.743 -14.16 -13.752 -13.379 -15.247 -14.865 -14.681 -14.848 -15.622 -14.252 -14.517 -13.995 -12.653 -12.076 -11.42 -14.356
0.035713 -17.623 -16.355 -16.059 -15.395 -14.929 -14.461 -15.917 -15.323 -14.925 -14.449 -13.999 -13.491 -15.335 -14.779 -14.196 -13.789 -13.416 -15.261 -14.876 -14.687 -14.847 -15.612 -14.288 -14.552 -14.032 -12.69 -12.113 -11.457 -14.392
0.036793 -17.622 -16.383 -16.091 -15.429 -14.964 -14.496 -15.95 -15.358 -14.96 -14.485 -14.036 -13.528 -15.369 -14.814 -14.232 -13.825 -13.452 -15.277 -14.888 -14.694 -14.846 -15.602 -14.323 -14.588 -14.068 -12.727 -12.151 -11.494 -14.427
0.037906 -17.622 -16.411 -16.124 -15.464 -14.999 -14.532 -15.982 -15.392 -14.995 -14.52 -14.072 -13.564 -15.404 -14.849 -14.268 -13.861 -13.489 -15.293 -14.901 -14.702 -14.846 -15.593 -14.359 -14.623 -14.104 -12.764 -12.188 -11.532 -14.463
0.039052 -17.622 -16.44 -16.156 -15.498 -15.034 -14.568 -16.014 -15.426 -15.03 -14.556 -14.108 -13.601 -15.438 -14.884 -14.304 -13.897 -13.525 -15.309 -14.914 -14.71 -14.847 -15.584 -14.395 -14.659 -14.14 -12.8 -12.225 -11.569 -14.498
0.040234 -17.622 -16.468 -16.188 -15.532 -15.068 -14.603 -16.046 -15.461 -15.065 -14.591 -14.144 -13.637 -15.472 -14.919 -14.34 -13.934 -13.562 -15.326 -14.928 -14.719 -14.847 -15.575 -14.43 -14.694 -14.176 -12.837 -12.262 -11.607 -14.534
0.04145 -17.623 -16.496 -16.22 -15.566 -15.103 -14.638 -16.078 -15.495 -15.099 -14.627 -14.179 -13.673 -15.506 -14.954 -14.375 -13.97 -13.598 -15.344 -14.942 -14.728 -14.849 -15.567 -14.466 -14.729 -14.211 -12.874 -12.299 -11.644 -14.569
0.042704 -17.624 -16.524 -16.252 -15.599 -15.138 -14.674 -16.11 -15.529 -15.134 -14.662 -14.215 -13.71 -15.54 -14.989 -14.411 -14.006 -13.635 -15.361 -14.957 -14.738 -14.851 -15.559 -14.501 -14.765 -14.247 -12.911 -12.336 -11.681 -14.604
0.043996 -17.626 -16.553 -16.284 -15.633 -15.172 -14.709 -16.141 -15.562 -15.169 -14.698 -14.251 -13.746 -15.574 -15.024 -14.447 -14.042 -13.671 -15.38 -14.973 -14.749 -14.853 -15.551 -14.537 -14.8 -14.283 -12.948 -12.373 -11.718 -14.64
0.045326 -17.628 -16.581 -16.316 -15.667 -15.207 -14.744 -16.173 -15.596 -15.203 -14.733 -14.287 -13.782 -15.608 -15.059 -14.482 -14.078 -13.707 -15.399 -14.989 -14.76 -14.856 -15.543 -14.572 -14.835 -14.319 -12.985 -12.41 -11.756 -14.675
0.046697 -17.63 -16.609 -16.347 -15.7 -15.241 -14.78 -16.204 -15.63 -15.238 -14.768 -14.322 -13.818 -15.641 -15.093 -14.518 -14.114 -13.744 -15.418 -15.005 -14.772 -14.86 -15.536 -14.607 -14.87 -14.354 -13.021 -12.447 -11.793 -14.71
0.048109 -17.633 -16.637 -16.378 -15.734 -15.276 -14.815 -16.235 -15.663 -15.272 -14.803 -14.358 -13.854 -15.675 -15.128 -14.553 -14.15 -13.78 -15.438 -15.022 -14.784 -14.864 -15.529 -14.642 -14.905 -14.39 -13.058 -12.484 -11.83 -14.745
0.049564 -17.636 -16.665 -16.409 -15.767 -15.31 -14.85 -16.266 -15.697 -15.306 -14.838 -14.394 -13.891 -15.708 -15.162 -14.588 -14.185 -13.816 -15.458 -15.04 -14.797 -14.868 -15.523 -14.677 -14.939 -14.425 -13.095 -12.521 -11.867 -14.779
0.051063 -17.639 -16.693 -16.44 -15.8 -15.344 -14.885 -16.296 -15.73 -15.34 -14.873 -14.429 -13.927 -15.741 -15.197 -14.624 -14.221 -13.852 -15.478 -15.058 -14.811 -14.874 -15.516 -14.712 -14.974 -14.461 -13.131 -12.558 -11.905 -14.814
0.052608 -17.643 -16.72 -16.471 -15.833 -15.378 -14.919 -16.327 -15.763 -15.374 -14.908 -14.465 -13.963 -15.775 -15.231 -14.659 -14.257 -13.888 -15.499 -15.076 -14.825 -14.879 -15.511 -14.747 -15.009 -14.496 -13.168 -12.595 -11.942 -14.849
0.054199 -17.647 -16.748 -16.501 -15.866 -15.412 -14.954 -16.357 -15.796 -15.408 -14.943 -14.5 -13.998 -15.808 -15.265 -14.694 -14.292 -13.924 -15.521 -15.095 -14.84 -14.886 -15.505 -14.782 -15.043 -14.532 -13.204 -12.632 -11.979 -14.884
