web/models/kne/47/mosfit_kn_0.002290_0.0613_3.6500.dat
# %ECSV 1.0
# ---
# datatype:
# - {name: time, datatype: float64}
# - {name: PS1_g, datatype: float64}
# - {name: PS1_i, datatype: float64}
# - {name: PS1_r, datatype: float64}
# - {name: PS1_w, datatype: float64}
# - {name: PS1_y, datatype: float64}
# - {name: PS1_z, datatype: float64}
# - {name: swift_uvot_B, datatype: float64}
# - {name: swift_uvot_U, datatype: float64}
# - {name: swift_uvot_uvm2, datatype: float64}
# - {name: swift_uvot_uvw1, datatype: float64}
# - {name: swift_uvot_uvw2, datatype: float64}
# - {name: swift_uvot_V, datatype: float64}
# - {name: johnson_B, datatype: float64}
# - {name: johnson_I, datatype: float64}
# - {name: johnson_R, datatype: float64}
# - {name: johnson_U, datatype: float64}
# - {name: johnson_V, datatype: float64}
# - {name: sdss_g, datatype: float64}
# - {name: sdss_i, datatype: float64}
# - {name: sdss_r, datatype: float64}
# - {name: sdss_u, datatype: float64}
# - {name: sdss_z, datatype: float64}
# - {name: ATLAS_c, datatype: float64}
# - {name: ATLAS_o, datatype: float64}
# - {name: ukirt_H, datatype: float64}
# - {name: ukirt_J, datatype: float64}
# - {name: ukirt_K, datatype: float64}
# - {name: Clear, datatype: float64}
# meta: !!omap
# - comment: [kappa = 3.65, type = rprocess, mass = 0.0022901433483143324, velocity = 0.061333333333333344, theta_obs = 0.0, tfloor =
#       1000.0]
# schema: astropy-2.0
time PS1_g PS1_i PS1_r PS1_w PS1_y PS1_z swift_uvot_B swift_uvot_U swift_uvot_uvm2 swift_uvot_uvw1 swift_uvot_uvw2 swift_uvot_V johnson_B johnson_I johnson_R johnson_U johnson_V sdss_g sdss_i sdss_r sdss_u sdss_z ATLAS_c ATLAS_o ukirt_H ukirt_J ukirt_K Clear
[from data line 439]
26.452905811623246 11.285216040670552 2.403387227471274 5.878458005509106 3.9105341940051197 -1.1198028210539945 0.29787314379314367 14.825122617235039 21.48406671512995 35.37266201915912 17.44964924720451 19.962665753684153 9.244732733541337 13.621185300268849 0.8498739210493236 3.8199066877743055 20.4530655358782 8.289710398372582 12.097756141984988 2.4846431795842605 6.106946665005548 21.985172245304774 -0.275554468228858 7.857534575251748 3.405122050641971 -6.068790198969491 -3.919300903479799 -7.429078879442661 1.6246401502437813
26.51302605210421 11.289802817694614 2.407974004495319 5.883044782533169 3.9151209710291823 -1.115216044029932 0.30245992081718853 14.829709394259083 21.488653492154004 35.37724879618319 17.45423602422857 19.967252530708212 9.2493195105654 13.625772077292893 0.8544606980733684 3.824493464798368 20.457652312902262 8.294297175396645 12.10234291900905 2.489229956608323 6.111533442029611 21.98975902232883 -0.27096769120479536 7.86212135227581 3.4097088276660337 -6.064203421945428 -3.9147141264557366 -7.424492102418599 1.629226927267844
26.573146292585168 11.294381189858207 2.4125523766589296 5.887623154696779 3.919699343192793 -1.110637671866339 0.3070382929807991 14.834287766422694 21.493231864317607 35.38182716834679 17.458814396392164 19.971830902871815 9.253897882728992 13.630350449456504 0.859039070236979 3.8290718369619787 20.46223068506586 8.298875547560256 12.106921291172661 2.493808328771916 6.116111814193204 21.994337394492433 -0.26638931904120255 7.866699724439421 3.4142871998296265 -6.059625049781817 -3.910135754292126 -7.419913730255006 1.6338052994314367
26.63326653306613 11.298951220679516 2.417122407480239 5.892193185518071 3.9242693740140844 -1.1060676410450299 0.31160832380210834 14.838857797244003 21.497801895138913 35.38639719916809 17.463384427213473 19.976400933693125 9.258467913550302 13.634920480277813 0.8636091010582883 3.833641867783288 20.466800715887164 8.303445578381547 12.111491321993952 2.498378359593225 6.120681845014513 21.99890742531374 -0.2618192882198933 7.8712697552607125 3.4188572306509357 -6.055055018960526 -3.9055657234708345 -7.415343699433697 1.638375330252746
26.693386773547093 11.303512969781337 2.42168415658206 5.89675493461991 3.9288311231159234 -1.1015058919431908 0.3161700729039296 14.843419546345825 21.502363644240745 35.39095894826992 17.467946176315294 19.980962682794946 9.26302966265214 13.639482229379635 0.8681708501601095 3.8382036168851092 20.471362464988992 8.308007327483386 12.116053071095791 2.5029401086950465 6.125243594116334 22.00346917441557 -0.25725753911807203 7.8758315043625515 3.423418979752757 -6.050493269858687 -3.9010039743689955 -7.4107819503318755 1.642937079354585
26.753507014028056 11.308066496228317 2.42623768302904 5.901308461066872 3.9333846495629032 -1.0969523654962288 0.32072359935090944 14.847973072792804 21.506917170687714 35.395512474716895 17.472499702762274 19.985516209241926 9.267583189099103 13.644035755826614 0.8727243766070893 3.842757143332089 20.475915991435976 8.312560853930366 12.120606597542771 2.5074936351420263 6.129797120563314 22.00802270086254 -0.2527040126710922 7.880385030809531 3.427972506199737 -6.045939743411725 -3.8964504479220334 -7.406228423884896 1.647490605801547
26.81362725450902 11.312611861409447 2.43078304821017 5.905853826248002 3.9379300147440333 -1.0924070003150987 0.32526896453203946 14.852518437973934 21.511462535868844 35.400057839898025 17.477045067943404 19.990061574423056 9.272128554280233 13.648581121007744 0.8772697417882194 3.847302508513219 20.480461356617106 8.317106219111478 12.125151962723901 2.5120390003231563 6.134342485744444 22.01256806604367 -0.2481586474899622 7.884930395990661 3.432517871380867 -6.041394378230595 -3.8919050827409034 -7.401683058703766 1.652035970982677
26.873747494989978 11.317149126243695 2.435320313044418 5.910391091082268 3.942467279578281 -1.087869735480833 0.32980622936628734 14.857055702808182 21.515999800703103 35.40459510473227 17.481582332777652 19.99459883925731 9.276665819114498 13.653118385841992 0.8818070066224672 3.851839773347467 20.484998621451354 8.321643483945744 12.12968922755815 2.516576265157404 6.138879750578692 22.01710533087793 -0.24362138265569655 7.889467660824909 3.4370551362151147 -6.036857113396329 -3.8873678179066378 -7.3971457938695 1.6565732358169427
26.93386773547094 11.321678349433792 2.4398495362344974 5.914920314272347 3.9469965027683607 -1.0833405122907536 0.3343354525563669 14.861584925998262 21.520529023893182 35.409124327922356 17.48611155596773 19.999128062447394 9.281195042304578 13.657647609032072 0.8863362298125468 3.8563689965375465 20.48952784464144 8.326172707135823 12.134218450748229 2.5211054883475015 6.143408973768771 22.021634554068008 -0.23909215946561702 7.893996884014989 3.441584359405212 -6.03232789020625 -3.8828385947165582 -7.3926165706794205 1.6611024590070222
26.993987975951903 11.326199592243746 2.444370779044469 5.919441557082319 3.9515177455783324 -1.0788192694807996 0.33885669536633856 14.866106168808233 21.525050266703147 35.41364557073233 17.490632798777703 20.003649305257355 9.285716285114532 13.662168851842043 0.8908574726225185 3.860890239347518 20.4940490874514 8.330693949945795 12.1387396935582 2.5256267311574554 6.147930216578743 22.026155796877973 -0.2345709166556631 7.8985181268249605 3.446105602215166 -6.027806647396278 -3.8783173519065866 -7.3880953278694665 1.6656237018169762
27.054108216432866 11.33071291337874 2.4488841001794626 5.923954878217295 3.956031066713308 -1.0743059483458062 0.34337001650133203 14.870619489943227 21.52956358783814 35.418158891867314 17.495146119912697 20.008162626392338 9.290229606249525 13.66668217297702 0.8953707937575119 3.865403560482494 20.498562408586388 8.33520727108077 12.143253014693176 2.530140052292449 6.1524435377137365 22.030669118012966 -0.23005759552066962 7.903031447959936 3.4506189233501594 -6.023293326261302 -3.873804030771611 -7.383582006734473 1.6701370229519696
27.11422845691383 11.335218373344329 2.453389560145034 5.928460338182884 3.960536526678897 -1.069800488380217 0.3478754764669034 14.875124949908798 21.53406904780372 35.4226643518329 17.499651579878286 20.01266808635793 9.294735066215114 13.671187632942608 0.8998762537231011 3.869909020448083 20.503067868551977 8.33971273104636 12.147758474658765 2.534645512258038 6.156948997679326 22.035174577978545 -0.22555213555508047 7.907536907925525 3.4551243833157486 -6.018787866295713 -3.8692985708060217 -7.379076546768884 1.6746424829175588
27.174348697394787 11.339716030677849 2.4578872174785715 5.932957995516404 3.965034184012417 -1.0653028310466972 0.352373133800441 14.879622607242336 21.53856670513725 35.427162009166416 17.504149237211806 20.017165743691447 9.299232723548634 13.675685290276128 0.9043739110566209 3.874406677781603 20.507565525885497 8.34421038837988 12.152256131992285 2.539143169591558 6.1614466550128455 22.039672235312075 -0.22105447822156066 7.912034565259045 3.4596220406492684 -6.014290208962193 -3.864800913472502 -7.374578889435364 1.6791401402510786
27.23446893787575 11.344205943121182 2.4623771299218866 5.937447907959736 3.96952409645575 -1.0608129186033644 0.3568630462437561 14.884112519685651 21.54305661758057 35.43165192160975 17.50863914965514 20.02165565613478 9.303722635991967 13.680175202719461 0.9088638234999538 3.8788965902249357 20.51205543832883 8.348700300823213 12.156746044435618 2.5436330820348907 6.165936567456178 22.044162147755397 -0.2165645657782278 7.916524477702378 3.4641119530926012 -6.00980029651886 -3.860311001029169 -7.370088976992031 1.6836300526944115
27.294589178356713 11.34868816769961 2.4668593545003326 5.941930132538165 3.974006321034178 -1.0563306940249362 0.361345270822202 14.888594744264097 21.547538842159007 35.43613414618818 17.513121374233567 20.02613788071321 9.308204860570395 13.684657427297907 0.9133460480783819 3.883378814803364 20.516537662907258 8.35318252540164 12.161228269014046 2.548115306613319 6.1704187920346065 22.048644372333833 -0.21208234119979963 7.921006702280806 3.4685941776710294 -6.005318071940432 -3.855828776450741 -7.365606752413603 1.6881122772728396
27.354709418837675 11.353162762599549 2.4713339494002717 5.9464047274381215 3.978480915934135 -1.0518560991249792 0.3658198657221412 14.893069339164036 21.552013437058957 35.44060874108813 17.517595969133506 20.030612475613164 9.312679455470352 13.689132022197846 0.9178206429783211 3.887853409703321 20.521012257807207 8.357657120301598 12.165702863914003 2.552589901513276 6.174893386934546 22.053118967233782 -0.2076077462998427 7.925481297180763 3.4730687725709686 -6.000843477040475 -3.851354181550784 -7.361132157513646 1.6925868721727966
27.414829659318634 11.357629785807415 2.4758009726081376 5.95087175064597 3.982947939142001 -1.0473890759171312 0.37028688893000705 14.897536362371902 21.556480460266812 35.44507576429599 17.52206299234137 20.035079498821023 9.3171464786782 13.693599045405712 0.922287666186187 3.8923204329111867 20.525479281015073 8.362124143509446 12.170169887121869 2.557056924721124 6.1793604101424116 22.057585990441638 -0.2031407230919946 7.929948320388629 3.4775357957788344 -5.996376453832627 -3.846887158342936 -7.356665134305798 1.6970538953806447
27.474949899799597 11.36208929421116 2.4802604810118822 5.955331259049714 3.9874074475457277 -1.0429295675133865 0.3747463973337517 14.901995870775647 21.56093996867056 35.44953527269973 17.526522500745116 20.039539007224768 9.321605987081945 13.698058553809457 0.9267471745899316 3.8967799413149313 20.529938789418807 8.36658365191319 12.174629395525596 2.5615164331248685 6.183819918546156 22.062045498845386 -0.19868121468824995 7.934407828792356 3.481995304182579 -5.9919169454288825 -3.842427649939191 -7.352205625902053 1.7015134037843893
27.53507014028056 11.366541343832477 2.484712530633182 5.959783308671032 3.991859497167045 -1.038477517892069 0.37919844695505134 14.906447920396946 21.565392018291867 35.45398732232105 17.530974550366434 20.043991056846078 9.326058036703262 13.702510603430756 0.9311992242112312 3.901231990936231 20.534390839040125 8.371035701534508 12.179081445146913 2.565968482746186 6.188271968167474 22.066497548466693 -0.19422916506693255 7.938859878413673 3.4864473538038965 -5.987464895807565 -3.8379756003178738 -7.347753576280736 1.7059654534057067
27.595190380761522 11.370985994468903 2.4891571812696256 5.964227959307458 3.996304147803489 -1.0340328672556431 0.38364309759149506 14.91089257103339 21.569836668928303 35.458431972957484 17.53541920100286 20.04843570748251 9.330502687339688 13.7069552540672 0.935643874847675 3.9056766415726747 20.538835489676558 8.375480352170934 12.183526095783357 2.570413133382612 6.1927166188039 22.07094219910313 -0.1897845144305066 7.943304529050117 3.4908920044403224 -5.983020245171139 -3.833530949681448 -7.34330892564431 1.7104101040421327
27.655310621242485 11.375423303490724 2.4935944902914287 5.9686652683292785 4.000741456825292 -1.0295955582338223 0.3880804066132981 14.91532988005521 21.57427397795012 35.462869281979295 17.53985651002468 20.052873016504325 9.33493999636151 13.711392563089003 0.9400811838694958 3.9101139505944777 20.54327279869837 8.379917661192755 12.18796340480516 2.5748504424044327 6.19715392782572 22.07537950812494 -0.18534720540868577 7.94774183807192 3.4953293134621433 -5.978582936149318 -3.829093640659627 -7.338871616622489 1.7148474130639535
27.715430861723444 11.379853323900555 2.4980245107012777 5.9730952887391275 4.005171477235141 -1.0251655378239732 0.3925104270231472 14.919759900465042 21.578703998359963 35.46729930238914 17.544286530434512 20.057303036914163 9.339370016771358 13.715822583498852 0.9445112042793271 3.914543971004327 20.54770281910821 8.384347681602604 12.192393425215009 2.579280462814264 6.201583948235552 22.07980952853479 -0.18091718499885445 7.952171858481769 3.4997593338719746 -5.974152915739469 -3.824663620249778 -7.334441596212658 1.7192774334738026
27.775551102204407 11.384276110826352 2.502447297627075 5.977518075664925 4.009594264160938 -1.0207427508981937 0.39693321394894454 14.92418268739084 21.58312678528575 35.47172208931493 17.54870931736031 20.06172582383996 9.343792803697138 13.72024537042465 0.9489339912051244 3.918966757930124 20.55212560603401 8.388770468528401 12.196816212140806 2.5837032497400614 6.206006735161349 22.084232315460575 -0.1764943980730571 7.9565946454075664 3.504182120797772 -5.969730128813672 -3.8202408333239806 -7.330018809286861 1.7237002203995822
27.83567134268537 11.388691720823054 2.506862907623777 5.981933685661627 4.01400987415764 -1.016327140901474 0.4013488239456464 14.928598297387541 21.587542395282462 35.476137699311636 17.55312492735701 20.066141433836673 9.348208413693857 13.724660980421351 0.9533496012018263 3.923382367926826 20.55654121603071 8.393186078525103 12.201231822137508 2.5881188597367633 6.210422345158051 22.088647925457288 -0.17207878807633747 7.961010255404268 3.508597730794474 -5.96531451881697 -3.8158252233272787 -7.325603199290159 1.7281158303963018
27.895791583166332 11.393100209751399 2.511271396552104 5.986342174589954 4.018418363085967 -1.0119186519731471 0.4057573128739733 14.933006786315868 21.59195088421079 35.48054618823996 17.557533416285338 20.070549922765 9.352616902622184 13.729069469349678 0.9577580901301532 3.927790856855153 20.560949704959036 8.39759456745343 12.205640311065835 2.592527348665108 6.214830834086378 22.093056414385615 -0.16767029914801057 7.965418744332595 3.5130062197228185 -5.960906029888643 -3.811416734398952 -7.321194710361814 1.7325243193246287
27.955911823647295 11.397501631451163 2.515672818251886 5.990743596289736 4.022819784785749 -1.0075172302733648 0.4101587345737556 14.93740820801565 21.59635230591057 35.484947609939745 17.56193483798512 20.074951344464772 9.357018324321967 13.73347089104946 0.9621595118299355 3.9321922785549352 20.56535112665882 8.401995989153212 12.210041732765617 2.5969287703648725 6.21923225578616 22.097457836085397 -0.16326887744824603 7.9698201660323775 3.517407641422583 -5.956504608188861 -3.8070153126991695 -7.3167932886620495 1.736925741024411
28.016032064128254 11.401896039476416 2.5200672262771207 5.9951380043149705 4.027214192810984 -1.0031228222481303 0.4145531425989901 14.941802616040885 21.600746713935806 35.48934201796499 17.566329246010373 20.079345752490017 9.361412732347201 13.737865299074695 0.96655391985517 3.9365866865801697 20.569745534684063 8.406390397178447 12.214436140790852 2.6013231783901247 6.223626663811412 22.10185224411063 -0.15887446942299377 7.974214574057612 3.5218020494478353 -5.952110200163626 -3.802620904673935 -7.312398880636797 1.7413201490496455
28.076152304609217 11.406283489029683 2.5244546758304054 5.999525453868237 4.031601642364269 -0.9987353726948633 0.41894059215227486 14.94619006559417 21.605134163489083 35.49372946751826 17.57071669556364 20.08373320204329 9.365800181900468 13.74225274862798 0.9709413694084548 3.9409741361334545 20.57413298423733 8.410777846731714 12.218823590344119 2.6057106279433917 6.228014113364679 22.10623969366391 -0.1544870198697268 7.978602023610879 3.5261894990011022 -5.947722750610359 -3.798233455120668 -7.30801143108353 1.7457075986029125
