web/models/kne/47/mosfit_kn_0.004263_0.1397_0.5000.dat
# %ECSV 1.0
# ---
# datatype:
# - {name: time, datatype: float64}
# - {name: PS1_g, datatype: float64}
# - {name: PS1_i, datatype: float64}
# - {name: PS1_r, datatype: float64}
# - {name: PS1_w, datatype: float64}
# - {name: PS1_y, datatype: float64}
# - {name: PS1_z, datatype: float64}
# - {name: swift_uvot_B, datatype: float64}
# - {name: swift_uvot_U, datatype: float64}
# - {name: swift_uvot_uvm2, datatype: float64}
# - {name: swift_uvot_uvw1, datatype: float64}
# - {name: swift_uvot_uvw2, datatype: float64}
# - {name: swift_uvot_V, datatype: float64}
# - {name: johnson_B, datatype: float64}
# - {name: johnson_I, datatype: float64}
# - {name: johnson_R, datatype: float64}
# - {name: johnson_U, datatype: float64}
# - {name: johnson_V, datatype: float64}
# - {name: sdss_g, datatype: float64}
# - {name: sdss_i, datatype: float64}
# - {name: sdss_r, datatype: float64}
# - {name: sdss_u, datatype: float64}
# - {name: sdss_z, datatype: float64}
# - {name: ATLAS_c, datatype: float64}
# - {name: ATLAS_o, datatype: float64}
# - {name: ukirt_H, datatype: float64}
# - {name: ukirt_J, datatype: float64}
# - {name: ukirt_K, datatype: float64}
# - {name: Clear, datatype: float64}
# meta: !!omap
# - comment: [kappa = 0.5, type = rprocess, mass = 0.004263435211354371, velocity = 0.13966666666666672, theta_obs = 0.0, tfloor = 1000.0]
# schema: astropy-2.0
time PS1_g PS1_i PS1_r PS1_w PS1_y PS1_z swift_uvot_B swift_uvot_U swift_uvot_uvm2 swift_uvot_uvw1 swift_uvot_uvw2 swift_uvot_V johnson_B johnson_I johnson_R johnson_U johnson_V sdss_g sdss_i sdss_r sdss_u sdss_z ATLAS_c ATLAS_o ukirt_H ukirt_J ukirt_K Clear
[from data line 174]
10.521042084168336 9.295640353664698 0.413811540465403 3.888882318503253 1.9209585069992663 -3.109378508059848 -1.6917025432127275 12.835546930229167 19.494491028124088 33.38308633215326 15.460073560198637 17.97309006667829 7.255157046535483 11.631609613262977 -1.1397017659565476 1.8303310007684523 18.463489848872346 6.30013471136673 10.108180454979134 0.4950674925784071 4.117370977999677 19.995596558298914 -2.2651301552347114 5.867958888245894 1.4155463636361176 -8.058365885975343 -5.908876590485653 -9.418654566448515 -0.36493553676207213
10.581162324649299 9.307369214087764 0.4255404008884689 3.9006111789263187 1.9326873674223322 -3.097649647636782 -1.6799736827896616 12.847275790652233 19.506219888547154 33.39481519257634 15.47180242062172 17.984818927101372 7.2668859069585485 11.643338473686043 -1.127972905533464 1.8420598611915182 18.47521870929541 6.311863571789796 10.1199093154022 0.506796353001473 4.129099838422761 20.00732541872198 -2.2534012948116455 5.87968774866896 1.4272752240591835 -8.046637025552277 -5.897147730062587 -9.406925706025449 -0.35320667633900626
10.64128256513026 9.319021416937883 0.43719260373860536 3.912263381776455 1.9443395702724686 -3.0859974447866634 -1.6683214799395252 12.85892799350237 19.51787209139728 33.40646739542646 15.48345462347184 17.99647112995149 7.278538109808667 11.65499067653618 -1.1163207026833453 1.8537120640416547 18.48687091214553 6.323515774639932 10.131561518252337 0.5184485558515917 4.140752041272879 20.018977621572116 -2.241749091961527 5.891339951519097 1.4389274269093022 -8.03498482270214 -5.88549552721245 -9.39527350317533 -0.34155447348888757
10.701402805611222 9.330617810725599 0.4487889975263215 3.9238597755641536 1.955935964060167 -3.0744010509989472 -1.656725086151809 12.870524387290086 19.529468485185 33.418063789214166 15.495051017259556 18.008067523739207 7.290134503596383 11.666587070323896 -1.1047243088956291 1.8653084578293708 18.498467305933247 6.335112168427631 10.143157912040035 0.5300449496393078 4.1523484350605955 20.030574015359814 -2.2301526981738107 5.902936345306795 1.4505238206970184 -8.023388428914442 -5.873899133424752 -9.383677109387614 -0.3299580797011714
10.761523046092185 9.342154203295241 0.4603253900959636 3.9353961681338134 1.967472356629827 -3.0628646584292873 -1.645188693582167 12.882060779859728 19.54100487775465 33.42960018178382 15.506587409829198 18.01960391630885 7.3016708961660255 11.678123462893538 -1.093187916325987 1.876844850399013 18.510003698502906 6.3466485609972905 10.154694304609695 0.5415813422089499 4.163884827630238 20.042110407929474 -2.2186163056041686 5.914472737876455 1.4620602132666605 -8.011852036344782 -5.862362740855092 -9.372140716817972 -0.3184216871315293
10.821643286573146 9.353630539684321 0.4718017264850438 3.946872504522876 1.978948693018907 -3.051388322040225 -1.6337123571930867 12.893537116248808 19.552481214143718 33.44107651817289 15.518063746218278 18.03108025269793 7.313147232555106 11.689599799282618 -1.0817115799369068 1.8883211867880931 18.52148003489197 6.358124897386353 10.166170640998757 0.5530576785980301 4.175361164019318 20.053586744318554 -2.2071399692150884 5.925949074265535 1.4735365496557407 -8.00037569995572 -5.85088640446603 -9.360664380428892 -0.3069453507424491
10.881763527054108 9.3650473677409 0.48321855454160456 3.9582893325794544 1.9903655210754678 -3.0399714939836464 -1.622295529136526 12.904953944305369 19.56389804220029 33.45249334622946 15.529480574274839 18.04249708075449 7.324564060611684 11.701016627339179 -1.070294751880346 1.8997380148446539 18.532896862948547 6.369541725442931 10.177587469055336 0.5644745066546086 4.1867779920758785 20.065003572375115 -2.19572314115851 5.937365902322096 1.4849533777123192 -7.9889588718991424 -5.839469576409451 -9.349247552372313 -0.2955285226858706
10.941883767535069 9.376405308925762 0.4945764957264842 3.9696472737643163 2.0017234622603297 -3.0286135527987845 -1.6109375879516463 12.916311885490249 19.575255983385162 33.463851287414336 15.540838515459718 18.05385502193937 7.335922001796546 11.712374568524059 -1.0589368106954664 1.9110959560295335 18.54425480413341 6.380899666627793 10.188945410240198 0.5758324478394705 4.198135933260758 20.076361513559977 -2.184365199973648 5.948723843506958 1.496311318897181 -7.977600930714281 -5.828111635224589 -9.337889611187451 -0.2841705815010087
11.002004008016032 9.387704981269138 0.5058761680698431 3.980946946107693 2.0130231346037064 -3.017313880455408 -1.5996379156082874 12.927611557833607 19.586555655728528 33.4751509597577 15.552138187803077 18.06515469428273 7.347221674139923 11.723674240867417 -1.0476371383521075 1.9223956283728925 18.555554476476786 6.39219933897117 10.200245082583574 0.5871321201828472 4.209435605604117 20.087661185903354 -2.1730655276302713 5.9600235158503345 1.50761099124054 -7.966301258370904 -5.8168119628812125 -9.326589938844075 -0.272870909157632
11.062124248496994 9.398947008159322 0.5171181949600445 3.9921889729978766 2.02426516149389 -3.006071853565224 -1.588395888718086 12.938853584723809 19.59779768261872 33.48639298664789 15.563380214693279 18.07639672117293 7.358463701030106 11.734916267757619 -1.036395111461906 1.9336376552630938 18.56679650336697 6.403441365861354 10.211487109473758 0.5983741470730308 4.2206776324943185 20.098903212793537 -2.1618235007400877 5.971265542740518 1.5188530181307414 -7.95505923148072 -5.805569935991029 -9.315347911953891 -0.2616288822674484
11.122244488977955 9.410132001544671 0.5283031883453759 4.003373966383226 2.035450154879239 -2.994886860179875 -1.5772108953327546 12.950038578109158 19.60898267600406 33.49757798003324 15.574565208078628 18.08758171455828 7.369648694415456 11.74610126114295 -1.025210118076557 1.9448226486484252 18.57798149675232 6.414626359246703 10.222672102859107 0.60955914045838 4.231862625879668 20.110088206178887 -2.1506385073547385 5.982450536125867 1.5300380115160905 -7.943874238095371 -5.79438494260568 -9.304162918568542 -0.25044388888209923
11.182364729458918 9.421260556815412 0.5394317436161167 4.0145025216539665 2.04657871014998 -2.9837583049091343 -1.5660823400620139 12.961167133379881 19.6201112312748 33.50870653530397 15.58569376334935 18.098710269829002 7.380777249686196 11.757229816413691 -1.014081562805834 1.955951203919166 18.58911005202306 6.4257549145174435 10.233800658129848 0.6206876957291207 4.242991181150391 20.121216761449627 -2.1395099520839977 5.993579091396608 1.5411665667868313 -7.93274568282463 -5.783256387334939 -9.293034363297801 -0.23931533361135848
11.242484969939879 9.432333259962675 0.5505044467633802 4.02557522480123 2.0576514132972434 -2.972685601761871 -1.5550096369147504 12.972239836527145 19.631183934422065 33.519779238451235 15.596766466496614 18.109782972976266 7.39184995283346 11.768302519560955 -1.0030088596585705 1.9670239070664295 18.600182755170323 6.436827617664707 10.244873361277111 0.6317603988763842 4.254063884297654 20.13228946459689 -2.1284372489367342 6.0046517945438715 1.5522392699340948 -7.921672979677367 -5.7721836841876755 -9.281961660150538 -0.228242630464095
11.302605210420841 9.44335069987643 0.5615218866771343 4.036592664714984 2.0686688532109976 -2.9616681618481167 -1.5439921970009962 12.983257276440899 19.64220137433582 33.530796678365 15.607783906410386 18.120800412890038 7.402867392747214 11.779319959474709 -0.9919914197447985 1.9780413469801836 18.611200195084077 6.447845057578461 10.255890801190866 0.6427778387901384 4.265081324211426 20.143306904510645 -2.11741980902298 6.015669234457626 1.563256709847849 -7.910655539763613 -5.761166244273921 -9.270944220236784 -0.21722519055034084
11.362725450901802 9.454313450798093 0.572484637598798 4.047555415636648 2.0796316041326612 -2.950705410926453 -1.5330294460793326 12.994220027362562 19.653164125257483 33.541759429286664 15.61874665733205 18.1317631638117 7.413830143668878 11.790282710396372 -0.9810286688231526 1.9890040979018473 18.62216294600574 6.458807808500125 10.26685355211253 0.653740589711802 4.27604407513309 20.15426965543231 -2.1064570581013164 6.026631985379289 1.5742194607695126 -7.899692788841949 -5.750203493352258 -9.25998146931512 -0.20626243962867719
11.422845691382765 9.46522207537365 0.583393262174372 4.058464040212204 2.0905402287082175 -2.9397967863508967 -1.5221208215037585 13.005128651938136 19.664072749833046 33.55266805386222 15.629655281907606 18.142671788387258 7.424738768244434 11.801191334971946 -0.9701200442475786 1.9999127224774214 18.633071570581297 6.469716433075681 10.277762176688086 0.6646492142873583 4.286952699708646 20.165178280007865 -2.09554843352576 6.037540609954846 1.5851280853450689 -7.888784164266393 -5.739294868776701 -9.249072844739564 -0.19535381505312088
11.482965931863728 9.476077128875087 0.5942483156758094 4.069319093713641 2.101395282209655 -2.9289417328494594 -1.5112657680023212 13.015983705439574 19.674927803334484 33.56352310736366 15.640510335409044 18.153526841888695 7.435593821745871 11.812046388473384 -0.9592649907461412 2.0107677759788585 18.643926624082734 6.4805714865771185 10.288617230189523 0.6755042677887957 4.297807753210083 20.176033333509302 -2.084693380024323 6.048395663456283 1.5959831388465062 -7.877929110764955 -5.728439815275264 -9.238217791238126 -0.18449876155168354
11.543086172344688 9.486879164352153 0.6050503511528582 4.080121129190708 2.1121973176867215 -2.9181396973723928 -1.5004637325252723 13.026785740916623 19.685729838811543 33.57432514284073 15.65131237088611 18.16432887736576 7.446395857222938 11.822848423950433 -0.9484629552690924 2.0215698114559073 18.6547286595598 6.491373522054185 10.29941926566659 0.6863063032658623 4.30860978868715 20.18683536898637 -2.073891344547256 6.05919769893335 1.6067851743235728 -7.867127075287889 -5.717637779798197 -9.22741575576106 -0.17369672607461695
11.603206412825651 9.497628725430065 0.6157999122307878 4.09087069026862 2.122946878764651 -2.907390136294481 -1.4897141714473427 13.037535301994552 19.696479399889462 33.585074703918636 15.662061931964022 18.175078438443673 7.45714541830085 11.833597985028362 -0.9377133941911628 2.032319372533837 18.665478220637713 6.502123083132097 10.310168826744501 0.6970558643437741 4.319359349765062 20.197584930064288 -2.0631417834693444 6.069947260011261 1.6175347354014846 -7.856377514209977 -5.706888218720286 -9.216666194683148 -0.16294716499670514
11.663326653306612 9.508326347099985 0.6264975339007073 4.101568311938557 2.1336445004345705 -2.8966925146245437 -1.4790165497774233 13.048232923664472 19.707177021559392 33.59577232558856 15.672759553633941 18.185776060113593 7.467843039970787 11.844295606698282 -0.9270157725212433 2.0430169942037564 18.67617584230765 6.512820704802034 10.320866448414439 0.7077534860136936 4.330056971434981 20.208282551734218 -2.052444161799425 6.080644881681199 1.6282323570714041 -7.84567989254004 -5.696190597050348 -9.205968573013228 -0.15224954332676788
11.723446893787575 9.51897255134325 0.6371437381439726 4.112214516181805 2.144290704677836 -2.886046310381296 -1.468370345534158 13.058879127907737 19.717823225802647 33.60641852983183 15.683405757877207 18.19642226435686 7.4784892442140345 11.854941810941547 -0.916369568277978 2.0536631984470217 18.686822046550898 6.523466909045282 10.331512652657704 0.7183996902569589 4.340703175678247 20.218928755977473 -2.0417979575561596 6.091291085924464 1.6388785613146695 -7.835033688296792 -5.685544392807101 -9.195322368769963 -0.1416033390835203
11.783567134268537 9.529567863818968 0.6477390506196912 4.122809828657523 2.1548860171535544 -2.8754509979055776 -1.4577750330584394 13.069474440383456 19.72841853827837 33.617013842307536 15.694001070352925 18.207017576832577 7.489084556689753 11.865537123417266 -0.9057742558022595 2.0642585109227403 18.697417359026616 6.534062221521 10.342107965133422 0.7289950027326775 4.351298488153965 20.229524068453195 -2.031202645080441 6.1018863984001825 1.649473873790388 -7.824438375821074 -5.674949080331382 -9.184727056294244 -0.13100802660780175
11.843687374749498 9.540112799357772 0.6582839861584766 4.133354764196326 2.16543095269234 -2.8649060623667744 -1.447230097519654 13.080019375922241 19.73896347381716 33.62755877784634 15.704546005891729 18.217562512371362 7.499629492228556 11.876082058956051 -0.895229320263474 2.0748034464615257 18.70796229456542 6.5446071570598034 10.352652900672208 0.7395399382714807 4.361843423692768 20.240069003991987 -2.020657709541638 6.112431333938968 1.6600188093291912 -7.81389344028227 -5.664404144792579 -9.174182120755441 -0.12046309106899855
11.90380761523046 9.550607867646868 0.6687790544475725 4.143849832485422 2.1759260209814357 -2.8544109940776785 -1.436735029230558 13.090514444211355 19.749458542106257 33.63805384613544 15.715041074180824 18.228057580660476 7.510124560517652 11.886577127245147 -0.8847342519743604 2.0852985147506216 18.718457362854515 6.555102225348899 10.363147968961304 0.7500350065605765 4.372338491981864 20.250564072281083 -2.010162641252542 6.122926402228064 1.670513877618287 -7.8033983719931745 -5.653909076503483 -9.163687052466345 -0.1099680227799027
11.963927855711422 9.56105356247269 0.6792247492734127 4.1542955273112625 2.186371715807276 -2.843965299251856 -1.4262893344047178 13.100960139037177 19.759904236932098 33.64849954096127 15.725486769006647 18.2385032754863 7.520570255343475 11.897022822070987 -0.8742885571485379 2.095744209576462 18.728903057680338 6.5655479201747395 10.373593663787144 0.760480701386399 4.382784186807687 20.261009767106913 -1.9997169464267195 6.133372097053904 1.6809595724441095 -7.792952677167334 -5.643463381677643 -9.153241357640523 -0.09952232795408023
12.024048096192384 9.571450385167193 0.6896215719679155 4.164692350005748 2.196768538501761 -2.833568476557353 -1.415892511710215 13.11135696173168 19.77030105962659 33.658896363655764 15.73588359170115 18.2489000981808 7.530967078037977 11.907419644765472 -0.8638917344540351 2.106141032270947 18.73929988037484 6.575944742869225 10.383990486481629 0.7708775240809018 4.3931810095021895 20.271406589801416 -1.9893201237322167 6.143768919748389 1.6913563951386124 -7.782555854472849 -5.633066558983158 -9.14284453494602 -0.08912550525957741
12.084168336673347 9.581798824490892 0.6999700112916152 4.175040789329447 2.2071169778254607 -2.8232200372336536 -1.4055440723865154 13.12170540105538 19.78064949895029 33.66924480297946 15.74623203102485 18.2592485375045 7.541315517361677 11.917768084089172 -0.8535432951303354 2.1164894715946465 18.74964831969854 6.586293182192924 10.394338925805329 0.7812259634046015 4.403529448825889 20.281755029125115 -1.978971684408517 6.154117359072089 1.701704834462312 -7.77220741514915 -5.622718119659458 -9.13249609562232 -0.07877706593587774
12.144288577154308 9.592099363537194 0.710270550337917 4.185341328375749 2.2174175168717802 -2.8129194981873518 -1.3952435333402136 13.132005940101681 19.790950037996595 33.679545342025776 15.756532570071151 18.269549076550803 7.551616056407979 11.928068623135491 -0.8432427560840337 2.126790010640966 18.759948858744842 6.596593721239226 10.404639464851648 0.7915265024509033 4.413829987872191 20.29205556817142 -1.9686711453622152 6.164417898118408 1.7120053735086138 -7.761906876102848 -5.612417580613156 -9.122195556576019 -0.06847652688957595
12.20440881763527 9.602352475253255 0.7205236620539779 4.195594440091828 2.227670628587841 -2.802666386471291 -1.3849904216241526 13.142259051817742 19.801203149712663 33.68979845374184 15.766785681787212 18.279802188266864 7.56186916812404 11.938321734851552 -0.8329896443679727 2.137043122357027 18.77020197046092 6.606846832955305 10.41489257656771 0.8017796141669642 4.424083099588252 20.30230867988749 -1.9584180336461543 6.174671009834469 1.7222584852246747 -7.751653764386769 -5.602164468897078 -9.111942444859958 -0.058223415173515036
