web/models/linear/45/-16_041_0_041.dat
# %ECSV 1.0
# ---
# datatype:
# - {name: time, datatype: float64}
# - {name: sdss_u, datatype: float64}
# - {name: sdss_g, datatype: float64}
# - {name: sdss_r, datatype: float64}
# - {name: sdss_i, datatype: float64}
# - {name: sdss_z, datatype: float64}
# - {name: Clear, datatype: float64}
# - {name: johnson_B, datatype: float64}
# - {name: johnson_V, datatype: float64}
# - {name: johnson_R, datatype: float64}
# - {name: johnson_I, datatype: float64}
# - {name: ukirt_J, datatype: float64}
# - {name: ukirt_H, datatype: float64}
# - {name: ukirt_K, datatype: float64}
# meta: !!omap
# - comment: [M=-16.040816326530614, dM=0.04138386210422373]
# schema: astropy-2.0
time sdss_u sdss_g sdss_r sdss_i sdss_z Clear johnson_B johnson_V johnson_R johnson_I ukirt_J ukirt_H ukirt_K
[from data line 175]
13.190954773869345 -15.494923673145752 -15.494923673145752 -15.494923673145752 -15.494923673145752 -15.494923673145752 -15.494923673145752 -15.494923673145752 -15.494923673145752 -15.494923673145752 -15.494923673145752 -15.494923673145752 -15.494923673145752 -15.494923673145752
13.266331658291456 -15.491804286554983 -15.491804286554983 -15.491804286554983 -15.491804286554983 -15.491804286554983 -15.491804286554983 -15.491804286554983 -15.491804286554983 -15.491804286554983 -15.491804286554983 -15.491804286554983 -15.491804286554983 -15.491804286554983
13.341708542713567 -15.488684899964213 -15.488684899964213 -15.488684899964213 -15.488684899964213 -15.488684899964213 -15.488684899964213 -15.488684899964213 -15.488684899964213 -15.488684899964213 -15.488684899964213 -15.488684899964213 -15.488684899964213 -15.488684899964213
13.417085427135678 -15.485565513373441 -15.485565513373441 -15.485565513373441 -15.485565513373441 -15.485565513373441 -15.485565513373441 -15.485565513373441 -15.485565513373441 -15.485565513373441 -15.485565513373441 -15.485565513373441 -15.485565513373441 -15.485565513373441
13.492462311557787 -15.482446126782671 -15.482446126782671 -15.482446126782671 -15.482446126782671 -15.482446126782671 -15.482446126782671 -15.482446126782671 -15.482446126782671 -15.482446126782671 -15.482446126782671 -15.482446126782671 -15.482446126782671 -15.482446126782671
13.567839195979898 -15.4793267401919 -15.4793267401919 -15.4793267401919 -15.4793267401919 -15.4793267401919 -15.4793267401919 -15.4793267401919 -15.4793267401919 -15.4793267401919 -15.4793267401919 -15.4793267401919 -15.4793267401919 -15.4793267401919
13.64321608040201 -15.47620735360113 -15.47620735360113 -15.47620735360113 -15.47620735360113 -15.47620735360113 -15.47620735360113 -15.47620735360113 -15.47620735360113 -15.47620735360113 -15.47620735360113 -15.47620735360113 -15.47620735360113 -15.47620735360113
13.718592964824118 -15.47308796701036 -15.47308796701036 -15.47308796701036 -15.47308796701036 -15.47308796701036 -15.47308796701036 -15.47308796701036 -15.47308796701036 -15.47308796701036 -15.47308796701036 -15.47308796701036 -15.47308796701036 -15.47308796701036
13.79396984924623 -15.469968580419588 -15.469968580419588 -15.469968580419588 -15.469968580419588 -15.469968580419588 -15.469968580419588 -15.469968580419588 -15.469968580419588 -15.469968580419588 -15.469968580419588 -15.469968580419588 -15.469968580419588 -15.469968580419588
13.86934673366834 -15.466849193828818 -15.466849193828818 -15.466849193828818 -15.466849193828818 -15.466849193828818 -15.466849193828818 -15.466849193828818 -15.466849193828818 -15.466849193828818 -15.466849193828818 -15.466849193828818 -15.466849193828818 -15.466849193828818
13.944723618090451 -15.463729807238046 -15.463729807238046 -15.463729807238046 -15.463729807238046 -15.463729807238046 -15.463729807238046 -15.463729807238046 -15.463729807238046 -15.463729807238046 -15.463729807238046 -15.463729807238046 -15.463729807238046 -15.463729807238046
14.020100502512562 -15.460610420647276 -15.460610420647276 -15.460610420647276 -15.460610420647276 -15.460610420647276 -15.460610420647276 -15.460610420647276 -15.460610420647276 -15.460610420647276 -15.460610420647276 -15.460610420647276 -15.460610420647276 -15.460610420647276
14.095477386934672 -15.457491034056506 -15.457491034056506 -15.457491034056506 -15.457491034056506 -15.457491034056506 -15.457491034056506 -15.457491034056506 -15.457491034056506 -15.457491034056506 -15.457491034056506 -15.457491034056506 -15.457491034056506 -15.457491034056506
14.170854271356783 -15.454371647465734 -15.454371647465734 -15.454371647465734 -15.454371647465734 -15.454371647465734 -15.454371647465734 -15.454371647465734 -15.454371647465734 -15.454371647465734 -15.454371647465734 -15.454371647465734 -15.454371647465734 -15.454371647465734
14.246231155778894 -15.451252260874965 -15.451252260874965 -15.451252260874965 -15.451252260874965 -15.451252260874965 -15.451252260874965 -15.451252260874965 -15.451252260874965 -15.451252260874965 -15.451252260874965 -15.451252260874965 -15.451252260874965 -15.451252260874965
14.321608040201003 -15.448132874284193 -15.448132874284193 -15.448132874284193 -15.448132874284193 -15.448132874284193 -15.448132874284193 -15.448132874284193 -15.448132874284193 -15.448132874284193 -15.448132874284193 -15.448132874284193 -15.448132874284193 -15.448132874284193
14.396984924623114 -15.445013487693423 -15.445013487693423 -15.445013487693423 -15.445013487693423 -15.445013487693423 -15.445013487693423 -15.445013487693423 -15.445013487693423 -15.445013487693423 -15.445013487693423 -15.445013487693423 -15.445013487693423 -15.445013487693423
14.472361809045225 -15.441894101102653 -15.441894101102653 -15.441894101102653 -15.441894101102653 -15.441894101102653 -15.441894101102653 -15.441894101102653 -15.441894101102653 -15.441894101102653 -15.441894101102653 -15.441894101102653 -15.441894101102653 -15.441894101102653
14.547738693467336 -15.438774714511881 -15.438774714511881 -15.438774714511881 -15.438774714511881 -15.438774714511881 -15.438774714511881 -15.438774714511881 -15.438774714511881 -15.438774714511881 -15.438774714511881 -15.438774714511881 -15.438774714511881 -15.438774714511881
14.623115577889447 -15.435655327921111 -15.435655327921111 -15.435655327921111 -15.435655327921111 -15.435655327921111 -15.435655327921111 -15.435655327921111 -15.435655327921111 -15.435655327921111 -15.435655327921111 -15.435655327921111 -15.435655327921111 -15.435655327921111
14.698492462311556 -15.43253594133034 -15.43253594133034 -15.43253594133034 -15.43253594133034 -15.43253594133034 -15.43253594133034 -15.43253594133034 -15.43253594133034 -15.43253594133034 -15.43253594133034 -15.43253594133034 -15.43253594133034 -15.43253594133034
14.773869346733667 -15.42941655473957 -15.42941655473957 -15.42941655473957 -15.42941655473957 -15.42941655473957 -15.42941655473957 -15.42941655473957 -15.42941655473957 -15.42941655473957 -15.42941655473957 -15.42941655473957 -15.42941655473957 -15.42941655473957
14.849246231155778 -15.4262971681488 -15.4262971681488 -15.4262971681488 -15.4262971681488 -15.4262971681488 -15.4262971681488 -15.4262971681488 -15.4262971681488 -15.4262971681488 -15.4262971681488 -15.4262971681488 -15.4262971681488 -15.4262971681488
14.924623115577887 -15.423177781558028 -15.423177781558028 -15.423177781558028 -15.423177781558028 -15.423177781558028 -15.423177781558028 -15.423177781558028 -15.423177781558028 -15.423177781558028 -15.423177781558028 -15.423177781558028 -15.423177781558028 -15.423177781558028
15.0 -15.420058394967258 -15.420058394967258 -15.420058394967258 -15.420058394967258 -15.420058394967258 -15.420058394967258 -15.420058394967258 -15.420058394967258 -15.420058394967258 -15.420058394967258 -15.420058394967258 -15.420058394967258 -15.420058394967258
