web/models/linear/45/-16_041_0_030.dat
# %ECSV 1.0
# ---
# datatype:
# - {name: time, datatype: float64}
# - {name: swift_uvot_uvw2, datatype: float64}
# - {name: swift_uvot_uvm2, datatype: float64}
# - {name: swift_uvot_uvw1, datatype: float64}
# - {name: swift_uvot_U, datatype: float64}
# - {name: swift_uvot_B, datatype: float64}
# - {name: swift_uvot_V, datatype: float64}
# - {name: swift_uvot_W, datatype: float64}
# - {name: johnson_U, datatype: float64}
# - {name: johnson_B, datatype: float64}
# - {name: johnson_V, datatype: float64}
# - {name: johnson_R, datatype: float64}
# - {name: johnson_I, datatype: float64}
# - {name: sdss_u, datatype: float64}
# - {name: sdss_g, datatype: float64}
# - {name: sdss_r, datatype: float64}
# - {name: sdss_i, datatype: float64}
# - {name: sdss_z, datatype: float64}
# - {name: PS1_g, datatype: float64}
# - {name: PS1_r, datatype: float64}
# - {name: PS1_i, datatype: float64}
# - {name: PS1_z, datatype: float64}
# - {name: PS1_Y, datatype: float64}
# - {name: PS1_w, datatype: float64}
# - {name: ATLAS_c, datatype: float64}
# - {name: ATLAS_o, datatype: float64}
# - {name: ukirt_J, datatype: float64}
# - {name: ukirt_H, datatype: float64}
# - {name: ukirt_K, datatype: float64}
# - {name: Clear, datatype: float64}
# meta: !!omap
# - comment: [M=-16.040816326530614, dM=0.030345556064724315]
# schema: astropy-2.0
time swift_uvot_uvw2 swift_uvot_uvm2 swift_uvot_uvw1 swift_uvot_U swift_uvot_B swift_uvot_V swift_uvot_W johnson_U johnson_B johnson_V johnson_R johnson_I sdss_u sdss_g sdss_r sdss_i sdss_z PS1_g PS1_r PS1_i PS1_z PS1_Y PS1_w ATLAS_c ATLAS_o ukirt_J ukirt_H ukirt_K Clear
[from data line 55]
4.14572864321608 -15.915011885558767 -15.915011885558767 -15.915011885558767 -15.915011885558767 -15.915011885558767 -15.915011885558767 -15.915011885558767 -15.915011885558767 -15.915011885558767 -15.915011885558767 -15.915011885558767 -15.915011885558767 -15.915011885558767 -15.915011885558767 -15.915011885558767 -15.915011885558767 -15.915011885558767 -15.915011885558767 -15.915011885558767 -15.915011885558767 -15.915011885558767 -15.915011885558767 -15.915011885558767 -15.915011885558767 -15.915011885558767 -15.915011885558767 -15.915011885558767 -15.915011885558767 -15.915011885558767
4.221105527638191 -15.912724532086552 -15.912724532086552 -15.912724532086552 -15.912724532086552 -15.912724532086552 -15.912724532086552 -15.912724532086552 -15.912724532086552 -15.912724532086552 -15.912724532086552 -15.912724532086552 -15.912724532086552 -15.912724532086552 -15.912724532086552 -15.912724532086552 -15.912724532086552 -15.912724532086552 -15.912724532086552 -15.912724532086552 -15.912724532086552 -15.912724532086552 -15.912724532086552 -15.912724532086552 -15.912724532086552 -15.912724532086552 -15.912724532086552 -15.912724532086552 -15.912724532086552 -15.912724532086552
4.296482412060302 -15.910437178614336 -15.910437178614336 -15.910437178614336 -15.910437178614336 -15.910437178614336 -15.910437178614336 -15.910437178614336 -15.910437178614336 -15.910437178614336 -15.910437178614336 -15.910437178614336 -15.910437178614336 -15.910437178614336 -15.910437178614336 -15.910437178614336 -15.910437178614336 -15.910437178614336 -15.910437178614336 -15.910437178614336 -15.910437178614336 -15.910437178614336 -15.910437178614336 -15.910437178614336 -15.910437178614336 -15.910437178614336 -15.910437178614336 -15.910437178614336 -15.910437178614336 -15.910437178614336
4.371859296482412 -15.90814982514212 -15.90814982514212 -15.90814982514212 -15.90814982514212 -15.90814982514212 -15.90814982514212 -15.90814982514212 -15.90814982514212 -15.90814982514212 -15.90814982514212 -15.90814982514212 -15.90814982514212 -15.90814982514212 -15.90814982514212 -15.90814982514212 -15.90814982514212 -15.90814982514212 -15.90814982514212 -15.90814982514212 -15.90814982514212 -15.90814982514212 -15.90814982514212 -15.90814982514212 -15.90814982514212 -15.90814982514212 -15.90814982514212 -15.90814982514212 -15.90814982514212 -15.90814982514212
4.447236180904522 -15.905862471669906 -15.905862471669906 -15.905862471669906 -15.905862471669906 -15.905862471669906 -15.905862471669906 -15.905862471669906 -15.905862471669906 -15.905862471669906 -15.905862471669906 -15.905862471669906 -15.905862471669906 -15.905862471669906 -15.905862471669906 -15.905862471669906 -15.905862471669906 -15.905862471669906 -15.905862471669906 -15.905862471669906 -15.905862471669906 -15.905862471669906 -15.905862471669906 -15.905862471669906 -15.905862471669906 -15.905862471669906 -15.905862471669906 -15.905862471669906 -15.905862471669906 -15.905862471669906
4.522613065326633 -15.90357511819769 -15.90357511819769 -15.90357511819769 -15.90357511819769 -15.90357511819769 -15.90357511819769 -15.90357511819769 -15.90357511819769 -15.90357511819769 -15.90357511819769 -15.90357511819769 -15.90357511819769 -15.90357511819769 -15.90357511819769 -15.90357511819769 -15.90357511819769 -15.90357511819769 -15.90357511819769 -15.90357511819769 -15.90357511819769 -15.90357511819769 -15.90357511819769 -15.90357511819769 -15.90357511819769 -15.90357511819769 -15.90357511819769 -15.90357511819769 -15.90357511819769 -15.90357511819769
4.597989949748744 -15.901287764725474 -15.901287764725474 -15.901287764725474 -15.901287764725474 -15.901287764725474 -15.901287764725474 -15.901287764725474 -15.901287764725474 -15.901287764725474 -15.901287764725474 -15.901287764725474 -15.901287764725474 -15.901287764725474 -15.901287764725474 -15.901287764725474 -15.901287764725474 -15.901287764725474 -15.901287764725474 -15.901287764725474 -15.901287764725474 -15.901287764725474 -15.901287764725474 -15.901287764725474 -15.901287764725474 -15.901287764725474 -15.901287764725474 -15.901287764725474 -15.901287764725474 -15.901287764725474
4.673366834170854 -15.899000411253258 -15.899000411253258 -15.899000411253258 -15.899000411253258 -15.899000411253258 -15.899000411253258 -15.899000411253258 -15.899000411253258 -15.899000411253258 -15.899000411253258 -15.899000411253258 -15.899000411253258 -15.899000411253258 -15.899000411253258 -15.899000411253258 -15.899000411253258 -15.899000411253258 -15.899000411253258 -15.899000411253258 -15.899000411253258 -15.899000411253258 -15.899000411253258 -15.899000411253258 -15.899000411253258 -15.899000411253258 -15.899000411253258 -15.899000411253258 -15.899000411253258 -15.899000411253258
4.748743718592964 -15.896713057781044 -15.896713057781044 -15.896713057781044 -15.896713057781044 -15.896713057781044 -15.896713057781044 -15.896713057781044 -15.896713057781044 -15.896713057781044 -15.896713057781044 -15.896713057781044 -15.896713057781044 -15.896713057781044 -15.896713057781044 -15.896713057781044 -15.896713057781044 -15.896713057781044 -15.896713057781044 -15.896713057781044 -15.896713057781044 -15.896713057781044 -15.896713057781044 -15.896713057781044 -15.896713057781044 -15.896713057781044 -15.896713057781044 -15.896713057781044 -15.896713057781044 -15.896713057781044
4.824120603015075 -15.894425704308828 -15.894425704308828 -15.894425704308828 -15.894425704308828 -15.894425704308828 -15.894425704308828 -15.894425704308828 -15.894425704308828 -15.894425704308828 -15.894425704308828 -15.894425704308828 -15.894425704308828 -15.894425704308828 -15.894425704308828 -15.894425704308828 -15.894425704308828 -15.894425704308828 -15.894425704308828 -15.894425704308828 -15.894425704308828 -15.894425704308828 -15.894425704308828 -15.894425704308828 -15.894425704308828 -15.894425704308828 -15.894425704308828 -15.894425704308828 -15.894425704308828 -15.894425704308828
4.899497487437186 -15.892138350836612 -15.892138350836612 -15.892138350836612 -15.892138350836612 -15.892138350836612 -15.892138350836612 -15.892138350836612 -15.892138350836612 -15.892138350836612 -15.892138350836612 -15.892138350836612 -15.892138350836612 -15.892138350836612 -15.892138350836612 -15.892138350836612 -15.892138350836612 -15.892138350836612 -15.892138350836612 -15.892138350836612 -15.892138350836612 -15.892138350836612 -15.892138350836612 -15.892138350836612 -15.892138350836612 -15.892138350836612 -15.892138350836612 -15.892138350836612 -15.892138350836612 -15.892138350836612
4.974874371859296 -15.889850997364396 -15.889850997364396 -15.889850997364396 -15.889850997364396 -15.889850997364396 -15.889850997364396 -15.889850997364396 -15.889850997364396 -15.889850997364396 -15.889850997364396 -15.889850997364396 -15.889850997364396 -15.889850997364396 -15.889850997364396 -15.889850997364396 -15.889850997364396 -15.889850997364396 -15.889850997364396 -15.889850997364396 -15.889850997364396 -15.889850997364396 -15.889850997364396 -15.889850997364396 -15.889850997364396 -15.889850997364396 -15.889850997364396 -15.889850997364396 -15.889850997364396 -15.889850997364396
5.050251256281406 -15.887563643892182 -15.887563643892182 -15.887563643892182 -15.887563643892182 -15.887563643892182 -15.887563643892182 -15.887563643892182 -15.887563643892182 -15.887563643892182 -15.887563643892182 -15.887563643892182 -15.887563643892182 -15.887563643892182 -15.887563643892182 -15.887563643892182 -15.887563643892182 -15.887563643892182 -15.887563643892182 -15.887563643892182 -15.887563643892182 -15.887563643892182 -15.887563643892182 -15.887563643892182 -15.887563643892182 -15.887563643892182 -15.887563643892182 -15.887563643892182 -15.887563643892182 -15.887563643892182
5.125628140703517 -15.885276290419966 -15.885276290419966 -15.885276290419966 -15.885276290419966 -15.885276290419966 -15.885276290419966 -15.885276290419966 -15.885276290419966 -15.885276290419966 -15.885276290419966 -15.885276290419966 -15.885276290419966 -15.885276290419966 -15.885276290419966 -15.885276290419966 -15.885276290419966 -15.885276290419966 -15.885276290419966 -15.885276290419966 -15.885276290419966 -15.885276290419966 -15.885276290419966 -15.885276290419966 -15.885276290419966 -15.885276290419966 -15.885276290419966 -15.885276290419966 -15.885276290419966 -15.885276290419966
5.201005025125628 -15.88298893694775 -15.88298893694775 -15.88298893694775 -15.88298893694775 -15.88298893694775 -15.88298893694775 -15.88298893694775 -15.88298893694775 -15.88298893694775 -15.88298893694775 -15.88298893694775 -15.88298893694775 -15.88298893694775 -15.88298893694775 -15.88298893694775 -15.88298893694775 -15.88298893694775 -15.88298893694775 -15.88298893694775 -15.88298893694775 -15.88298893694775 -15.88298893694775 -15.88298893694775 -15.88298893694775 -15.88298893694775 -15.88298893694775 -15.88298893694775 -15.88298893694775 -15.88298893694775
5.276381909547738 -15.880701583475535 -15.880701583475535 -15.880701583475535 -15.880701583475535 -15.880701583475535 -15.880701583475535 -15.880701583475535 -15.880701583475535 -15.880701583475535 -15.880701583475535 -15.880701583475535 -15.880701583475535 -15.880701583475535 -15.880701583475535 -15.880701583475535 -15.880701583475535 -15.880701583475535 -15.880701583475535 -15.880701583475535 -15.880701583475535 -15.880701583475535 -15.880701583475535 -15.880701583475535 -15.880701583475535 -15.880701583475535 -15.880701583475535 -15.880701583475535 -15.880701583475535 -15.880701583475535
5.351758793969848 -15.87841423000332 -15.87841423000332 -15.87841423000332 -15.87841423000332 -15.87841423000332 -15.87841423000332 -15.87841423000332 -15.87841423000332 -15.87841423000332 -15.87841423000332 -15.87841423000332 -15.87841423000332 -15.87841423000332 -15.87841423000332 -15.87841423000332 -15.87841423000332 -15.87841423000332 -15.87841423000332 -15.87841423000332 -15.87841423000332 -15.87841423000332 -15.87841423000332 -15.87841423000332 -15.87841423000332 -15.87841423000332 -15.87841423000332 -15.87841423000332 -15.87841423000332 -15.87841423000332
5.427135678391959 -15.876126876531105 -15.876126876531105 -15.876126876531105 -15.876126876531105 -15.876126876531105 -15.876126876531105 -15.876126876531105 -15.876126876531105 -15.876126876531105 -15.876126876531105 -15.876126876531105 -15.876126876531105 -15.876126876531105 -15.876126876531105 -15.876126876531105 -15.876126876531105 -15.876126876531105 -15.876126876531105 -15.876126876531105 -15.876126876531105 -15.876126876531105 -15.876126876531105 -15.876126876531105 -15.876126876531105 -15.876126876531105 -15.876126876531105 -15.876126876531105 -15.876126876531105 -15.876126876531105
5.50251256281407 -15.873839523058889 -15.873839523058889 -15.873839523058889 -15.873839523058889 -15.873839523058889 -15.873839523058889 -15.873839523058889 -15.873839523058889 -15.873839523058889 -15.873839523058889 -15.873839523058889 -15.873839523058889 -15.873839523058889 -15.873839523058889 -15.873839523058889 -15.873839523058889 -15.873839523058889 -15.873839523058889 -15.873839523058889 -15.873839523058889 -15.873839523058889 -15.873839523058889 -15.873839523058889 -15.873839523058889 -15.873839523058889 -15.873839523058889 -15.873839523058889 -15.873839523058889 -15.873839523058889
5.57788944723618 -15.871552169586675 -15.871552169586675 -15.871552169586675 -15.871552169586675 -15.871552169586675 -15.871552169586675 -15.871552169586675 -15.871552169586675 -15.871552169586675 -15.871552169586675 -15.871552169586675 -15.871552169586675 -15.871552169586675 -15.871552169586675 -15.871552169586675 -15.871552169586675 -15.871552169586675 -15.871552169586675 -15.871552169586675 -15.871552169586675 -15.871552169586675 -15.871552169586675 -15.871552169586675 -15.871552169586675 -15.871552169586675 -15.871552169586675 -15.871552169586675 -15.871552169586675 -15.871552169586675
5.6532663316582905 -15.869264816114459 -15.869264816114459 -15.869264816114459 -15.869264816114459 -15.869264816114459 -15.869264816114459 -15.869264816114459 -15.869264816114459 -15.869264816114459 -15.869264816114459 -15.869264816114459 -15.869264816114459 -15.869264816114459 -15.869264816114459 -15.869264816114459 -15.869264816114459 -15.869264816114459 -15.869264816114459 -15.869264816114459 -15.869264816114459 -15.869264816114459 -15.869264816114459 -15.869264816114459 -15.869264816114459 -15.869264816114459 -15.869264816114459 -15.869264816114459 -15.869264816114459 -15.869264816114459
5.7286432160804015 -15.866977462642243 -15.866977462642243 -15.866977462642243 -15.866977462642243 -15.866977462642243 -15.866977462642243 -15.866977462642243 -15.866977462642243 -15.866977462642243 -15.866977462642243 -15.866977462642243 -15.866977462642243 -15.866977462642243 -15.866977462642243 -15.866977462642243 -15.866977462642243 -15.866977462642243 -15.866977462642243 -15.866977462642243 -15.866977462642243 -15.866977462642243 -15.866977462642243 -15.866977462642243 -15.866977462642243 -15.866977462642243 -15.866977462642243 -15.866977462642243 -15.866977462642243 -15.866977462642243
5.8040201005025125 -15.864690109170027 -15.864690109170027 -15.864690109170027 -15.864690109170027 -15.864690109170027 -15.864690109170027 -15.864690109170027 -15.864690109170027 -15.864690109170027 -15.864690109170027 -15.864690109170027 -15.864690109170027 -15.864690109170027 -15.864690109170027 -15.864690109170027 -15.864690109170027 -15.864690109170027 -15.864690109170027 -15.864690109170027 -15.864690109170027 -15.864690109170027 -15.864690109170027 -15.864690109170027 -15.864690109170027 -15.864690109170027 -15.864690109170027 -15.864690109170027 -15.864690109170027 -15.864690109170027
5.879396984924623 -15.862402755697813 -15.862402755697813 -15.862402755697813 -15.862402755697813 -15.862402755697813 -15.862402755697813 -15.862402755697813 -15.862402755697813 -15.862402755697813 -15.862402755697813 -15.862402755697813 -15.862402755697813 -15.862402755697813 -15.862402755697813 -15.862402755697813 -15.862402755697813 -15.862402755697813 -15.862402755697813 -15.862402755697813 -15.862402755697813 -15.862402755697813 -15.862402755697813 -15.862402755697813 -15.862402755697813 -15.862402755697813 -15.862402755697813 -15.862402755697813 -15.862402755697813 -15.862402755697813
5.954773869346733 -15.860115402225597 -15.860115402225597 -15.860115402225597 -15.860115402225597 -15.860115402225597 -15.860115402225597 -15.860115402225597 -15.860115402225597 -15.860115402225597 -15.860115402225597 -15.860115402225597 -15.860115402225597 -15.860115402225597 -15.860115402225597 -15.860115402225597 -15.860115402225597 -15.860115402225597 -15.860115402225597 -15.860115402225597 -15.860115402225597 -15.860115402225597 -15.860115402225597 -15.860115402225597 -15.860115402225597 -15.860115402225597 -15.860115402225597 -15.860115402225597 -15.860115402225597 -15.860115402225597
6.030150753768844 -15.857828048753381 -15.857828048753381 -15.857828048753381 -15.857828048753381 -15.857828048753381 -15.857828048753381 -15.857828048753381 -15.857828048753381 -15.857828048753381 -15.857828048753381 -15.857828048753381 -15.857828048753381 -15.857828048753381 -15.857828048753381 -15.857828048753381 -15.857828048753381 -15.857828048753381 -15.857828048753381 -15.857828048753381 -15.857828048753381 -15.857828048753381 -15.857828048753381 -15.857828048753381 -15.857828048753381 -15.857828048753381 -15.857828048753381 -15.857828048753381 -15.857828048753381 -15.857828048753381
