web/models/linear/74/-18_612_0_789.dat
# %ECSV 1.0
# ---
# datatype:
# - {name: time, datatype: float64}
# - {name: sdss_u, datatype: float64}
# - {name: sdss_g, datatype: float64}
# - {name: sdss_r, datatype: float64}
# - {name: sdss_i, datatype: float64}
# - {name: sdss_z, datatype: float64}
# - {name: Clear, datatype: float64}
# - {name: johnson_B, datatype: float64}
# - {name: johnson_V, datatype: float64}
# - {name: johnson_R, datatype: float64}
# - {name: johnson_I, datatype: float64}
# - {name: ukirt_J, datatype: float64}
# - {name: ukirt_H, datatype: float64}
# - {name: ukirt_K, datatype: float64}
# meta: !!omap
# - comment: [M=-18.612244897959183, dM=0.7885372992905649]
# schema: astropy-2.0
time sdss_u sdss_g sdss_r sdss_i sdss_z Clear johnson_B johnson_V johnson_R johnson_I ukirt_J ukirt_H ukirt_K
[from data line 177]
13.341708542713567 -8.091810075765968 -8.091810075765968 -8.091810075765968 -8.091810075765968 -8.091810075765968 -8.091810075765968 -8.091810075765968 -8.091810075765968 -8.091810075765968 -8.091810075765968 -8.091810075765968 -8.091810075765968 -8.091810075765968
13.417085427135678 -8.03237259089482 -8.03237259089482 -8.03237259089482 -8.03237259089482 -8.03237259089482 -8.03237259089482 -8.03237259089482 -8.03237259089482 -8.03237259089482 -8.03237259089482 -8.03237259089482 -8.03237259089482 -8.03237259089482
13.492462311557787 -7.972935106023673 -7.972935106023673 -7.972935106023673 -7.972935106023673 -7.972935106023673 -7.972935106023673 -7.972935106023673 -7.972935106023673 -7.972935106023673 -7.972935106023673 -7.972935106023673 -7.972935106023673 -7.972935106023673
13.567839195979898 -7.9134976211525245 -7.9134976211525245 -7.9134976211525245 -7.9134976211525245 -7.9134976211525245 -7.9134976211525245 -7.9134976211525245 -7.9134976211525245 -7.9134976211525245 -7.9134976211525245 -7.9134976211525245 -7.9134976211525245 -7.9134976211525245
13.64321608040201 -7.854060136281376 -7.854060136281376 -7.854060136281376 -7.854060136281376 -7.854060136281376 -7.854060136281376 -7.854060136281376 -7.854060136281376 -7.854060136281376 -7.854060136281376 -7.854060136281376 -7.854060136281376 -7.854060136281376
13.718592964824118 -7.794622651410229 -7.794622651410229 -7.794622651410229 -7.794622651410229 -7.794622651410229 -7.794622651410229 -7.794622651410229 -7.794622651410229 -7.794622651410229 -7.794622651410229 -7.794622651410229 -7.794622651410229 -7.794622651410229
13.79396984924623 -7.735185166539081 -7.735185166539081 -7.735185166539081 -7.735185166539081 -7.735185166539081 -7.735185166539081 -7.735185166539081 -7.735185166539081 -7.735185166539081 -7.735185166539081 -7.735185166539081 -7.735185166539081 -7.735185166539081
13.86934673366834 -7.675747681667932 -7.675747681667932 -7.675747681667932 -7.675747681667932 -7.675747681667932 -7.675747681667932 -7.675747681667932 -7.675747681667932 -7.675747681667932 -7.675747681667932 -7.675747681667932 -7.675747681667932 -7.675747681667932
13.944723618090451 -7.616310196796784 -7.616310196796784 -7.616310196796784 -7.616310196796784 -7.616310196796784 -7.616310196796784 -7.616310196796784 -7.616310196796784 -7.616310196796784 -7.616310196796784 -7.616310196796784 -7.616310196796784 -7.616310196796784
14.020100502512562 -7.556872711925635 -7.556872711925635 -7.556872711925635 -7.556872711925635 -7.556872711925635 -7.556872711925635 -7.556872711925635 -7.556872711925635 -7.556872711925635 -7.556872711925635 -7.556872711925635 -7.556872711925635 -7.556872711925635
14.095477386934672 -7.497435227054488 -7.497435227054488 -7.497435227054488 -7.497435227054488 -7.497435227054488 -7.497435227054488 -7.497435227054488 -7.497435227054488 -7.497435227054488 -7.497435227054488 -7.497435227054488 -7.497435227054488 -7.497435227054488
14.170854271356783 -7.43799774218334 -7.43799774218334 -7.43799774218334 -7.43799774218334 -7.43799774218334 -7.43799774218334 -7.43799774218334 -7.43799774218334 -7.43799774218334 -7.43799774218334 -7.43799774218334 -7.43799774218334 -7.43799774218334
14.246231155778894 -7.378560257312191 -7.378560257312191 -7.378560257312191 -7.378560257312191 -7.378560257312191 -7.378560257312191 -7.378560257312191 -7.378560257312191 -7.378560257312191 -7.378560257312191 -7.378560257312191 -7.378560257312191 -7.378560257312191
14.321608040201003 -7.319122772441045 -7.319122772441045 -7.319122772441045 -7.319122772441045 -7.319122772441045 -7.319122772441045 -7.319122772441045 -7.319122772441045 -7.319122772441045 -7.319122772441045 -7.319122772441045 -7.319122772441045 -7.319122772441045
14.396984924623114 -7.259685287569896 -7.259685287569896 -7.259685287569896 -7.259685287569896 -7.259685287569896 -7.259685287569896 -7.259685287569896 -7.259685287569896 -7.259685287569896 -7.259685287569896 -7.259685287569896 -7.259685287569896 -7.259685287569896
14.472361809045225 -7.2002478026987475 -7.2002478026987475 -7.2002478026987475 -7.2002478026987475 -7.2002478026987475 -7.2002478026987475 -7.2002478026987475 -7.2002478026987475 -7.2002478026987475 -7.2002478026987475 -7.2002478026987475 -7.2002478026987475 -7.2002478026987475
14.547738693467336 -7.140810317827599 -7.140810317827599 -7.140810317827599 -7.140810317827599 -7.140810317827599 -7.140810317827599 -7.140810317827599 -7.140810317827599 -7.140810317827599 -7.140810317827599 -7.140810317827599 -7.140810317827599 -7.140810317827599
14.623115577889447 -7.0813728329564505 -7.0813728329564505 -7.0813728329564505 -7.0813728329564505 -7.0813728329564505 -7.0813728329564505 -7.0813728329564505 -7.0813728329564505 -7.0813728329564505 -7.0813728329564505 -7.0813728329564505 -7.0813728329564505 -7.0813728329564505
14.698492462311556 -7.021935348085304 -7.021935348085304 -7.021935348085304 -7.021935348085304 -7.021935348085304 -7.021935348085304 -7.021935348085304 -7.021935348085304 -7.021935348085304 -7.021935348085304 -7.021935348085304 -7.021935348085304 -7.021935348085304
14.773869346733667 -6.962497863214155 -6.962497863214155 -6.962497863214155 -6.962497863214155 -6.962497863214155 -6.962497863214155 -6.962497863214155 -6.962497863214155 -6.962497863214155 -6.962497863214155 -6.962497863214155 -6.962497863214155 -6.962497863214155
14.849246231155778 -6.903060378343007 -6.903060378343007 -6.903060378343007 -6.903060378343007 -6.903060378343007 -6.903060378343007 -6.903060378343007 -6.903060378343007 -6.903060378343007 -6.903060378343007 -6.903060378343007 -6.903060378343007 -6.903060378343007
14.924623115577887 -6.843622893471858 -6.843622893471858 -6.843622893471858 -6.843622893471858 -6.843622893471858 -6.843622893471858 -6.843622893471858 -6.843622893471858 -6.843622893471858 -6.843622893471858 -6.843622893471858 -6.843622893471858 -6.843622893471858
15.0 -6.78418540860071 -6.78418540860071 -6.78418540860071 -6.78418540860071 -6.78418540860071 -6.78418540860071 -6.78418540860071 -6.78418540860071 -6.78418540860071 -6.78418540860071 -6.78418540860071 -6.78418540860071 -6.78418540860071
