web/models/kne/26/Metzger_0.002920_0.030000_0.100000.dat
# %ECSV 0.9
# ---
# datatype:
# - {name: time, datatype: float64}
# - {name: sdss_u, datatype: float64}
# - {name: sdss_g, datatype: float64}
# - {name: sdss_r, datatype: float64}
# - {name: sdss_i, datatype: float64}
# - {name: sdss_z, datatype: float64}
# - {name: PS1_y, datatype: float64}
# - {name: ukirt_J, datatype: float64}
# - {name: ukirt_H, datatype: float64}
# - {name: ukirt_K, datatype: float64}
# - {name: johnson_U, datatype: float64}
# - {name: johnson_B, datatype: float64}
# - {name: johnson_V, datatype: float64}
# - {name: johnson_R, datatype: float64}
# - {name: johnson_I, datatype: float64}
# - {name: Clear, datatype: float64}
# meta: !!omap
# - comment: [vej = 0.03, mej = 0.002919709587218229, Ye = 0.1, redshift = 0.0]
# schema: astropy-2.0
time sdss_u sdss_g sdss_r sdss_i sdss_z PS1_y ukirt_J ukirt_H ukirt_K johnson_U johnson_B johnson_V johnson_R johnson_I Clear
[from data line 506]
25.400000 59.579793 38.964068 26.070565 17.967876 13.076939 10.045142 4.000882 -1.196734 -4.449121 57.096860 44.686555 31.463717 24.513705 12.587279 25.558065
25.450000 59.732393 39.076179 26.156969 18.037864 13.136864 10.098748 4.041615 -1.167564 -4.427649 57.244611 44.809965 31.560924 24.596975 12.646188 25.643439
25.500000 59.884950 39.188260 26.243352 18.107836 13.196777 10.152344 4.082342 -1.138395 -4.406176 57.392321 44.933341 31.658106 24.680224 12.705085 25.728791
25.550000 60.037464 39.300312 26.329714 18.177791 13.256677 10.205928 4.123062 -1.109230 -4.384703 57.539990 45.056684 31.755264 24.763453 12.763969 25.814123
25.600000 60.189936 39.412335 26.416055 18.247732 13.316564 10.259503 4.163776 -1.080067 -4.363231 57.687618 45.179994 31.852396 24.846662 12.822842 25.899434
25.650000 60.342365 39.524328 26.502376 18.317656 13.376439 10.313067 4.204484 -1.050906 -4.341758 57.835205 45.303271 31.949505 24.929852 12.881703 25.984724
25.700000 60.494754 39.636293 26.588675 18.387566 13.436302 10.366621 4.245186 -1.021748 -4.320285 57.982753 45.426516 32.046590 25.013021 12.940552 26.069994
25.750000 60.647101 39.748229 26.674954 18.457460 13.496153 10.420165 4.285882 -0.992592 -4.298813 58.130260 45.549730 32.143651 25.096172 12.999389 26.155244
25.800000 60.799407 39.860137 26.761214 18.527339 13.555992 10.473699 4.326572 -0.963438 -4.277340 58.277729 45.672911 32.240688 25.179303 13.058214 26.240475
25.850000 60.951672 39.972017 26.847453 18.597203 13.615820 10.527223 4.367256 -0.934286 -4.255867 58.425158 45.796061 32.337702 25.262415 13.117028 26.325685
25.900000 61.103897 40.083870 26.933672 18.667052 13.675635 10.580738 4.407934 -0.905137 -4.234393 58.572549 45.919179 32.434693 25.345509 13.175831 26.410877
25.950000 61.256083 40.195695 27.019872 18.736887 13.735439 10.634243 4.448607 -0.875990 -4.212920 58.719901 46.042267 32.531661 25.428584 13.234623 26.496048
26.000000 61.408229 40.307492 27.106052 18.806708 13.795232 10.687738 4.489275 -0.846845 -4.191446 58.867215 46.165324 32.628606 25.511640 13.293403 26.581201
26.050000 61.560336 40.419263 27.192213 18.876514 13.855014 10.741224 4.529936 -0.817702 -4.169972 59.014492 46.288351 32.725529 25.594678 13.352173 26.666335
26.100000 61.712403 40.531007 27.278355 18.946305 13.914784 10.794701 4.570593 -0.788560 -4.148497 59.161731 46.411347 32.822429 25.677698 13.410931 26.751450
26.150000 61.293818 40.227250 27.047503 18.762013 13.759030 10.656869 4.469269 -0.857093 -4.195198 58.756896 46.075547 32.560942 25.455737 13.258058 26.523523
26.200000 61.444717 40.338131 27.132977 18.831261 13.818332 10.709925 4.509601 -0.828188 -4.173902 58.903003 46.197595 32.657092 25.538112 13.316356 26.607977
26.250000 61.595579 40.448987 27.218432 18.900494 13.877622 10.762972 4.549929 -0.799286 -4.152605 59.049074 46.319615 32.753221 25.620469 13.374643 26.692413
26.300000 61.746404 40.559816 27.303868 18.969714 13.936903 10.816010 4.590251 -0.770385 -4.131309 59.195110 46.441606 32.849328 25.702809 13.432920 26.776832
26.350000 61.897192 40.670621 27.389287 19.038921 13.996173 10.869039 4.630568 -0.741485 -4.110011 59.341110 46.563568 32.945415 25.785132 13.491187 26.861232
26.400000 62.047944 40.781400 27.474688 19.108115 14.055432 10.922060 4.670880 -0.712587 -4.088713 59.487074 46.685501 33.041480 25.867438 13.549443 26.945615
26.450000 62.198658 40.892155 27.560071 19.177295 14.114681 10.975073 4.711188 -0.683691 -4.067415 59.633004 46.807407 33.137525 25.949728 13.607690 27.029981
26.500000 62.349337 41.002884 27.645437 19.246463 14.173920 11.028077 4.751491 -0.654797 -4.046116 59.778899 46.929285 33.233549 26.032000 13.665927 27.114329
26.550000 62.499981 41.113590 27.730785 19.315617 14.233149 11.081072 4.791789 -0.625904 -4.024816 59.924760 47.051135 33.329553 26.114256 13.724154 27.198660
26.600000 62.650588 41.224270 27.816116 19.384759 14.292368 11.134060 4.832082 -0.597012 -4.003516 60.070586 47.172957 33.425536 26.196496 13.782371 27.282974
26.650000 62.801161 41.334927 27.901430 19.453889 14.351577 11.187039 4.872370 -0.568122 -3.982215 60.216379 47.294753 33.521500 26.278719 13.840579 27.367272
26.700000 62.951699 41.445560 27.986727 19.523006 14.410777 11.240011 4.912655 -0.539234 -3.960913 60.362138 47.416521 33.617443 26.360926 13.898777 27.451552
26.750000 63.102202 41.556169 28.072007 19.592110 14.469967 11.292974 4.952934 -0.510347 -3.939611 60.507864 47.538263 33.713367 26.443118 13.956966 27.535817
26.800000 63.252671 41.666755 28.157270 19.661202 14.529147 11.345930 4.993209 -0.481461 -3.918308 60.653557 47.659979 33.809272 26.525293 14.015146 27.620065
26.850000 63.403106 41.777317 28.242517 19.730282 14.588318 11.398877 5.033480 -0.452576 -3.897004 60.799217 47.781668 33.905157 26.607453 14.073316 27.704296
26.900000 63.553507 41.887857 28.327748 19.799351 14.647479 11.451817 5.073747 -0.423693 -3.875700 60.944844 47.903331 34.001023 26.689598 14.131477 27.788512
26.950000 63.703875 41.998373 28.412963 19.868407 14.706631 11.504750 5.114009 -0.394811 -3.854395 61.090440 48.024968 34.096870 26.771727 14.189630 27.872712
27.000000 63.854209 42.108867 28.498161 19.937451 14.765774 11.557675 5.154267 -0.365930 -3.833089 61.236004 48.146579 34.192698 26.853841 14.247773 27.956896
27.050000 64.004511 42.219338 28.583344 20.006484 14.824908 11.610592 5.194521 -0.337050 -3.811782 61.381536 48.268165 34.288508 26.935940 14.305908 28.041064
27.100000 63.567826 41.902191 28.342093 19.813702 14.661834 11.466175 5.088109 -0.409326 -3.861330 60.959165 47.917661 34.015363 26.703944 14.145833 27.802857
27.150000 63.716985 42.011818 28.426621 19.882201 14.720509 11.518680 5.128045 -0.380678 -3.840199 61.103590 48.038319 34.110439 26.785411 14.203516 27.886379
27.200000 63.866111 42.121424 28.511134 19.950689 14.779175 11.571178 5.167978 -0.352032 -3.819066 61.247984 48.158953 34.205496 26.866864 14.261190 27.969885
27.250000 64.015206 42.231007 28.595632 20.019167 14.837833 11.623669 5.207907 -0.323386 -3.797933 61.392347 48.279563 34.300535 26.948303 14.318857 28.053376
27.300000 64.164270 42.340570 28.680114 20.087633 14.896482 11.676153 5.247832 -0.294741 -3.776798 61.536681 48.400148 34.395557 27.029727 14.376515 28.136853
27.350000 64.313303 42.450111 28.764582 20.156088 14.955122 11.728630 5.287753 -0.266097 -3.755663 61.680984 48.520710 34.490561 27.111137 14.434165 28.220315
27.400000 64.462304 42.559631 28.849035 20.224533 15.013755 11.781100 5.327671 -0.237454 -3.734526 61.825258 48.641247 34.585548 27.192533 14.491807 28.303763
27.450000 64.611276 42.669131 28.933474 20.292967 15.072379 11.833564 5.367585 -0.208812 -3.713389 61.969503 48.761762 34.680518 27.273915 14.549440 28.387196
27.500000 64.760216 42.778609 29.017897 20.361390 15.130995 11.886021 5.407496 -0.180170 -3.692250 62.113718 48.882252 34.775470 27.355284 14.607066 28.470615
27.550000 64.909127 42.888067 29.102307 20.429803 15.189603 11.938471 5.447403 -0.151530 -3.671111 62.257904 49.002720 34.870406 27.436639 14.664684 28.554020
27.600000 65.058008 42.997505 29.186702 20.498205 15.248202 11.990915 5.487306 -0.122890 -3.649970 62.402061 49.123165 34.965324 27.517980 14.722295 28.637411
27.650000 65.206859 43.106923 29.271083 20.566597 15.306794 12.043352 5.527206 -0.094251 -3.628828 62.546190 49.243586 35.060226 27.599308 14.779897 28.720788
27.700000 65.355681 43.216321 29.355450 20.634979 15.365378 12.095784 5.567103 -0.065612 -3.607685 62.690291 49.363986 35.155112 27.680623 14.837492 28.804151
27.750000 65.504473 43.325699 29.439804 20.703351 15.423955 12.148208 5.606996 -0.036974 -3.586541 62.834364 49.484362 35.249981 27.761924 14.895080 28.887500
27.800000 65.653237 43.435057 29.524143 20.771713 15.482523 12.200627 5.646886 -0.008337 -3.565396 62.978408 49.604717 35.344834 27.843213 14.952660 28.970836
27.850000 65.801972 43.544396 29.608469 20.840065 15.541084 12.253039 5.686773 0.020300 -3.544250 63.122426 49.725049 35.439671 27.924489 15.010232 29.054159
27.900000 65.950678 43.653715 29.692781 20.908407 15.599638 12.305445 5.726657 0.048936 -3.523102 63.266415 49.845360 35.534492 28.005751 15.067798 29.137468
27.950000 66.099356 43.763015 29.777080 20.976740 15.658184 12.357846 5.766537 0.077571 -3.501954 63.410378 49.965649 35.629297 28.087001 15.125356 29.220764
28.000000 66.248006 43.872296 29.861365 21.045063 15.716723 12.410240 5.806415 0.106206 -3.480804 63.554313 50.085916 35.724086 28.168239 15.182907 29.304047
28.050000 65.793693 43.542106 29.609982 20.844007 15.546515 12.259404 5.695042 0.030279 -3.533131 63.114864 49.721089 35.439586 27.926466 15.015813 29.055825
28.100000 65.941222 43.650559 29.693625 20.911806 15.604603 12.311393 5.734608 0.058686 -3.512154 63.257714 49.840446 35.533655 28.007083 15.072920 29.138473
28.150000 66.088724 43.758994 29.777256 20.979596 15.662684 12.363377 5.774171 0.087093 -3.491175 63.400537 49.959782 35.627709 28.087689 15.130021 29.221109
28.200000 66.236198 43.867410 29.860874 21.047377 15.720757 12.415355 5.813730 0.115499 -3.470195 63.543334 50.079098 35.721747 28.168283 15.187115 29.303732
28.250000 66.383646 43.975808 29.944479 21.115149 15.778824 12.467327 5.853287 0.143904 -3.449214 63.686106 50.198393 35.815771 28.248864 15.244202 29.386342
28.300000 66.531067 44.084188 30.028071 21.182912 15.836884 12.519294 5.892842 0.172310 -3.428232 63.828851 50.317667 35.909780 28.329434 15.301283 29.468941
28.350000 66.678461 44.192550 30.111652 21.250666 15.894938 12.571255 5.932393 0.200715 -3.407248 63.971572 50.436922 36.003774 28.409992 15.358357 29.551527
28.400000 66.825830 44.300894 30.195219 21.318411 15.952984 12.623211 5.971942 0.229120 -3.386262 64.114267 50.556156 36.097753 28.490539 15.415424 29.634101
28.450000 66.973172 44.409221 30.278775 21.386147 16.011024 12.675162 6.011488 0.257524 -3.365276 64.256938 50.675371 36.191719 28.571074 15.472485 29.716663
28.500000 67.120489 44.517531 30.362319 21.453875 16.069057 12.727107 6.051032 0.285929 -3.344288 64.399583 50.794565 36.285669 28.651597 15.529540 29.799214
28.550000 67.267780 44.625823 30.445850 21.521594 16.127084 12.779047 6.090572 0.314333 -3.323298 64.542204 50.913740 36.379606 28.732109 15.586588 29.881752
28.600000 67.415045 44.734098 30.529370 21.589304 16.185104 12.830982 6.130111 0.342737 -3.302308 64.684800 51.032896 36.473528 28.812610 15.643630 29.964279
28.650000 67.562285 44.842356 30.612878 21.657006 16.243118 12.882912 6.169647 0.371141 -3.281315 64.827372 51.152032 36.567437 28.893100 15.700666 30.046794
28.700000 67.709501 44.950597 30.696374 21.724699 16.301125 12.934837 6.209180 0.399544 -3.260322 64.969920 51.271149 36.661331 28.973579 15.757696 30.129298
28.750000 67.856691 45.058822 30.779859 21.792385 16.359127 12.986756 6.248711 0.427948 -3.239327 65.112444 51.390247 36.755212 29.054046 15.814719 30.211790
28.800000 68.003856 45.167029 30.863332 21.860062 16.417121 13.038671 6.288239 0.456351 -3.218330 65.254945 51.509326 36.849079 29.134503 15.871737 30.294271
28.850000 68.150997 45.275220 30.946793 21.927730 16.475110 13.090581 6.327765 0.484755 -3.197332 65.397421 51.628386 36.942933 29.214949 15.928748 30.376741
28.900000 68.298114 45.383395 31.030244 21.995391 16.533093 13.142485 6.367289 0.513158 -3.176333 65.539875 51.747428 37.036773 29.295384 15.985754 30.459199
28.950000 68.445206 45.491554 31.113683 22.063044 16.591069 13.194385 6.406811 0.541561 -3.155332 65.682305 51.866451 37.130600 29.375809 16.042754 30.541647
29.000000 68.592275 45.599696 31.197111 22.130688 16.649040 13.246281 6.446330 0.569965 -3.134330 65.824712 51.985456 37.224413 29.456223 16.099748 30.624084
29.050000 68.119690 45.255985 30.935222 21.921053 16.471433 13.088788 6.329811 0.490247 -3.189545 65.367559 51.605782 36.928141 29.204312 15.925374 30.365477
29.100000 68.265657 45.363313 31.018019 21.988184 16.528961 13.140285 6.369023 0.518426 -3.168712 65.508900 51.723893 37.021246 29.284117 15.981932 30.447290
29.150000 68.411601 45.470626 31.100805 22.055306 16.586483 13.191777 6.408234 0.546605 -3.147879 65.650217 51.841986 37.114339 29.363912 16.038485 30.529092
29.200000 68.557521 45.577923 31.183580 22.122421 16.643999 13.243265 6.447442 0.574783 -3.127043 65.791512 51.960061 37.207419 29.443697 16.095032 30.610883
29.250000 68.703419 45.685205 31.266344 22.189528 16.701509 13.294749 6.486648 0.602962 -3.106206 65.932786 52.078119 37.300486 29.523472 16.151574 30.692665
29.300000 68.849293 45.792472 31.349099 22.256628 16.759014 13.346228 6.525852 0.631141 -3.085368 66.074037 52.196159 37.393541 29.603237 16.208110 30.774436
29.350000 68.995145 45.899724 31.431842 22.323721 16.816513 13.397703 6.565054 0.659320 -3.064528 66.215267 52.314182 37.486583 29.682992 16.264640 30.856196
29.400000 69.140975 46.006960 31.514576 22.390806 16.874007 13.449173 6.604254 0.687500 -3.043686 66.356475 52.432188 37.579613 29.762737 16.321166 30.937947
29.450000 69.286782 46.114181 31.597299 22.457883 16.931495 13.500639 6.643453 0.715679 -3.022843 66.497661 52.550177 37.672631 29.842473 16.377686 31.019687
29.500000 69.432567 46.221388 31.680011 22.524954 16.988978 13.552101 6.682649 0.743859 -3.001998 66.638826 52.668149 37.765637 29.922198 16.434201 31.101418
29.550000 69.578330 46.328579 31.762714 22.592017 17.046455 13.603558 6.721843 0.772039 -2.981152 66.779970 52.786104 37.858630 30.001915 16.490711 31.183138
29.600000 69.724070 46.435756 31.845407 22.659074 17.103927 13.655012 6.761036 0.800219 -2.960304 66.921093 52.904043 37.951612 30.081622 16.547215 31.264849
29.650000 69.869789 46.542919 31.928089 22.726123 17.161394 13.706461 6.800227 0.828399 -2.939454 67.062195 53.021965 38.044581 30.161319 16.603715 31.346549
29.700000 70.015487 46.650067 32.010762 22.793165 17.218856 13.757906 6.839416 0.856579 -2.918603 67.203276 53.139870 38.137539 30.241007 16.660210 31.428241
29.750000 70.161163 46.757201 32.093425 22.860201 17.276312 13.809347 6.878603 0.884760 -2.897750 67.344336 53.257759 38.230485 30.320686 16.716699 31.509922
29.800000 70.306817 46.864320 32.176078 22.927229 17.333764 13.860785 6.917788 0.912941 -2.876896 67.485376 53.375632 38.323420 30.400355 16.773184 31.591594
29.850000 70.452451 46.971425 32.258721 22.994251 17.391210 13.912218 6.956972 0.941123 -2.856040 67.626396 53.493489 38.416343 30.480016 16.829664 31.673256
29.900000 70.598063 47.078516 32.341355 23.061266 17.448652 13.963647 6.996154 0.969304 -2.835182 67.767395 53.611329 38.509254 30.559667 16.886139 31.754909
29.950000 70.743654 47.185594 32.423980 23.128274 17.506088 14.015072 7.035334 0.997486 -2.814323 67.908374 53.729154 38.602154 30.639309 16.942609 31.836552
30.000000 70.889225 47.292657 32.506594 23.195275 17.563519 14.066494 7.074513 1.025668 -2.793462 68.049333 53.846963 38.695042 30.718943 16.999074 31.918187
30.050000 71.034774 47.399706 32.589200 23.262270 17.620946 14.117911 7.113690 1.053851 -2.772600 68.190273 53.964756 38.787920 30.798567 17.055535 31.999812
30.100000 70.543285 47.042004 32.316439 23.043755 17.435681 13.953526 6.991840 0.970207 -2.830807 67.714805 53.569720 38.479465 30.536165 16.873626 31.730458
30.150000 70.687752 47.148253 32.398423 23.110244 17.492671 14.004552 7.030715 0.998168 -2.810112 67.854695 53.686633 38.571645 30.615190 16.929657 31.811469
30.200000 70.832198 47.254488 32.480399 23.176726 17.549656 14.055574 7.069588 1.026129 -2.789416 67.994565 53.803532 38.663815 30.694207 16.985684 31.892471
30.250000 70.976625 47.360711 32.562365 23.243201 17.606637 14.106592 7.108460 1.054091 -2.768718 68.134417 53.920415 38.755974 30.773215 17.041707 31.973464
30.300000 71.121031 47.466920 32.644322 23.309671 17.663614 14.157607 7.147330 1.082054 -2.748018 68.274249 54.037283 38.848123 30.852215 17.097724 32.054449
30.350000 71.265418 47.573115 32.726270 23.376134 17.720585 14.208618 7.186199 1.110017 -2.727316 68.414062 54.154137 38.940261 30.931206 17.153738 32.135425
