web/models/kne/26/Metzger_0.138217_0.046207_0.450000.dat
# %ECSV 0.9
# ---
# datatype:
# - {name: time, datatype: float64}
# - {name: sdss_u, datatype: float64}
# - {name: sdss_g, datatype: float64}
# - {name: sdss_r, datatype: float64}
# - {name: sdss_i, datatype: float64}
# - {name: sdss_z, datatype: float64}
# - {name: PS1_y, datatype: float64}
# - {name: ukirt_J, datatype: float64}
# - {name: ukirt_H, datatype: float64}
# - {name: ukirt_K, datatype: float64}
# - {name: johnson_U, datatype: float64}
# - {name: johnson_B, datatype: float64}
# - {name: johnson_V, datatype: float64}
# - {name: johnson_R, datatype: float64}
# - {name: johnson_I, datatype: float64}
# - {name: Clear, datatype: float64}
# meta: !!omap
# - comment: [vej = 0.046206896551724136, mej = 0.13821730389118514, Ye = 0.45, redshift = 0.0]
# schema: astropy-2.0
time sdss_u sdss_g sdss_r sdss_i sdss_z PS1_y ukirt_J ukirt_H ukirt_K johnson_U johnson_B johnson_V johnson_R johnson_I Clear
[from data line 379]
19.050000 6.206726 -0.830620 -5.103107 -7.700224 -9.216581 -10.129179 -11.856638 -13.178884 -13.857177 5.349813 1.102752 -3.332698 -5.608662 -9.365582 -5.269829
19.100000 6.288068 -0.771742 -5.058491 -7.664716 -9.186656 -10.102760 -11.837354 -13.165981 -13.848455 5.428465 1.167899 -3.282089 -5.565785 -9.336221 -5.225785
19.150000 6.369471 -0.712815 -5.013835 -7.629172 -9.156697 -10.076309 -11.818043 -13.153053 -13.839712 5.507176 1.233098 -3.231436 -5.522868 -9.306826 -5.181701
19.200000 6.450933 -0.653840 -4.969137 -7.593592 -9.126706 -10.049826 -11.798704 -13.140102 -13.830949 5.585945 1.298348 -3.180738 -5.479912 -9.277399 -5.137575
19.250000 6.532454 -0.594818 -4.924399 -7.557977 -9.096681 -10.023313 -11.779338 -13.127128 -13.822165 5.664772 1.363649 -3.129998 -5.436916 -9.247939 -5.093410
19.300000 6.614033 -0.535748 -4.879621 -7.522326 -9.066624 -9.996769 -11.759945 -13.114130 -13.813361 5.743656 1.429000 -3.079214 -5.393880 -9.218447 -5.049206
19.350000 6.695670 -0.476632 -4.834803 -7.486640 -9.036535 -9.970194 -11.740526 -13.101109 -13.804537 5.822596 1.494401 -3.028388 -5.350807 -9.188923 -5.004962
19.400000 6.777364 -0.417470 -4.789947 -7.450919 -9.006414 -9.943589 -11.721079 -13.088066 -13.795693 5.901591 1.559850 -2.977520 -5.307695 -9.159367 -4.960679
19.450000 6.859113 -0.358263 -4.745052 -7.415165 -8.976262 -9.916955 -11.701607 -13.074999 -13.786830 5.980642 1.625348 -2.926611 -5.264546 -9.129780 -4.916359
19.500000 6.940918 -0.299011 -4.700120 -7.379376 -8.946079 -9.890291 -11.682108 -13.061911 -13.777947 6.059746 1.690893 -2.875661 -5.221359 -9.100162 -4.872000
19.550000 6.771507 -0.415859 -4.783594 -7.441538 -8.995177 -9.931187 -11.706305 -13.071169 -13.777404 5.896629 1.559378 -2.973160 -5.300764 -9.147943 -4.954136
19.600000 6.852623 -0.357111 -4.739048 -7.406061 -8.965259 -9.904760 -11.686984 -13.058204 -13.768609 5.975066 1.624367 -2.922646 -5.257949 -9.118586 -4.910160
19.650000 6.933791 -0.298320 -4.694465 -7.370552 -8.935311 -9.878304 -11.667637 -13.045218 -13.759796 6.053555 1.689402 -2.872093 -5.215099 -9.089199 -4.866147
19.700000 7.015011 -0.239488 -4.649847 -7.335011 -8.905334 -9.851820 -11.648266 -13.032210 -13.750963 6.132094 1.754482 -2.821501 -5.172214 -9.059783 -4.822098
19.750000 7.096283 -0.180613 -4.605193 -7.299438 -8.875327 -9.825308 -11.628871 -13.019180 -13.742112 6.210683 1.819607 -2.770871 -5.129294 -9.030338 -4.778014
19.800000 7.177605 -0.121698 -4.560503 -7.263834 -8.845291 -9.798769 -11.609451 -13.006130 -13.733242 6.289322 1.884775 -2.720204 -5.086340 -9.000865 -4.733896
19.850000 7.258977 -0.062742 -4.515779 -7.228199 -8.815227 -9.772203 -11.590007 -12.993058 -13.724354 6.368010 1.949986 -2.669499 -5.043351 -8.971363 -4.689743
19.900000 7.340398 -0.003746 -4.471021 -7.192533 -8.785135 -9.745610 -11.570540 -12.979966 -13.715448 6.446745 2.015240 -2.618758 -5.000329 -8.941833 -4.645556
19.950000 7.421867 0.055289 -4.426229 -7.156838 -8.755014 -9.718991 -11.551048 -12.966853 -13.706524 6.525528 2.080535 -2.567981 -4.957275 -8.912275 -4.601335
20.000000 7.503384 0.114363 -4.381404 -7.121112 -8.724866 -9.692345 -11.531534 -12.953720 -13.697582 6.604357 2.145872 -2.517168 -4.914187 -8.882690 -4.557081
20.050000 7.584948 0.173476 -4.336546 -7.085357 -8.694691 -9.665674 -11.511996 -12.940567 -13.688623 6.683233 2.211250 -2.466320 -4.871067 -8.853079 -4.512795
20.100000 7.666558 0.232626 -4.291656 -7.049574 -8.664489 -9.638977 -11.492436 -12.927393 -13.679646 6.762153 2.276668 -2.415437 -4.827916 -8.823440 -4.468477
20.150000 7.748213 0.291814 -4.246734 -7.013761 -8.634261 -9.612254 -11.472853 -12.914200 -13.670651 6.841118 2.342125 -2.364520 -4.784733 -8.793775 -4.424127
20.200000 7.829913 0.351038 -4.201780 -6.977921 -8.604006 -9.585507 -11.453248 -12.900988 -13.661640 6.920127 2.407621 -2.313570 -4.741520 -8.764084 -4.379745
20.250000 7.911658 0.410298 -4.156795 -6.942052 -8.573725 -9.558735 -11.433621 -12.887756 -13.652611 6.999179 2.473156 -2.262586 -4.698275 -8.734368 -4.335333
20.300000 7.993445 0.469594 -4.111779 -6.906157 -8.543419 -9.531939 -11.413972 -12.874505 -13.643565 7.078273 2.538728 -2.211570 -4.655001 -8.704626 -4.290890
20.350000 8.075275 0.528924 -4.066734 -6.870234 -8.513088 -9.505119 -11.394302 -12.861235 -13.634503 7.157409 2.604337 -2.160521 -4.611698 -8.674859 -4.246417
20.400000 8.157148 0.588290 -4.021658 -6.834284 -8.482731 -9.478275 -11.374610 -12.847946 -13.625424 7.236586 2.669983 -2.109441 -4.568365 -8.645067 -4.201915
20.450000 7.976166 0.462921 -4.111718 -6.901794 -8.536420 -9.523285 -11.401948 -12.859463 -13.626540 7.062263 2.529095 -2.214338 -4.654118 -8.697361 -4.290558
20.500000 8.057323 0.521763 -4.067044 -6.866169 -8.506341 -9.496689 -11.382442 -12.846306 -13.617556 7.140749 2.594164 -2.163711 -4.611173 -8.667842 -4.246453
20.550000 8.138521 0.580638 -4.022342 -6.830518 -8.476238 -9.470069 -11.362916 -12.833130 -13.608556 7.219273 2.659268 -2.113053 -4.568199 -8.638298 -4.202320
20.600000 8.219757 0.639544 -3.977613 -6.794842 -8.446111 -9.443427 -11.343370 -12.819937 -13.599539 7.297835 2.724406 -2.062366 -4.525198 -8.608732 -4.158159
20.650000 8.301031 0.698483 -3.932855 -6.759141 -8.415962 -9.416763 -11.323804 -12.806726 -13.590507 7.376435 2.789578 -2.011649 -4.482171 -8.579143 -4.113970
20.700000 8.382343 0.757452 -3.888071 -6.723416 -8.385789 -9.390078 -11.304218 -12.793497 -13.581460 7.455071 2.854782 -1.960904 -4.439116 -8.549531 -4.069755
20.750000 8.463691 0.816452 -3.843261 -6.687667 -8.355594 -9.363370 -11.284613 -12.780251 -13.572397 7.533743 2.920018 -1.910131 -4.396036 -8.519896 -4.025513
20.800000 8.545076 0.875482 -3.798424 -6.651894 -8.325377 -9.336642 -11.264989 -12.766988 -13.563318 7.612451 2.985286 -1.859330 -4.352930 -8.490240 -3.981246
20.850000 8.626496 0.934542 -3.753561 -6.616098 -8.295137 -9.309892 -11.245345 -12.753707 -13.554225 7.691193 3.050586 -1.808501 -4.309798 -8.460561 -3.936952
20.900000 8.707950 0.993630 -3.708673 -6.580279 -8.264877 -9.283122 -11.225683 -12.740410 -13.545117 7.769969 3.115915 -1.757646 -4.266642 -8.430862 -3.892634
20.950000 8.789439 1.052747 -3.663760 -6.544437 -8.234595 -9.256331 -11.206002 -12.727097 -13.535994 7.848779 3.181275 -1.706764 -4.223461 -8.401141 -3.848291
21.000000 8.870961 1.111892 -3.618823 -6.508572 -8.204292 -9.229520 -11.186303 -12.713767 -13.526856 7.927621 3.246664 -1.655857 -4.180256 -8.371399 -3.803923
21.050000 8.952515 1.171064 -3.573861 -6.472686 -8.173968 -9.202690 -11.166585 -12.700420 -13.517703 8.006495 3.312083 -1.604923 -4.137028 -8.341637 -3.759532
21.100000 9.034102 1.230263 -3.528876 -6.436778 -8.143624 -9.175840 -11.146850 -12.687058 -13.508536 8.085401 3.377529 -1.553965 -4.093776 -8.311855 -3.715117
21.150000 9.115720 1.289488 -3.483868 -6.400849 -8.113260 -9.148970 -11.127098 -12.673680 -13.499355 8.164337 3.443003 -1.502983 -4.050502 -8.282053 -3.670679
21.200000 9.197368 1.348740 -3.438837 -6.364900 -8.082876 -9.122082 -11.107327 -12.660286 -13.490160 8.243304 3.508505 -1.451976 -4.007204 -8.252231 -3.626218
21.250000 9.279047 1.408016 -3.393783 -6.328929 -8.052473 -9.095175 -11.087540 -12.646876 -13.480951 8.322300 3.574033 -1.400945 -3.963885 -8.222390 -3.581735
21.300000 9.360755 1.467318 -3.348707 -6.292939 -8.022051 -9.068250 -11.067736 -12.633451 -13.471728 8.401324 3.639587 -1.349892 -3.920544 -8.192530 -3.537230
21.350000 9.442491 1.526644 -3.303610 -6.256928 -7.991610 -9.041306 -11.047915 -12.620012 -13.462492 8.480377 3.705166 -1.298815 -3.877182 -8.162651 -3.492703
21.400000 9.249099 1.392129 -3.400743 -6.330188 -8.050238 -9.090746 -11.078642 -12.633975 -13.465413 8.294036 3.554222 -1.411657 -3.969757 -8.219802 -3.588337
21.450000 9.330099 1.450914 -3.356062 -6.294514 -8.020085 -9.064059 -11.059016 -12.620673 -13.456277 8.372375 3.619206 -1.361049 -3.926796 -8.190206 -3.544221
21.500000 9.411125 1.509722 -3.311360 -6.258821 -7.989914 -9.037355 -11.039373 -12.607357 -13.447127 8.450740 3.684214 -1.310419 -3.883814 -8.160592 -3.500086
21.550000 9.492176 1.568553 -3.266639 -6.223110 -7.959725 -9.010635 -11.019715 -12.594026 -13.437965 8.529131 3.749245 -1.259769 -3.840813 -8.130961 -3.455930
21.600000 9.573254 1.627404 -3.221898 -6.187380 -7.929519 -8.983897 -11.000041 -12.580681 -13.428789 8.607547 3.814299 -1.209098 -3.797793 -8.101312 -3.411755
21.650000 9.654355 1.686278 -3.177138 -6.151633 -7.899296 -8.957143 -10.980352 -12.567321 -13.419600 8.685987 3.879375 -1.158408 -3.754754 -8.071647 -3.367561
21.700000 9.735481 1.745172 -3.132359 -6.115868 -7.869056 -8.930373 -10.960648 -12.553948 -13.410399 8.764450 3.944473 -1.107697 -3.711696 -8.041965 -3.323348
21.750000 9.816630 1.804086 -3.087561 -6.080087 -7.838800 -8.903587 -10.940929 -12.540561 -13.401186 8.842937 4.009592 -1.056968 -3.668620 -8.012267 -3.279117
21.800000 9.897802 1.863020 -3.042746 -6.044288 -7.808528 -8.876786 -10.921196 -12.527161 -13.391960 8.921446 4.074732 -1.006219 -3.625527 -7.982553 -3.234868
21.850000 9.978996 1.921974 -2.997913 -6.008473 -7.778240 -8.849969 -10.901448 -12.513747 -13.382722 8.999976 4.139892 -0.955452 -3.582416 -7.952823 -3.190601
21.900000 10.060212 1.980946 -2.953063 -5.972641 -7.747937 -8.823137 -10.881686 -12.500320 -13.373471 9.078528 4.205072 -0.904668 -3.539288 -7.923078 -3.146318
21.950000 10.141448 2.039937 -2.908196 -5.936794 -7.717618 -8.796290 -10.861909 -12.486880 -13.364209 9.157101 4.270270 -0.853866 -3.496143 -7.893317 -3.102017
22.000000 10.222705 2.098946 -2.863313 -5.900932 -7.687285 -8.769429 -10.842119 -12.473427 -13.354935 9.235693 4.335488 -0.803046 -3.452982 -7.863542 -3.057700
22.050000 10.303982 2.157972 -2.818413 -5.865054 -7.656936 -8.742553 -10.822316 -12.459962 -13.345649 9.314305 4.400723 -0.752210 -3.409806 -7.833752 -3.013367
22.100000 10.385277 2.217016 -2.773498 -5.829161 -7.626574 -8.715663 -10.802499 -12.446484 -13.336352 9.392936 4.465976 -0.701358 -3.366613 -7.803947 -2.969018
22.150000 10.466591 2.276076 -2.728567 -5.793253 -7.596197 -8.688759 -10.782669 -12.432993 -13.327043 9.471585 4.531246 -0.650490 -3.323405 -7.774129 -2.924655
22.200000 10.547923 2.335152 -2.683621 -5.757332 -7.565806 -8.661842 -10.762825 -12.419491 -13.317723 9.550252 4.596532 -0.599606 -3.280183 -7.744296 -2.880276
22.250000 10.629272 2.394243 -2.638661 -5.721396 -7.535402 -8.634912 -10.742969 -12.405976 -13.308392 9.628936 4.661835 -0.548708 -3.236946 -7.714451 -2.835882
22.300000 10.710638 2.453350 -2.593686 -5.685447 -7.504985 -8.607968 -10.723101 -12.392449 -13.299049 9.707636 4.727153 -0.497795 -3.193695 -7.684592 -2.791474
22.350000 10.792019 2.512472 -2.548698 -5.649484 -7.474554 -8.581012 -10.703220 -12.378911 -13.289696 9.786352 4.792487 -0.446867 -3.150430 -7.654720 -2.747053
22.400000 10.585410 2.368210 -2.653375 -5.728881 -7.538457 -8.635184 -10.737575 -12.395502 -13.294567 9.587209 4.630827 -0.568179 -3.250280 -7.717058 -2.850142
22.450000 10.666035 2.426776 -2.608815 -5.693265 -7.508323 -8.608493 -10.717895 -12.382107 -13.285318 9.665193 4.695548 -0.517733 -3.207427 -7.687478 -2.806144
22.500000 10.746675 2.485355 -2.564242 -5.657637 -7.478177 -8.581790 -10.698204 -12.368701 -13.276060 9.743190 4.760284 -0.467274 -3.164562 -7.657885 -2.762132
22.550000 10.827329 2.543948 -2.519656 -5.621996 -7.448019 -8.555075 -10.678502 -12.355284 -13.266791 9.821202 4.825032 -0.416802 -3.121684 -7.628281 -2.718108
22.600000 10.907995 2.602553 -2.475058 -5.586344 -7.417849 -8.528348 -10.658788 -12.341856 -13.257511 9.899227 4.889794 -0.366318 -3.078795 -7.598664 -2.674072
22.650000 10.988674 2.661170 -2.430449 -5.550679 -7.387668 -8.501610 -10.639063 -12.328418 -13.248221 9.977264 4.954567 -0.315822 -3.035893 -7.569037 -2.630025
22.700000 11.069366 2.719799 -2.385828 -5.515004 -7.357476 -8.474861 -10.619326 -12.314968 -13.238922 10.055313 5.019353 -0.265315 -2.992981 -7.539398 -2.585965
22.750000 11.150069 2.778438 -2.341195 -5.479318 -7.327273 -8.448101 -10.599580 -12.301509 -13.229612 10.133374 5.084150 -0.214797 -2.950057 -7.509748 -2.541895
22.800000 11.230782 2.837089 -2.296553 -5.443621 -7.297059 -8.421331 -10.579822 -12.288039 -13.220293 10.211446 5.148957 -0.164267 -2.907122 -7.480088 -2.497814
22.850000 11.311507 2.895751 -2.251899 -5.407913 -7.266835 -8.394550 -10.560054 -12.274558 -13.210964 10.289528 5.213775 -0.113727 -2.864177 -7.450417 -2.453723
22.900000 11.392241 2.954422 -2.207236 -5.372195 -7.236600 -8.367759 -10.540276 -12.261068 -13.201625 10.367620 5.278603 -0.063178 -2.821222 -7.420736 -2.409621
22.950000 11.472984 3.013103 -2.162563 -5.336468 -7.206356 -8.340958 -10.520488 -12.247567 -13.192277 10.445722 5.343441 -0.012618 -2.778257 -7.391045 -2.365510
23.000000 11.553736 3.071793 -2.117880 -5.300731 -7.176102 -8.314147 -10.500690 -12.234057 -13.182920 10.523832 5.408287 0.037951 -2.735282 -7.361345 -2.321389
23.050000 11.634497 3.130492 -2.073188 -5.264984 -7.145838 -8.287326 -10.480882 -12.220538 -13.173553 10.601951 5.473143 0.088529 -2.692299 -7.331634 -2.277259
23.100000 11.715265 3.189199 -2.028488 -5.229228 -7.115565 -8.260496 -10.461065 -12.207009 -13.164178 10.680077 5.538006 0.139115 -2.649306 -7.301915 -2.233120
23.150000 11.796041 3.247914 -1.983779 -5.193464 -7.085283 -8.233657 -10.441239 -12.193470 -13.154793 10.758211 5.602878 0.189710 -2.606305 -7.272187 -2.188973
23.200000 11.876823 3.306637 -1.939061 -5.157691 -7.054993 -8.206810 -10.421403 -12.179923 -13.145399 10.836352 5.667756 0.240313 -2.563296 -7.242450 -2.144817
23.250000 11.957612 3.365367 -1.894336 -5.121910 -7.024694 -8.179953 -10.401559 -12.166366 -13.135997 10.914499 5.732642 0.290923 -2.520279 -7.212704 -2.100654
23.300000 12.038406 3.424104 -1.849604 -5.086121 -6.994386 -8.153088 -10.381705 -12.152800 -13.126586 10.992652 5.797534 0.341541 -2.477254 -7.182950 -2.056483
23.350000 12.119206 3.482848 -1.804864 -5.050324 -6.964071 -8.126215 -10.361844 -12.139226 -13.117166 11.070810 5.862433 0.392165 -2.434222 -7.153188 -2.012305
23.400000 12.200010 3.541597 -1.760117 -5.014520 -6.933748 -8.099334 -10.341973 -12.125643 -13.107738 11.148973 5.927336 0.442796 -2.391182 -7.123418 -1.968120
23.450000 11.979428 3.387025 -1.872779 -5.100417 -7.003240 -8.158524 -10.380180 -12.145032 -13.114693 10.936296 5.754344 0.312522 -2.498734 -7.191254 -2.079101
23.500000 12.059461 3.445207 -1.828470 -5.064967 -6.973221 -8.131915 -10.360517 -12.131598 -13.105374 11.013712 5.818624 0.362661 -2.456116 -7.161783 -2.035348
23.550000 12.139497 3.503395 -1.784154 -5.029511 -6.943194 -8.105299 -10.340846 -12.118155 -13.096047 11.091132 5.882908 0.412806 -2.413492 -7.132305 -1.991589
23.600000 12.219536 3.561587 -1.739833 -4.994048 -6.913161 -8.078675 -10.321167 -12.104704 -13.086712 11.168554 5.947196 0.462956 -2.370863 -7.102820 -1.947824
23.650000 12.299577 3.619783 -1.695507 -4.958579 -6.883121 -8.052044 -10.301480 -12.091246 -13.077370 11.245980 6.011488 0.513111 -2.328228 -7.073328 -1.904054
23.700000 12.379620 3.677983 -1.651175 -4.923104 -6.853074 -8.025407 -10.281787 -12.077779 -13.068019 11.323407 6.075784 0.563270 -2.285587 -7.043829 -1.860279
23.750000 12.459665 3.736186 -1.606839 -4.887623 -6.823022 -7.998763 -10.262085 -12.064305 -13.058661 11.400836 6.140082 0.613434 -2.242942 -7.014324 -1.816498
23.800000 12.539710 3.794393 -1.562497 -4.852137 -6.792963 -7.972112 -10.242377 -12.050823 -13.049295 11.478267 6.204384 0.663602 -2.200291 -6.984813 -1.772713
23.850000 12.619756 3.852603 -1.518152 -4.816645 -6.762898 -7.945456 -10.222662 -12.037333 -13.039922 11.555698 6.268687 0.713774 -2.157636 -6.955296 -1.728923
23.900000 12.699803 3.910815 -1.473802 -4.781148 -6.732828 -7.918793 -10.202940 -12.023837 -13.030541 11.633129 6.332992 0.763949 -2.114977 -6.925774 -1.685130
23.950000 12.779848 3.969030 -1.429449 -4.745647 -6.702752 -7.892124 -10.183211 -12.010333 -13.021153 11.710561 6.397298 0.814127 -2.072314 -6.896246 -1.641332
