web/models/kne/26/Metzger_0.038208_0.435172_0.450000.dat
# %ECSV 0.9
# ---
# datatype:
# - {name: time, datatype: float64}
# - {name: sdss_u, datatype: float64}
# - {name: sdss_g, datatype: float64}
# - {name: sdss_r, datatype: float64}
# - {name: sdss_i, datatype: float64}
# - {name: sdss_z, datatype: float64}
# - {name: PS1_y, datatype: float64}
# - {name: ukirt_J, datatype: float64}
# - {name: ukirt_H, datatype: float64}
# - {name: ukirt_K, datatype: float64}
# - {name: johnson_U, datatype: float64}
# - {name: johnson_B, datatype: float64}
# - {name: johnson_V, datatype: float64}
# - {name: johnson_R, datatype: float64}
# - {name: johnson_I, datatype: float64}
# - {name: Clear, datatype: float64}
# meta: !!omap
# - comment: [vej = 0.43517241379310345, mej = 0.038208046189546235, Ye = 0.45, redshift = 0.0]
# schema: astropy-2.0
time sdss_u sdss_g sdss_r sdss_i sdss_z PS1_y ukirt_J ukirt_H ukirt_K johnson_U johnson_B johnson_V johnson_R johnson_I Clear
[from data line 2094]
104.800000 584.053557 425.845038 325.592824 261.700911 222.614507 198.108200 148.318069 103.828599 74.415756 565.093791 469.963482 367.696057 313.382845 218.672855 321.576478
104.850000 584.327180 426.047770 325.750547 261.829891 222.725869 198.208497 148.395828 103.886114 74.459793 565.358925 470.185997 367.872695 313.535080 218.782438 321.732397
104.900000 584.600797 426.250498 325.908268 261.958868 222.837229 198.308793 148.473585 103.943628 74.503829 565.624053 470.408507 368.049328 313.687312 218.892019 321.888312
104.950000 584.874407 426.453222 326.065985 262.087843 222.948586 198.409087 148.551341 104.001141 74.547865 565.889175 470.631012 368.225958 313.839540 219.001598 322.044223
105.000000 585.148012 426.655941 326.223698 262.216815 223.059941 198.509379 148.629096 104.058653 74.591900 566.154291 470.853512 368.402584 313.991765 219.111175 322.200132
105.050000 585.421610 426.858656 326.381408 262.345784 223.171294 198.609669 148.706850 104.116165 74.635934 566.419401 471.076008 368.579206 314.143987 219.220750 322.356037
105.100000 585.695202 427.061366 326.539115 262.474751 223.282645 198.709957 148.784602 104.173675 74.679968 566.684505 471.298498 368.755825 314.296206 219.330322 322.511939
105.150000 585.968789 427.264072 326.696819 262.603715 223.393993 198.810243 148.862352 104.231185 74.724001 566.949603 471.520983 368.932439 314.448422 219.439892 322.667838
105.200000 586.242369 427.466774 326.854519 262.732676 223.505340 198.910527 148.940101 104.288694 74.768034 567.214695 471.743464 369.109050 314.600635 219.549460 322.823733
105.250000 586.515942 427.669471 327.012216 262.861635 223.616684 199.010809 149.017849 104.346202 74.812066 567.479781 471.965939 369.285657 314.752844 219.659026 322.979625
105.300000 586.789510 427.872164 327.169910 262.990591 223.728025 199.111089 149.095596 104.403708 74.856097 567.744862 472.188410 369.462260 314.905050 219.768590 323.135514
105.350000 587.063072 428.074852 327.327600 263.119545 223.839365 199.211367 149.173341 104.461214 74.900128 568.009936 472.410876 369.638860 315.057253 219.878151 323.291399
105.400000 587.336627 428.277536 327.485287 263.248496 223.950702 199.311644 149.251084 104.518719 74.944158 568.275005 472.633337 369.815455 315.209453 219.987711 323.447281
105.450000 587.610177 428.480215 327.642971 263.377444 224.062038 199.411918 149.328826 104.576223 74.988188 568.540068 472.855793 369.992047 315.361649 220.097268 323.603160
105.500000 587.883720 428.682890 327.800651 263.506390 224.173371 199.512190 149.406567 104.633727 75.032217 568.805124 473.078244 370.168635 315.513843 220.206823 323.759036
105.550000 588.157257 428.885561 327.958328 263.635333 224.284702 199.612461 149.484306 104.691229 75.076245 569.070175 473.300691 370.345220 315.666033 220.316376 323.914908
105.600000 588.430788 429.088227 328.116002 263.764273 224.396030 199.712729 149.562044 104.748730 75.120273 569.335220 473.523132 370.521800 315.818220 220.425927 324.070777
105.650000 588.704313 429.290889 328.273672 263.893211 224.507357 199.812996 149.639781 104.806231 75.164301 569.600260 473.745569 370.698377 315.970404 220.535475 324.226643
105.700000 588.977832 429.493547 328.431339 264.022146 224.618681 199.913261 149.717516 104.863730 75.208327 569.865293 473.968001 370.874950 316.122584 220.645022 324.382506
105.750000 589.251345 429.696200 328.589003 264.151079 224.730003 200.013523 149.795250 104.921229 75.252353 570.130320 474.190427 371.051520 316.274762 220.754566 324.538365
105.800000 589.524852 429.898849 328.746663 264.280009 224.841322 200.113784 149.872982 104.978726 75.296379 570.395342 474.412849 371.228085 316.426936 220.864108 324.694221
105.850000 589.798353 430.101493 328.904320 264.408936 224.952640 200.214043 149.950713 105.036223 75.340404 570.660357 474.635267 371.404647 316.579107 220.973648 324.850074
105.900000 590.071847 430.304133 329.061974 264.537861 225.063955 200.314300 150.028443 105.093719 75.384428 570.925367 474.857679 371.581205 316.731275 221.083185 325.005923
105.950000 590.345336 430.506769 329.219625 264.666783 225.175269 200.414555 150.106171 105.151214 75.428452 571.190371 475.080086 371.757759 316.883439 221.192721 325.161770
106.000000 590.618819 430.709400 329.377272 264.795702 225.286580 200.514808 150.183898 105.208708 75.472475 571.455369 475.302489 371.934310 317.035601 221.302255 325.317612
106.050000 590.892295 430.912027 329.534916 264.924619 225.397888 200.615059 150.261623 105.266201 75.516497 571.720361 475.524887 372.110856 317.187759 221.411786 325.473452
106.100000 591.165765 431.114649 329.692556 265.053533 225.509195 200.715308 150.339347 105.323693 75.560519 571.985347 475.747280 372.287399 317.339915 221.521315 325.629289
106.150000 591.439230 431.317267 329.850194 265.182445 225.620499 200.815555 150.417069 105.381185 75.604541 572.250328 475.969668 372.463939 317.492067 221.630842 325.785122
106.200000 591.712688 431.519881 330.007828 265.311354 225.731802 200.915800 150.494791 105.438675 75.648561 572.515302 476.192051 372.640474 317.644216 221.740367 325.940952
106.250000 591.986140 431.722491 330.165459 265.440260 225.843102 201.016044 150.572510 105.496165 75.692581 572.780271 476.414430 372.817006 317.796361 221.849889 326.096778
106.300000 592.259586 431.925096 330.323086 265.569164 225.954400 201.116285 150.650229 105.553653 75.736601 573.045234 476.636803 372.993534 317.948504 221.959410 326.252602
106.350000 592.533027 432.127696 330.480710 265.698065 226.065695 201.216525 150.727946 105.611141 75.780620 573.310191 476.859172 373.170058 318.100643 222.068928 326.408422
106.400000 592.806461 432.330293 330.638331 265.826963 226.176989 201.316762 150.805662 105.668628 75.824638 573.575142 477.081536 373.346579 318.252780 222.178445 326.564239
106.450000 593.079889 432.532885 330.795949 265.955859 226.288280 201.416998 150.883376 105.726113 75.868656 573.840088 477.303895 373.523096 318.404913 222.287959 326.720053
106.500000 593.353311 432.735472 330.953563 266.084753 226.399569 201.517232 150.961089 105.783598 75.912673 574.105027 477.526250 373.699609 318.557043 222.397471 326.875863
106.550000 593.626727 432.938055 331.111174 266.213643 226.510856 201.617464 151.038800 105.841082 75.956690 574.369961 477.748599 373.876118 318.709169 222.506981 327.031671
106.600000 593.900137 433.140634 331.268782 266.342531 226.622141 201.717694 151.116510 105.898565 76.000706 574.634889 477.970944 374.052624 318.861293 222.616488 327.187475
106.650000 594.173541 433.343209 331.426386 266.471417 226.733423 201.817922 151.194219 105.956048 76.044722 574.899811 478.193284 374.229126 319.013414 222.725994 327.343275
106.700000 594.446939 433.545779 331.583987 266.600300 226.844704 201.918148 151.271926 106.013529 76.088736 575.164728 478.415619 374.405624 319.165531 222.835497 327.499073
106.750000 594.720331 433.748345 331.741585 266.729180 226.955982 202.018372 151.349632 106.071009 76.132751 575.429638 478.637949 374.582118 319.317645 222.944998 327.654867
106.800000 594.993717 433.950907 331.899180 266.858058 227.067258 202.118594 151.427337 106.128489 76.176764 575.694543 478.860274 374.758609 319.469756 223.054498 327.810658
106.850000 595.267097 434.153464 332.056771 266.986933 227.178532 202.218814 151.505040 106.185967 76.220777 575.959442 479.082595 374.935096 319.621864 223.163995 327.966446
106.900000 595.540471 434.356017 332.214359 267.115806 227.289803 202.319033 151.582742 106.243445 76.264790 576.224335 479.304911 375.111579 319.773969 223.273490 328.122231
106.950000 595.813839 434.558566 332.371944 267.244676 227.401073 202.419249 151.660442 106.300922 76.308802 576.489222 479.527222 375.288059 319.926071 223.382982 328.278012
107.000000 596.087201 434.761110 332.529526 267.373543 227.512340 202.519464 151.738141 106.358398 76.352813 576.754103 479.749528 375.464535 320.078169 223.492473 328.433790
107.050000 596.360557 434.963650 332.687104 267.502408 227.623605 202.619677 151.815839 106.415873 76.396824 577.018979 479.971830 375.641007 320.230264 223.601961 328.589565
107.100000 596.633907 435.166185 332.844679 267.631270 227.734868 202.719887 151.893535 106.473347 76.440834 577.283849 480.194127 375.817476 320.382357 223.711448 328.745337
107.150000 596.907251 435.368717 333.002251 267.760130 227.846129 202.820096 151.971230 106.530820 76.484844 577.548713 480.416419 375.993940 320.534446 223.820932 328.901106
107.200000 597.180589 435.571244 333.159820 267.888987 227.957388 202.920303 152.048923 106.588292 76.528853 577.813572 480.638706 376.170401 320.686532 223.930414 329.056871
107.250000 597.453921 435.773766 333.317385 268.017841 228.068644 203.020508 152.126615 106.645764 76.572861 578.078424 480.860988 376.346859 320.838615 224.039894 329.212633
107.300000 597.727247 435.976285 333.474947 268.146693 228.179898 203.120711 152.204306 106.703234 76.616869 578.343271 481.083266 376.523313 320.990694 224.149372 329.368392
107.350000 598.000567 436.178799 333.632506 268.275543 228.291151 203.220913 152.281995 106.760704 76.660876 578.608112 481.305539 376.699763 321.142771 224.258848 329.524148
107.400000 598.273881 436.381309 333.790061 268.404389 228.402401 203.321112 152.359683 106.818172 76.704883 578.872947 481.527807 376.876209 321.294845 224.368321 329.679900
107.450000 598.547189 436.583814 333.947613 268.533234 228.513648 203.421309 152.437370 106.875640 76.748889 579.137777 481.750070 377.052651 321.446915 224.477793 329.835649
107.500000 598.820491 436.786315 334.105162 268.662075 228.624894 203.521505 152.515055 106.933107 76.792894 579.402600 481.972329 377.229090 321.598982 224.587262 329.991395
107.550000 599.093788 436.988812 334.262708 268.790914 228.736138 203.621699 152.592739 106.990573 76.836899 579.667418 482.194582 377.405526 321.751046 224.696729 330.147138
107.600000 599.367078 437.191305 334.420251 268.919751 228.847379 203.721890 152.670422 107.048038 76.880904 579.932231 482.416831 377.581957 321.903107 224.806194 330.302878
107.650000 599.640362 437.393793 334.577790 269.048585 228.958618 203.822080 152.748103 107.105502 76.924907 580.197037 482.639076 377.758385 322.055165 224.915657 330.458614
107.700000 599.913641 437.596277 334.735326 269.177416 229.069855 203.922268 152.825783 107.162965 76.968910 580.461838 482.861315 377.934809 322.207220 225.025118 330.614348
107.750000 600.186913 437.798757 334.892859 269.306245 229.181090 204.022454 152.903461 107.220428 77.012913 580.726633 483.083550 378.111230 322.359272 225.134577 330.770078
107.800000 600.460180 438.001232 335.050389 269.435071 229.292323 204.122638 152.981138 107.277889 77.056915 580.991422 483.305780 378.287647 322.511320 225.244034 330.925805
107.850000 600.733440 438.203703 335.207915 269.563894 229.403553 204.222821 153.058814 107.335350 77.100916 581.256206 483.528005 378.464060 322.663366 225.353488 331.081528
107.900000 601.006695 438.406170 335.365438 269.692715 229.514782 204.323001 153.136488 107.392809 77.144917 581.520983 483.750226 378.640469 322.815408 225.462941 331.237249
107.950000 601.279944 438.608633 335.522958 269.821534 229.626008 204.423179 153.214161 107.450268 77.188917 581.785755 483.972442 378.816875 322.967448 225.572391 331.392966
108.000000 601.553186 438.811091 335.680475 269.950350 229.737232 204.523356 153.291832 107.507726 77.232917 582.050522 484.194653 378.993277 323.119484 225.681839 331.548680
108.050000 601.826423 439.013545 335.837988 270.079163 229.848454 204.623531 153.369502 107.565183 77.276916 582.315282 484.416859 379.169676 323.271517 225.791286 331.704391
108.100000 602.099654 439.215995 335.995498 270.207974 229.959674 204.723703 153.447171 107.622639 77.320915 582.580037 484.639061 379.346071 323.423547 225.900730 331.860099
108.150000 602.372879 439.418440 336.153005 270.336782 230.070892 204.823874 153.524839 107.680094 77.364912 582.844786 484.861258 379.522462 323.575574 226.010172 332.015803
108.200000 602.646099 439.620881 336.310509 270.465588 230.182107 204.924043 153.602505 107.737548 77.408910 583.109530 485.083450 379.698849 323.727598 226.119611 332.171505
108.250000 602.919312 439.823318 336.468010 270.594391 230.293320 205.024210 153.680169 107.795002 77.452906 583.374268 485.305637 379.875233 323.879618 226.229049 332.327203
108.300000 603.192519 440.025751 336.625507 270.723192 230.404532 205.124376 153.757833 107.852454 77.496903 583.639000 485.527820 380.051613 324.031636 226.338485 332.482898
108.350000 603.465721 440.228179 336.783001 270.851990 230.515741 205.224539 153.835495 107.909906 77.540898 583.903726 485.749998 380.227990 324.183650 226.447918 332.638590
108.400000 603.738916 440.430604 336.940492 270.980786 230.626948 205.324700 153.913155 107.967357 77.584893 584.168447 485.972171 380.404363 324.335662 226.557350 332.794279
108.450000 604.012106 440.633024 337.097980 271.109579 230.738153 205.424860 153.990815 108.024806 77.628888 584.433162 486.194340 380.580732 324.487670 226.666779 332.949964
108.500000 604.285290 440.835439 337.255464 271.238369 230.849355 205.525018 154.068473 108.082255 77.672881 584.697871 486.416504 380.757097 324.639676 226.776206 333.105647
108.550000 604.558467 441.037851 337.412946 271.367157 230.960556 205.625174 154.146129 108.139703 77.716875 584.962574 486.638663 380.933459 324.791678 226.885631 333.261326
108.600000 604.831639 441.240258 337.570424 271.495942 231.071754 205.725328 154.223784 108.197151 77.760867 585.227272 486.860817 381.109818 324.943677 226.995054 333.417002
108.650000 605.104806 441.442661 337.727899 271.624725 231.182951 205.825480 154.301438 108.254597 77.804859 585.491964 487.082967 381.286172 325.095673 227.104475 333.572675
108.700000 605.377966 441.645060 337.885370 271.753505 231.294145 205.925630 154.379091 108.312042 77.848851 585.756651 487.305112 381.462523 325.247666 227.213894 333.728344
108.750000 605.651120 441.847454 338.042839 271.882283 231.405337 206.025778 154.456742 108.369487 77.892842 586.021332 487.527253 381.638871 325.399656 227.323311 333.884011
108.800000 605.924269 442.049844 338.200304 272.011058 231.516527 206.125925 154.534391 108.426930 77.936832 586.286007 487.749388 381.815215 325.551643 227.432726 334.039674
108.850000 606.197411 442.252230 338.357766 272.139831 231.627714 206.226069 154.612040 108.484373 77.980822 586.550676 487.971519 381.991555 325.703626 227.542138 334.195335
108.900000 606.470548 442.454612 338.515225 272.268601 231.738900 206.326212 154.689687 108.541815 78.024811 586.815340 488.193645 382.167891 325.855607 227.651549 334.350992
108.950000 606.743679 442.656990 338.672681 272.397369 231.850083 206.426353 154.767333 108.599256 78.068800 587.079998 488.415767 382.344224 326.007585 227.760957 334.506646
109.000000 607.016804 442.859363 338.830133 272.526134 231.961265 206.526492 154.844977 108.656696 78.112788 587.344651 488.637884 382.520553 326.159559 227.870363 334.662296
109.050000 607.289923 443.061732 338.987582 272.654896 232.072444 206.626629 154.922620 108.714135 78.156775 587.609298 488.859996 382.696879 326.311531 227.979768 334.817944
109.100000 607.563037 443.264097 339.145029 272.783656 232.183621 206.726764 155.000262 108.771573 78.200762 587.873939 489.082104 382.873201 326.463499 228.089170 334.973588
109.150000 607.836144 443.466458 339.302472 272.912414 232.294796 206.826897 155.077902 108.829010 78.244748 588.138574 489.304207 383.049519 326.615464 228.198570 335.129230
109.200000 608.109246 443.668814 339.459911 273.041169 232.405969 206.927029 155.155541 108.886447 78.288734 588.403204 489.526305 383.225834 326.767427 228.307968 335.284868
109.250000 608.382342 443.871166 339.617348 273.169921 232.517140 207.027158 155.233178 108.943883 78.332719 588.667828 489.748399 383.402145 326.919386 228.417364 335.440503
109.300000 608.655432 444.073514 339.774781 273.298671 232.628309 207.127286 155.310815 109.001317 78.376704 588.932447 489.970488 383.578453 327.071342 228.526758 335.596135
