web/models/kne/26/Metzger_0.038208_0.273103_0.450000.dat
# %ECSV 0.9
# ---
# datatype:
# - {name: time, datatype: float64}
# - {name: sdss_u, datatype: float64}
# - {name: sdss_g, datatype: float64}
# - {name: sdss_r, datatype: float64}
# - {name: sdss_i, datatype: float64}
# - {name: sdss_z, datatype: float64}
# - {name: PS1_y, datatype: float64}
# - {name: ukirt_J, datatype: float64}
# - {name: ukirt_H, datatype: float64}
# - {name: ukirt_K, datatype: float64}
# - {name: johnson_U, datatype: float64}
# - {name: johnson_B, datatype: float64}
# - {name: johnson_V, datatype: float64}
# - {name: johnson_R, datatype: float64}
# - {name: johnson_I, datatype: float64}
# - {name: Clear, datatype: float64}
# meta: !!omap
# - comment: [vej = 0.2731034482758621, mej = 0.038208046189546235, Ye = 0.45, redshift = 0.0]
# schema: astropy-2.0
time sdss_u sdss_g sdss_r sdss_i sdss_z PS1_y ukirt_J ukirt_H ukirt_K johnson_U johnson_B johnson_V johnson_R johnson_I Clear
[from data line 2296]
114.900000 493.615429 358.958873 273.659980 219.317591 186.084477 165.253993 122.951908 85.188083 60.253165 477.476027 396.505025 309.479494 263.273511 182.733707 270.243393
114.950000 493.828788 359.116920 273.782908 219.418092 186.171231 165.332114 123.012443 85.232823 60.287389 477.682763 396.678507 309.617180 263.392157 182.819073 270.364912
115.000000 494.042144 359.274964 273.905834 219.518591 186.257984 165.410235 123.072978 85.277562 60.321612 477.889495 396.851986 309.754863 263.510800 182.904439 270.486430
115.050000 494.255496 359.433005 274.028758 219.619089 186.344735 165.488354 123.133512 85.322301 60.355835 478.096223 397.025461 309.892544 263.629442 182.989802 270.607946
115.100000 494.468843 359.591043 274.151680 219.719585 186.431485 165.566471 123.194044 85.367040 60.390057 478.302947 397.198934 310.030223 263.748082 183.075165 270.729459
115.150000 494.682187 359.749079 274.274600 219.820079 186.518234 165.644588 123.254576 85.411777 60.424279 478.509668 397.372403 310.167899 263.866719 183.160526 270.850971
115.200000 494.895526 359.907111 274.397518 219.920572 186.604981 165.722703 123.315108 85.456515 60.458501 478.716384 397.545870 310.305573 263.985355 183.245886 270.972480
115.250000 495.108862 360.065141 274.520433 220.021063 186.691727 165.800817 123.375638 85.501252 60.492723 478.923097 397.719333 310.443244 264.103988 183.331244 271.093987
115.300000 495.322194 360.223168 274.643347 220.121552 186.778472 165.878930 123.436167 85.545988 60.526944 479.129806 397.892793 310.580913 264.222620 183.416601 271.215492
115.350000 495.535522 360.381192 274.766258 220.222040 186.865215 165.957042 123.496696 85.590724 60.561165 479.336511 398.066250 310.718580 264.341249 183.501957 271.336995
115.400000 495.748846 360.539213 274.889167 220.322525 186.951957 166.035153 123.557224 85.635459 60.595385 479.543212 398.239704 310.856244 264.459877 183.587311 271.458496
115.450000 495.962165 360.697232 275.012075 220.423010 187.038697 166.113262 123.617751 85.680194 60.629606 479.749910 398.413154 310.993906 264.578502 183.672664 271.579995
115.500000 496.175481 360.855247 275.134980 220.523492 187.125436 166.191370 123.678277 85.724928 60.663826 479.956604 398.586602 311.131565 264.697126 183.758016 271.701492
115.550000 496.388793 361.013260 275.257883 220.623973 187.212174 166.269477 123.738802 85.769662 60.698046 480.163293 398.760046 311.269222 264.815747 183.843366 271.822987
115.600000 496.602101 361.171270 275.380783 220.724453 187.298910 166.347583 123.799327 85.814395 60.732265 480.369980 398.933487 311.406876 264.934367 183.928715 271.944479
115.650000 496.815406 361.329277 275.503682 220.824930 187.385645 166.425688 123.859850 85.859128 60.766484 480.576662 399.106925 311.544528 265.052984 184.014063 272.065970
115.700000 497.028706 361.487282 275.626579 220.925406 187.472378 166.503791 123.920373 85.903860 60.800703 480.783340 399.280360 311.682178 265.171599 184.099409 272.187458
115.750000 497.242002 361.645283 275.749473 221.025881 187.559111 166.581893 123.980895 85.948591 60.834921 480.990015 399.453792 311.819825 265.290213 184.184754 272.308945
115.800000 497.455294 361.803282 275.872366 221.126354 187.645841 166.659994 124.041416 85.993323 60.869139 481.196686 399.627221 311.957470 265.408824 184.270097 272.430429
115.850000 497.668583 361.961278 275.995256 221.226825 187.732571 166.738094 124.101936 86.038053 60.903357 481.403353 399.800646 312.095113 265.527433 184.355440 272.551911
115.900000 497.881867 362.119271 276.118144 221.327294 187.819299 166.816192 124.162456 86.082783 60.937575 481.610016 399.974069 312.232753 265.646041 184.440780 272.673392
115.950000 498.095148 362.277261 276.241030 221.427762 187.906026 166.894290 124.222974 86.127513 60.971792 481.816676 400.147488 312.370390 265.764646 184.526120 272.794870
116.000000 498.308424 362.435249 276.363914 221.528228 187.992751 166.972386 124.283492 86.172242 61.006009 482.023331 400.320904 312.508026 265.883249 184.611458 272.916346
116.050000 498.521697 362.593234 276.486796 221.628693 188.079475 167.050481 124.344009 86.216970 61.040226 482.229983 400.494317 312.645659 266.001850 184.696795 273.037820
116.100000 498.734966 362.751215 276.609676 221.729155 188.166198 167.128575 124.404525 86.261698 61.074442 482.436631 400.667727 312.783289 266.120450 184.782131 273.159292
116.150000 498.948231 362.909194 276.732554 221.829617 188.252919 167.206667 124.465040 86.306426 61.108658 482.643276 400.841134 312.920917 266.239047 184.867465 273.280762
116.200000 499.161491 363.067171 276.855429 221.930076 188.339639 167.284759 124.525555 86.351153 61.142874 482.849916 401.014538 313.058543 266.357642 184.952798 273.402229
116.250000 499.374748 363.225144 276.978303 222.030534 188.426357 167.362849 124.586068 86.395879 61.177089 483.056553 401.187938 313.196166 266.476235 185.038129 273.523695
116.300000 499.588002 363.383115 277.101174 222.130990 188.513074 167.440938 124.646581 86.440605 61.211304 483.263186 401.361336 313.333787 266.594826 185.123459 273.645159
116.350000 499.801251 363.541083 277.224044 222.231445 188.599790 167.519026 124.707093 86.485331 61.245519 483.469815 401.534730 313.471406 266.713416 185.208788 273.766620
116.400000 500.014496 363.699048 277.346911 222.331898 188.686505 167.597113 124.767604 86.530055 61.279734 483.676441 401.708121 313.609022 266.832003 185.294116 273.888080
116.450000 500.227737 363.857010 277.469776 222.432349 188.773218 167.675198 124.828114 86.574780 61.313948 483.883062 401.881510 313.746636 266.950588 185.379442 274.009537
116.500000 500.440975 364.014970 277.592639 222.532799 188.859929 167.753283 124.888624 86.619504 61.348162 484.089680 402.054895 313.884247 267.069171 185.464767 274.130993
116.550000 500.654208 364.172926 277.715500 222.633247 188.946640 167.831366 124.949132 86.664227 61.382375 484.296294 402.228277 314.021856 267.187752 185.550090 274.252446
116.600000 500.867438 364.330880 277.838359 222.733694 189.033349 167.909448 125.009640 86.708950 61.416588 484.502905 402.401656 314.159463 267.306331 185.635413 274.373897
116.650000 501.080664 364.488831 277.961216 222.834139 189.120056 167.987528 125.070147 86.753672 61.450801 484.709511 402.575031 314.297067 267.424909 185.720733 274.495347
116.700000 501.293886 364.646780 278.084071 222.934582 189.206762 168.065608 125.130653 86.798394 61.485014 484.916114 402.748404 314.434669 267.543484 185.806053 274.616794
116.750000 501.507103 364.804725 278.206923 223.035023 189.293467 168.143686 125.191158 86.843115 61.519226 485.122713 402.921774 314.572268 267.662057 185.891371 274.738239
116.800000 501.720318 364.962668 278.329774 223.135463 189.380171 168.221763 125.251662 86.887836 61.553438 485.329308 403.095140 314.709865 267.780628 185.976688 274.859682
116.850000 501.933528 365.120608 278.452622 223.235902 189.466873 168.299839 125.312166 86.932556 61.587650 485.535900 403.268503 314.847460 267.899197 186.062004 274.981123
116.900000 502.146734 365.278545 278.575469 223.336338 189.553574 168.377914 125.372668 86.977276 61.621862 485.742488 403.441864 314.985052 268.017765 186.147318 275.102562
116.950000 502.359936 365.436479 278.698313 223.436773 189.640273 168.455988 125.433170 87.021995 61.656073 485.949072 403.615221 315.122642 268.136330 186.232631 275.223999
117.000000 502.573135 365.594411 278.821155 223.537207 189.726971 168.534060 125.493671 87.066714 61.690283 486.155652 403.788575 315.260230 268.254893 186.317942 275.345434
117.050000 502.786330 365.752340 278.943996 223.637638 189.813668 168.612131 125.554172 87.111432 61.724494 486.362228 403.961926 315.397815 268.373454 186.403252 275.466867
117.100000 502.999520 365.910266 279.066834 223.738069 189.900364 168.690202 125.614671 87.156150 61.758704 486.568801 404.135274 315.535398 268.492014 186.488561 275.588297
117.150000 503.212707 366.068189 279.189670 223.838497 189.987058 168.768270 125.675170 87.200867 61.792914 486.775370 404.308619 315.672978 268.610571 186.573869 275.709726
117.200000 503.425890 366.226110 279.312504 223.938924 190.073750 168.846338 125.735667 87.245583 61.827124 486.981935 404.481961 315.810556 268.729126 186.659175 275.831153
117.250000 503.639069 366.384027 279.435336 224.039349 190.160442 168.924405 125.796164 87.290299 61.861333 487.188497 404.655299 315.948132 268.847679 186.744480 275.952577
117.300000 503.852244 366.541942 279.558165 224.139773 190.247132 169.002470 125.856660 87.335015 61.895542 487.395055 404.828635 316.085706 268.966231 186.829784 276.074000
117.350000 504.065416 366.699855 279.680993 224.240195 190.333820 169.080534 125.917155 87.379730 61.929751 487.601609 405.001968 316.223277 269.084780 186.915086 276.195420
117.400000 504.278583 366.857764 279.803819 224.340615 190.420508 169.158597 125.977650 87.424445 61.963959 487.808159 405.175297 316.360845 269.203327 187.000387 276.316839
117.450000 504.491747 367.015671 279.926642 224.441034 190.507193 169.236659 126.038143 87.469159 61.998167 488.014706 405.348623 316.498411 269.321872 187.085686 276.438255
117.500000 504.704907 367.173575 280.049464 224.541451 190.593878 169.314720 126.098636 87.513872 62.032375 488.221248 405.521947 316.635975 269.440416 187.170985 276.559670
117.550000 504.918063 367.331476 280.172283 224.641867 190.680561 169.392779 126.159128 87.558585 62.066582 488.427788 405.695267 316.773537 269.558957 187.256282 276.681082
117.600000 505.131215 367.489374 280.295101 224.742281 190.767243 169.470837 126.219619 87.603298 62.100789 488.634323 405.868584 316.911096 269.677497 187.341577 276.802493
117.650000 505.344363 367.647270 280.417916 224.842693 190.853924 169.548895 126.280109 87.648010 62.134996 488.840855 406.041898 317.048653 269.796034 187.426872 276.923901
117.700000 505.557507 367.805163 280.540729 224.943103 190.940603 169.626950 126.340599 87.692721 62.169203 489.047383 406.215209 317.186207 269.914569 187.512165 277.045307
117.750000 505.770648 367.963053 280.663541 225.043513 191.027281 169.705005 126.401087 87.737432 62.203409 489.253907 406.388517 317.323760 270.033103 187.597456 277.166711
117.800000 505.983784 368.120940 280.786350 225.143920 191.113957 169.783059 126.461575 87.782143 62.237615 489.460427 406.561822 317.461309 270.151634 187.682747 277.288114
117.850000 506.196917 368.278825 280.909157 225.244326 191.200632 169.861111 126.522062 87.826853 62.271821 489.666944 406.735124 317.598857 270.270164 187.768036 277.409514
117.900000 506.410046 368.436706 281.031962 225.344730 191.287306 169.939162 126.582548 87.871562 62.306026 489.873457 406.908423 317.736402 270.388691 187.853324 277.530912
117.950000 506.623171 368.594585 281.154765 225.445133 191.373979 170.017213 126.643034 87.916271 62.340231 490.079966 407.081719 317.873945 270.507217 187.938610 277.652308
118.000000 506.836292 368.752462 281.277566 225.545533 191.460650 170.095261 126.703518 87.960979 62.374436 490.286472 407.255011 318.011485 270.625740 188.023895 277.773702
118.050000 507.049410 368.910335 281.400365 225.645933 191.547320 170.173309 126.764002 88.005687 62.408640 490.492974 407.428301 318.149023 270.744262 188.109179 277.895094
118.100000 507.262523 369.068206 281.523161 225.746331 191.633988 170.251356 126.824485 88.050395 62.442844 490.699472 407.601588 318.286559 270.862782 188.194461 278.016484
118.150000 507.475633 369.226074 281.645956 225.846727 191.720655 170.329401 126.884967 88.095101 62.477048 490.905967 407.774871 318.424092 270.981299 188.279743 278.137872
118.200000 507.688739 369.383940 281.768749 225.947121 191.807321 170.407445 126.945448 88.139808 62.511251 491.112457 407.948152 318.561623 271.099815 188.365023 278.259258
118.250000 507.901841 369.541802 281.891539 226.047514 191.893985 170.485488 127.005928 88.184514 62.545455 491.318944 408.121429 318.699152 271.218329 188.450301 278.380642
118.300000 508.114939 369.699662 282.014328 226.147905 191.980648 170.563530 127.066408 88.229219 62.579657 491.525428 408.294703 318.836678 271.336840 188.535578 278.502024
118.350000 508.328033 369.857519 282.137114 226.248295 192.067310 170.641571 127.126886 88.273924 62.613860 491.731907 408.467975 318.974202 271.455350 188.620854 278.623404
118.400000 508.541124 370.015373 282.259899 226.348683 192.153971 170.719610 127.187364 88.318628 62.648062 491.938383 408.641243 319.111724 271.573858 188.706129 278.744782
118.450000 508.754211 370.173225 282.382681 226.449070 192.240630 170.797649 127.247841 88.363332 62.682264 492.144856 408.814508 319.249243 271.692364 188.791402 278.866157
118.500000 508.967294 370.331074 282.505462 226.549454 192.327287 170.875686 127.308318 88.408035 62.716466 492.351324 408.987771 319.386760 271.810868 188.876674 278.987531
118.550000 509.180373 370.488920 282.628240 226.649838 192.413944 170.953722 127.368793 88.452738 62.750667 492.557789 409.161030 319.524274 271.929370 188.961945 279.108903
118.600000 509.393448 370.646764 282.751016 226.750219 192.500599 171.031757 127.429268 88.497440 62.784868 492.764250 409.334286 319.661787 272.047870 189.047214 279.230273
118.650000 509.606519 370.804604 282.873791 226.850599 192.587253 171.109791 127.489741 88.542142 62.819069 492.970708 409.507539 319.799297 272.166368 189.132482 279.351641
118.700000 509.819587 370.962442 282.996563 226.950978 192.673905 171.187823 127.550214 88.586843 62.853270 493.177162 409.680789 319.936804 272.284864 189.217749 279.473006
118.750000 510.032651 371.120277 283.119333 227.051355 192.760556 171.265855 127.610687 88.631544 62.887470 493.383612 409.854036 320.074309 272.403358 189.303015 279.594370
118.800000 510.245711 371.278110 283.242101 227.151730 192.847206 171.343885 127.671158 88.676244 62.921670 493.590058 410.027280 320.211812 272.521850 189.388279 279.715732
118.850000 510.458767 371.435940 283.364867 227.252103 192.933854 171.421914 127.731628 88.720944 62.955869 493.796501 410.200521 320.349313 272.640340 189.473542 279.837092
118.900000 510.671819 371.593767 283.487631 227.352476 193.020501 171.499942 127.792098 88.765643 62.990068 494.002940 410.373759 320.486811 272.758828 189.558803 279.958449
118.950000 510.884868 371.751591 283.610393 227.452846 193.107147 171.577968 127.852567 88.810342 63.024267 494.209376 410.546994 320.624307 272.877315 189.644063 280.079805
119.000000 511.097913 371.909412 283.733153 227.553215 193.193791 171.655994 127.913035 88.855040 63.058466 494.415807 410.720226 320.761801 272.995799 189.729322 280.201159
119.050000 511.310953 372.067231 283.855911 227.653582 193.280435 171.734018 127.973502 88.899738 63.092664 494.622235 410.893454 320.899292 273.114281 189.814580 280.322510
119.100000 511.523991 372.225047 283.978667 227.753948 193.367076 171.812042 128.033969 88.944435 63.126862 494.828660 411.066680 321.036781 273.232762 189.899836 280.443860
119.150000 511.737024 372.382861 284.101421 227.854312 193.453717 171.890064 128.094434 88.989131 63.161060 495.035080 411.239903 321.174268 273.351240 189.985091 280.565208
119.200000 511.950054 372.540672 284.224173 227.954674 193.540356 171.968085 128.154899 89.033828 63.195257 495.241497 411.413123 321.311752 273.469717 190.070345 280.686553
119.250000 512.163079 372.698479 284.346922 228.055035 193.626994 172.046104 128.215363 89.078523 63.229454 495.447911 411.586340 321.449234 273.588191 190.155597 280.807897
119.300000 512.376101 372.856285 284.469670 228.155394 193.713630 172.124123 128.275826 89.123218 63.263651 495.654321 411.759553 321.586714 273.706664 190.240849 280.929239
119.350000 512.589119 373.014087 284.592416 228.255752 193.800265 172.202140 128.336289 89.167913 63.297848 495.860727 411.932764 321.724191 273.825134 190.326098 281.050578
119.400000 512.802134 373.171887 284.715160 228.356108 193.886899 172.280157 128.396750 89.212607 63.332044 496.067129 412.105972 321.861666 273.943603 190.411347 281.171916
