web/models/kne/26/Metzger_0.001239_0.402759_0.100000.dat
# %ECSV 0.9
# ---
# datatype:
# - {name: time, datatype: float64}
# - {name: sdss_u, datatype: float64}
# - {name: sdss_g, datatype: float64}
# - {name: sdss_r, datatype: float64}
# - {name: sdss_i, datatype: float64}
# - {name: sdss_z, datatype: float64}
# - {name: PS1_y, datatype: float64}
# - {name: ukirt_J, datatype: float64}
# - {name: ukirt_H, datatype: float64}
# - {name: ukirt_K, datatype: float64}
# - {name: johnson_U, datatype: float64}
# - {name: johnson_B, datatype: float64}
# - {name: johnson_V, datatype: float64}
# - {name: johnson_R, datatype: float64}
# - {name: johnson_I, datatype: float64}
# - {name: Clear, datatype: float64}
# meta: !!omap
# - comment: [vej = 0.4027586206896552, mej = 0.0012389903709424822, Ye = 0.1, redshift = 0.0]
# schema: astropy-2.0
time sdss_u sdss_g sdss_r sdss_i sdss_z PS1_y ukirt_J ukirt_H ukirt_K johnson_U johnson_B johnson_V johnson_R johnson_I Clear
[from data line 1235]
61.850000 nan 602.242877 463.319341 374.731058 320.507253 286.494764 217.339528 155.456624 114.463260 nan 663.358167 521.673128 446.393517 315.037498 457.751939
61.900000 nan 602.714321 463.686264 375.031231 320.766512 286.728330 217.520754 155.590839 114.566174 nan 663.875550 522.083973 446.747693 315.292627 458.114669
61.950000 nan 603.185745 464.053171 375.331392 321.025761 286.961887 217.701972 155.725048 114.669085 nan 664.392911 522.494800 447.101855 315.547746 458.477384
62.000000 nan 603.657148 464.420062 375.631539 321.284999 287.195434 217.883184 155.859253 114.771993 nan 664.910249 522.905609 447.456001 315.802854 458.840083
62.050000 nan 604.128530 464.786937 375.931674 321.544226 287.428971 218.064388 155.993453 114.874897 nan 665.427564 523.316401 447.810132 316.057952 459.202767
62.100000 nan 604.599892 465.153797 376.231797 321.803443 287.662499 218.245585 156.127648 114.977798 nan 665.944856 523.727175 448.164249 316.313039 459.565436
62.150000 nan 605.071233 465.520642 376.531907 322.062649 287.896017 218.426776 156.261838 115.080695 nan 666.462126 524.137931 448.518350 316.568116 459.928088
62.200000 nan 605.542554 465.887470 376.832004 322.321844 288.129526 218.607959 156.396023 115.183589 nan 666.979374 524.548670 448.872436 316.823182 460.290726
62.250000 nan 606.013855 466.254283 377.132089 322.581029 288.363026 218.789135 156.530203 115.286479 nan 667.496599 524.959391 449.226507 317.078238 460.653348
62.300000 nan 606.485135 466.621080 377.432162 322.840203 288.596516 218.970304 156.664378 115.389366 nan 668.013801 525.370094 449.580563 317.333283 461.015955
62.350000 nan 606.956394 466.987862 377.732222 323.099366 288.829996 219.151467 156.798549 115.492250 nan 668.530981 525.780780 449.934604 317.588318 461.378546
62.400000 nan 607.427633 467.354628 378.032269 323.358519 289.063468 219.332622 156.932715 115.595130 nan 669.048138 526.191448 450.288630 317.843342 461.741122
62.450000 nan 607.898852 467.721379 378.332304 323.617661 289.296929 219.513770 157.066875 115.698007 nan 669.565273 526.602098 450.642641 318.098357 462.103683
62.500000 nan 608.370051 468.088114 378.632326 323.876792 289.530382 219.694911 157.201031 115.800880 nan 670.082385 527.012731 450.996637 318.353360 462.466228
62.550000 nan 608.841229 468.454834 378.932336 324.135913 289.763825 219.876045 157.335182 115.903750 nan 670.599475 527.423347 451.350618 318.608353 462.828758
62.600000 nan 609.312387 468.821538 379.232334 324.395024 289.997258 220.057172 157.469329 116.006616 nan 671.116543 527.833945 451.704585 318.863336 463.191272
62.650000 nan 609.783525 469.188227 379.532319 324.654124 290.230682 220.238292 157.603470 116.109479 nan 671.633588 528.244525 452.058536 319.118309 463.553772
62.700000 nan 610.254642 469.554900 379.832292 324.913213 290.464097 220.419405 157.737607 116.212339 nan 672.150611 528.655088 452.412473 319.373271 463.916256
62.750000 nan 610.725739 469.921557 380.132252 325.172292 290.697503 220.600511 157.871738 116.315195 nan 672.667612 529.065634 452.766394 319.628223 464.278724
62.800000 nan 611.196816 470.288200 380.432200 325.431360 290.930899 220.781611 158.005865 116.418048 nan 673.184590 529.476162 453.120301 319.883164 464.641178
62.850000 nan 611.667873 470.654826 380.732135 325.690417 291.164285 220.962703 158.139987 116.520898 nan 673.701546 529.886672 453.474193 320.138095 465.003616
62.900000 nan 612.138910 471.021438 381.032058 325.949465 291.397663 221.143788 158.274105 116.623744 nan 674.218479 530.297166 453.828070 320.393016 465.366039
62.950000 nan 612.609926 471.388034 381.331969 326.208501 291.631031 221.324866 158.408217 116.726586 nan 674.735391 530.707641 454.181932 320.647927 465.728447
63.000000 nan 613.080923 471.754614 381.631868 326.467528 291.864390 221.505938 158.542325 116.829426 nan 675.252280 531.118100 454.535780 320.902827 466.090840
63.050000 nan 613.551899 472.121180 381.931754 326.726543 292.097739 221.687002 158.676428 116.932262 nan 675.769147 531.528541 454.889612 321.157717 466.453217
63.100000 nan 614.022855 472.487730 382.231628 326.985548 292.331079 221.868060 158.810526 117.035094 nan 676.285992 531.938965 455.243430 321.412596 466.815580
63.150000 nan 614.493791 472.854264 382.531489 327.244543 292.564410 222.049110 158.944619 117.137923 nan 676.802815 532.349371 455.597233 321.667466 467.177927
63.200000 nan 614.964707 473.220784 382.831338 327.503528 292.797732 222.230154 159.078708 117.240749 nan 677.319615 532.759760 455.951022 321.922325 467.540259
63.250000 nan 615.435603 473.587288 383.131175 327.762502 293.031044 222.411191 159.212791 117.343572 nan 677.836394 533.170132 456.304796 322.177174 467.902576
63.300000 nan 615.906479 473.953776 383.431000 328.021465 293.264347 222.592221 159.346870 117.446391 nan 678.353150 533.580487 456.658555 322.432012 468.264878
63.350000 nan 616.377336 474.320250 383.730812 328.280418 293.497641 222.773244 159.480944 117.549207 nan 678.869885 533.990824 457.012299 322.686841 468.627164
63.400000 nan 616.848172 474.686708 384.030612 328.539361 293.730925 222.954260 159.615014 117.652019 nan 679.386597 534.401144 457.366029 322.941659 468.989436
63.450000 nan 617.318988 475.053151 384.330400 328.798293 293.964200 223.135269 159.749078 117.754828 nan 679.903287 534.811447 457.719743 323.196467 469.351693
63.500000 nan 617.789784 475.419579 384.630176 329.057215 294.197466 223.316271 159.883138 117.857633 nan 680.419956 535.221733 458.073444 323.451265 469.713934
63.550000 nan 618.260560 475.785991 384.929939 329.316127 294.430723 223.497267 160.017193 117.960436 nan 680.936602 535.632001 458.427129 323.706052 470.076161
63.600000 nan 618.731317 476.152388 385.229690 329.575028 294.663971 223.678255 160.151244 118.063235 nan 681.453227 536.042253 458.780801 323.960830 470.438373
63.650000 nan 619.202053 476.518771 385.529429 329.833919 294.897209 223.859237 160.285289 118.166030 nan 681.969829 536.452487 459.134457 324.215597 470.800569
63.700000 nan 619.672770 476.885138 385.829156 330.092799 295.130439 224.040212 160.419330 118.268823 nan 682.486410 536.862704 459.488099 324.470354 471.162751
63.750000 nan 620.143467 477.251489 386.128871 330.351669 295.363659 224.221180 160.553366 118.371611 nan 683.002969 537.272904 459.841726 324.725101 471.524918
63.800000 nan 620.614144 477.617826 386.428574 330.610529 295.596869 224.402141 160.687398 118.474397 nan 683.519506 537.683087 460.195339 324.979838 471.887069
63.850000 nan 621.084802 477.984148 386.728264 330.869379 295.830071 224.583095 160.821424 118.577179 nan 684.036021 538.093253 460.548937 325.234564 472.249206
63.900000 nan 621.555439 478.350454 387.027942 331.128218 296.063264 224.764043 160.955446 118.679958 nan 684.552514 538.503402 460.902521 325.489281 472.611328
63.950000 nan 622.026057 478.716746 387.327609 331.387047 296.296447 224.944984 161.089463 118.782734 nan 685.068986 538.913533 461.256090 325.743987 472.973435
64.000000 nan 622.496655 479.083022 387.627263 331.645865 296.529621 225.125918 161.223476 118.885506 nan 685.585435 539.323648 461.609645 325.998684 473.335527
64.050000 nan 622.967234 479.449283 387.926905 331.904674 296.762786 225.306845 161.357484 118.988275 nan 686.101863 539.733746 461.963185 326.253370 473.697605
64.100000 nan 623.437793 479.815530 388.226535 332.163472 296.995943 225.487765 161.491487 119.091040 nan 686.618270 540.143827 462.316710 326.508046 474.059667
64.150000 nan 623.908332 480.181761 388.526153 332.422260 297.229089 225.668679 161.625485 119.193803 nan 687.134654 540.553890 462.670222 326.762712 474.421715
64.200000 nan 624.378851 480.547977 388.825758 332.681037 297.462227 225.849585 161.759479 119.296562 nan 687.651017 540.963937 463.023718 327.017368 474.783747
64.250000 nan 624.849351 480.914178 389.125352 332.939805 297.695356 226.030485 161.893468 119.399317 nan 688.167359 541.373967 463.377201 327.272014 475.145765
64.300000 nan 625.319832 481.280365 389.424934 333.198562 297.928476 226.211379 162.027452 119.502070 nan 688.683678 541.783980 463.730669 327.526650 475.507768
64.350000 nan 625.790292 481.646536 389.724504 333.457309 298.161586 226.392265 162.161431 119.604819 nan 689.199976 542.193976 464.084122 327.781276 475.869757
64.400000 nan 626.260734 482.012692 390.024061 333.716046 298.394688 226.573145 162.295406 119.707564 nan 689.716253 542.603955 464.437561 328.035892 476.231730
64.450000 nan 626.731155 482.378834 390.323607 333.974772 298.627780 226.754018 162.429376 119.810307 nan 690.232508 543.013917 464.790986 328.290498 476.593689
64.500000 nan 627.201557 482.744960 390.623141 334.233489 298.860863 226.934884 162.563342 119.913046 nan 690.748741 543.423863 465.144396 328.545094 476.955633
64.550000 nan 627.671940 483.111072 390.922663 334.492195 299.093938 227.115743 162.697303 120.015782 nan 691.264953 543.833791 465.497793 328.799680 477.317563
64.600000 nan 628.142303 483.477168 391.222173 334.750891 299.327003 227.296596 162.831259 120.118514 nan 691.781143 544.243703 465.851174 329.054256 477.679478
64.650000 nan 628.612647 483.843250 391.521670 335.009577 299.560059 227.477442 162.965210 120.221243 nan 692.297312 544.653598 466.204542 329.308822 478.041378
64.700000 nan 629.082971 484.209317 391.821156 335.268253 299.793107 227.658281 163.099157 120.323969 nan 692.813460 545.063476 466.557895 329.563378 478.403263
64.750000 nan 629.553276 484.575369 392.120630 335.526918 300.026145 227.839114 163.233099 120.426692 nan 693.329586 545.473338 466.911234 329.817924 478.765134
64.800000 nan 630.023561 484.941407 392.420093 335.785574 300.259174 228.019939 163.367037 120.529411 nan 693.845690 545.883183 467.264558 330.072460 479.126990
64.850000 nan 630.493827 485.307429 392.719543 336.044219 300.492194 228.200759 163.500970 120.632127 nan 694.361774 546.293010 467.617869 330.326987 479.488831
64.900000 nan 630.964074 485.673437 393.018981 336.302854 300.725206 228.381571 163.634898 120.734840 nan 694.877835 546.702822 467.971165 330.581503 479.850658
64.950000 nan 631.434301 486.039430 393.318408 336.561480 300.958208 228.562377 163.768822 120.837550 nan 695.393876 547.112616 468.324447 330.836009 480.212470
65.000000 nan 631.904509 486.405408 393.617822 336.820095 301.191201 228.743176 163.902741 120.940256 nan 695.909895 547.522394 468.677714 331.090506 480.574268
65.050000 nan 632.374698 486.771371 393.917225 337.078700 301.424186 228.923968 164.036655 121.042959 nan 696.425893 547.932155 469.030968 331.344992 480.936051
65.100000 nan 632.844867 487.137320 394.216616 337.337295 301.657161 229.104754 164.170565 121.145659 nan 696.941870 548.341900 469.384207 331.599469 481.297819
65.150000 nan 633.315017 487.503254 394.515995 337.595880 301.890128 229.285533 164.304470 121.248355 nan 697.457825 548.751628 469.737432 331.853936 481.659573
65.200000 nan 633.785148 487.869173 394.815362 337.854455 302.123085 229.466305 164.438370 121.351048 nan 697.973759 549.161339 470.090643 332.108393 482.021313
65.250000 nan 634.255260 488.235077 395.114718 338.113020 302.356034 229.647071 164.572266 121.453738 nan 698.489672 549.571034 470.443840 332.362840 482.383037
65.300000 nan 634.725352 488.600967 395.414061 338.371574 302.588974 229.827830 164.706157 121.556425 nan 699.005564 549.980712 470.797022 332.617277 482.744748
65.350000 nan 635.195426 488.966842 395.713393 338.630119 302.821905 230.008583 164.840044 121.659109 nan 699.521434 550.390373 471.150191 332.871705 483.106444
65.400000 nan 635.665480 489.332703 396.012713 338.888654 303.054827 230.189329 164.973926 121.761789 nan 700.037283 550.800018 471.503345 333.126122 483.468125
65.450000 nan 636.135515 489.698549 396.312022 339.147179 303.287740 230.370068 165.107803 121.864466 nan 700.553112 551.209647 471.856485 333.380530 483.829792
65.500000 nan 636.605531 490.064380 396.611318 339.405694 303.520644 230.550800 165.241676 121.967139 nan 701.068919 551.619259 472.209612 333.634928 484.191445
65.550000 nan 637.075527 490.430197 396.910603 339.664199 303.753539 230.731526 165.375545 122.069810 nan 701.584705 552.028854 472.562724 333.889316 484.553083
65.600000 nan 637.545505 490.795999 397.209876 339.922694 303.986426 230.912246 165.509408 122.172477 nan 702.100470 552.438433 472.915822 334.143695 484.914706
65.650000 nan 638.015463 491.161786 397.509138 340.181179 304.219303 231.092958 165.643267 122.275141 nan 702.616214 552.847995 473.268906 334.398063 485.276316
65.700000 nan 638.485403 491.527559 397.808387 340.439654 304.452172 231.273665 165.777122 122.377802 nan 703.131936 553.257541 473.621976 334.652422 485.637910
65.750000 nan 638.955323 491.893317 398.107625 340.698119 304.685032 231.454364 165.910972 122.480459 nan 703.647638 553.667071 473.975032 334.906771 485.999491
65.800000 nan 639.425225 492.259061 398.406852 340.956574 304.917883 231.635057 166.044817 122.583114 nan 704.163319 554.076584 474.328074 335.161110 486.361057
65.850000 nan 639.895107 492.624790 398.706067 341.215019 305.150725 231.815743 166.178658 122.685765 nan 704.678979 554.486081 474.681102 335.415440 486.722609
65.900000 nan 640.364971 492.990505 399.005270 341.473454 305.383559 231.996423 166.312494 122.788413 nan 705.194618 554.895561 475.034116 335.669760 487.084146
65.950000 nan 640.834815 493.356205 399.304461 341.731880 305.616384 232.177097 166.446326 122.891057 nan 705.710236 555.305025 475.387117 335.924070 487.445669
66.000000 nan 641.304641 493.721891 399.603641 341.990295 305.849200 232.357763 166.580153 122.993699 nan 706.225833 555.714473 475.740103 336.178371 487.807178
66.050000 nan 641.774447 494.087562 399.902809 342.248701 306.082007 232.538423 166.713976 123.096337 nan 706.741409 556.123904 476.093075 336.432661 488.168673
66.100000 nan 642.244235 494.453219 400.201965 342.507097 306.314805 232.719077 166.847794 123.198972 nan 707.256965 556.533319 476.446033 336.686942 488.530153
66.150000 nan 642.714004 494.818861 400.501110 342.765483 306.547595 232.899724 166.981607 123.301603 nan 707.772499 556.942718 476.798978 336.941214 488.891619
66.200000 nan 643.183754 495.184489 400.800244 343.023859 306.780375 233.080365 167.115416 123.404232 nan 708.288013 557.352100 477.151909 337.195475 489.253071
66.250000 nan 643.653485 495.550103 401.099365 343.282225 307.013147 233.260999 167.249220 123.506857 nan 708.803506 557.761466 477.504825 337.449727 489.614508
66.300000 nan 644.123197 495.915702 401.398475 343.540581 307.245911 233.441626 167.383020 123.609479 nan 709.318978 558.170816 477.857728 337.703970 489.975932
66.350000 nan 644.592891 496.281287 401.697574 343.798928 307.478665 233.622247 167.516816 123.712098 nan 709.834430 558.580149 478.210617 337.958202 490.337341
66.400000 nan 645.062565 496.646857 401.996661 344.057265 307.711411 233.802861 167.650606 123.814714 nan 710.349860 558.989467 478.563492 338.212425 490.698736
66.450000 nan 645.532221 497.012413 402.295737 344.315592 307.944148 233.983469 167.784393 123.917327 nan 710.865270 559.398768 478.916354 338.466639 491.060116
66.500000 nan 646.001858 497.377955 402.594801 344.573909 308.176877 234.164071 167.918175 124.019936 nan 711.380659 559.808053 479.269201 338.720843 491.421483
66.550000 nan 646.471477 497.743482 402.893853 344.832216 308.409596 234.344666 168.051952 124.122542 nan 711.896028 560.217321 479.622035 338.975037 491.782835
66.600000 nan 646.941076 498.108995 403.192894 345.090514 308.642307 234.525254 168.185725 124.225145 nan 712.411376 560.626574 479.974855 339.229221 492.144173
66.650000 nan 647.410657 498.474494 403.491924 345.348802 308.875010 234.705836 168.319493 124.327745 nan 712.926703 561.035810 480.327661 339.483396 492.505498
66.700000 nan 647.880219 498.839978 403.790942 345.607080 309.107703 234.886412 168.453257 124.430342 nan 713.442010 561.445031 480.680454 339.737562 492.866808
