web/models/kne/26/mosfit_kn_0.018177_0.3277_0.5000.dat
# %ECSV 1.0
# ---
# datatype:
# - {name: time, datatype: float64}
# - {name: PS1_g, datatype: float64}
# - {name: PS1_i, datatype: float64}
# - {name: PS1_r, datatype: float64}
# - {name: PS1_w, datatype: float64}
# - {name: PS1_y, datatype: float64}
# - {name: PS1_z, datatype: float64}
# - {name: swift_uvot_B, datatype: float64}
# - {name: swift_uvot_U, datatype: float64}
# - {name: swift_uvot_uvm2, datatype: float64}
# - {name: swift_uvot_uvw1, datatype: float64}
# - {name: swift_uvot_uvw2, datatype: float64}
# - {name: swift_uvot_V, datatype: float64}
# - {name: johnson_B, datatype: float64}
# - {name: johnson_I, datatype: float64}
# - {name: johnson_R, datatype: float64}
# - {name: johnson_U, datatype: float64}
# - {name: johnson_V, datatype: float64}
# - {name: sdss_g, datatype: float64}
# - {name: sdss_i, datatype: float64}
# - {name: sdss_r, datatype: float64}
# - {name: sdss_u, datatype: float64}
# - {name: sdss_z, datatype: float64}
# - {name: ATLAS_c, datatype: float64}
# - {name: ATLAS_o, datatype: float64}
# - {name: ukirt_H, datatype: float64}
# - {name: ukirt_J, datatype: float64}
# - {name: ukirt_K, datatype: float64}
# - {name: Clear, datatype: float64}
# meta: !!omap
# - comment: [kappa = 0.5, type = rprocess, mass = 0.018176879801416274, velocity = 0.32766666666666666, theta_obs = 0.0, tfloor = 1000.0]
# schema: astropy-2.0
time PS1_g PS1_i PS1_r PS1_w PS1_y PS1_z swift_uvot_B swift_uvot_U swift_uvot_uvm2 swift_uvot_uvw1 swift_uvot_uvw2 swift_uvot_V johnson_B johnson_I johnson_R johnson_U johnson_V sdss_g sdss_i sdss_r sdss_u sdss_z ATLAS_c ATLAS_o ukirt_H ukirt_J ukirt_K Clear
[from data line 291]
17.55511022044088 9.485913100567931 0.6040842873686536 4.079155065406503 2.111231253902517 -2.9191057611565974 -1.501429796309477 13.025819677132418 19.68476377502734 33.57335907905651 15.650346307101888 18.16336281358154 7.445429793438733 11.821882360166228 -0.949429019053297 2.0206037476717027 18.653762595775596 6.4904074582699804 10.298453201882385 0.6853402394816577 4.307643724902928 20.185869305202164 -2.074857408331461 6.058231635149145 1.6058191105393504 -7.868093139072093 -5.718603843582402 -9.228381819545264 -0.17466278985882155
17.615230460921843 9.494812479288761 0.6129836660894838 4.088054444127316 2.1201306326233293 -2.910206382435785 -1.4925304175886467 13.034719055853248 19.69366315374816 33.582258457777336 15.659245685822718 18.17226219230237 7.454329172159546 11.83078173888704 -0.9405296403324668 2.029503126392515 18.66266197449641 6.499306836990793 10.307352580603197 0.6942396182024702 4.316543103623758 20.194768683922977 -2.0659580296106483 6.0671310138699575 1.6147184892601807 -7.859193760351281 -5.70970446486159 -9.219482440824452 -0.16576341113800908
17.675350701402806 9.503695275492543 0.6218664622932657 4.096937240331098 2.129013428827129 -2.901323586232003 -1.4836476213848648 13.04360185205703 19.70254594995194 33.59114125398112 15.6681284820265 18.18114498850615 7.463211968363328 11.83966453509084 -0.9316468441286849 2.038385922596315 18.67154477070019 6.508189633194575 10.316235376806997 0.703122414406252 4.32542589982754 20.203651480126766 -2.0570752334068665 6.076013810073757 1.6236012854639625 -7.850310964147499 -5.700821668657808 -9.21059964462067 -0.15688061493422722
17.73547094188377 9.512561693834058 0.6307328806347812 4.105803658672613 2.1378798471686444 -2.8924571678904876 -1.4747812030433494 13.052468270398546 19.71141236829346 33.600007672322626 15.676994900368015 18.190011406847667 7.472078386704843 11.848530953432356 -0.9227804257871695 2.0472523409378303 18.680411189041706 6.51705605153609 10.325101795148495 0.7119888327477675 4.334292318169055 20.212517898468285 -2.048208815065351 6.0848802284152725 1.632467703805478 -7.841444545805984 -5.691955250316292 -9.201733226279154 -0.14801419659271176
17.795591182364728 9.521411938202515 0.639583125003238 4.11465390304107 2.1467300915371013 -2.8836069235220307 -1.4659309586748925 13.061318514767002 19.720262612661912 33.60885791669109 15.685845144736472 18.198861651216124 7.4809286310733 11.857381197800812 -0.9139301814187126 2.056102585306287 18.689261433410163 6.525906295904547 10.33395203951697 0.7208390771162243 4.343142562537512 20.221368142836738 -2.039358570696894 6.093730472783729 1.6413179481739348 -7.832594301437527 -5.683105005947835 -9.192882981910698 -0.13916395222425493
17.85571142284569 9.530248070528078 0.6484192573287828 4.123490035366633 2.155566223862646 -2.874770791196468 -1.4570948263493477 13.070154647092547 19.729098744987468 33.61769404901665 15.694681277062017 18.20769778354167 7.489764763398862 11.866217330126357 -0.9050940490931678 2.064938717631832 18.698097565735726 6.53474242823011 10.342788171842514 0.7296752094417869 4.351978694863057 20.230204275162293 -2.0305224383713316 6.102566605109274 1.6501540804994974 -7.823758169111964 -5.674268873622273 -9.184046849585135 -0.13032781989869235
17.915831663326653 9.539065020462623 0.6572362072633275 4.132306985301177 2.164383173797191 -2.8659538412619234 -1.448277876414803 13.07897159702711 19.737915694922023 33.6265109989512 15.70349822699658 18.21651473347623 7.498581713333407 11.875034280060902 -0.8962770991586053 2.0737556675663766 18.70691451567027 6.543559378164654 10.351605121777059 0.7384921593763316 4.360795644797619 20.23902122509685 -2.021705488436787 6.111383555043819 1.6589710304340421 -7.8149412191774195 -5.665451923687728 -9.17522989965059 -0.12151086996414762
17.975951903807616 9.547867671656238 0.666038858456961 4.141109636494811 2.1731858249908242 -2.8571511900683078 -1.4394752252211696 13.087774248220725 19.746718346115646 33.635313650144816 15.712300878190195 18.225317384669847 7.507384364527023 11.883836931254535 -0.8874744479649896 2.08255831876001 18.715717166863904 6.552362029358288 10.360407772970692 0.7472948105699473 4.369598295991235 20.24782387629047 -2.012902837243171 6.120186206237452 1.6677736816276578 -7.806138567983786 -5.656649272494095 -9.166427248456975 -0.11270821877053194
18.036072144288575 9.556655148478885 0.674826335279608 4.149897113317458 2.1819733018134713 -2.8483637132456607 -1.4306877483985225 13.096561725043372 19.755505822938293 33.64410112696746 15.721088355012842 18.234104861492494 7.51617184134967 11.892624408077182 -0.8786869711423426 2.091345795582657 18.724504643686533 6.561149506180935 10.36919524979334 0.7560822873925943 4.378385772813882 20.25661135311312 -2.004115360420524 6.128973683060099 1.6765611584503048 -7.797351091161139 -5.647861795671448 -9.157639771634328 -0.10392074194788492
18.096192384769537 9.565427456752147 0.6835986435528696 4.158669421590702 2.190745610086733 -2.839591404972399 -1.421915440125261 13.105334033316634 19.764278131211547 33.652873435240714 15.729860663286104 18.242877169765755 7.5249441496229315 11.901396716350444 -0.869914662869081 2.1001181038559187 18.733276951959795 6.569921814454179 10.3779675580666 0.7648545956658559 4.387158081087144 20.265383661386373 -1.9953430521472626 6.137745991333361 1.6853334667235664 -7.788578782887895 -5.639089487398204 -9.148867463361066 -0.09514843367462333
18.1563126252505 9.574184746377608 0.6923559331783302 4.167426711216162 2.1995028997121935 -2.8308341153469385 -1.4131581504998003 13.114091322942095 19.773035420837004 33.661630724866185 15.738617952911564 18.251634459391216 7.533701439248392 11.910154005975905 -0.8611573732436204 2.1088753934813793 18.742034241585255 6.578679104079639 10.386724847692062 0.7736118852913165 4.395915370712604 20.27414095101183 -1.986585762521802 6.146503280958822 1.694090756349027 -7.7798214932624346 -5.630332197772743 -9.140110173735605 -0.0863911440491627
18.216432865731463 9.58292718977697 0.7010983765776757 4.1761691546155255 2.208245343111539 -2.8220916719475753 -1.4044157071004548 13.12283376634144 19.78177786423636 33.67037316826554 15.747360396310928 18.26037690279058 7.542443882647755 11.91889644937525 -0.8524149298442572 2.117617836880725 18.75077668498462 6.5874215474790025 10.395467291091407 0.7823543286906798 4.404657814111967 20.282883394411186 -1.9778433191224387 6.155245724358167 1.7028331997483903 -7.771079049863071 -5.62158975437338 -9.131367730336242 -0.07764870064979945
18.276553106212425 9.591654965558156 0.7098261523588789 4.184896930396711 2.216973118892742 -2.81336389616639 -1.3956879313192516 13.131561542122643 19.790505640017557 33.67910094404674 15.756088172092113 18.269104678571765 7.551171658428941 11.927624225156453 -0.8436871540630717 2.126345612661928 18.759504460765804 6.596149323260206 10.40419506687261 0.7910821044718652 4.413385589893153 20.291611170192382 -1.9691155433412533 6.16397350013937 1.7115609755295758 -7.762351274081868 -5.6128619785921945 -9.122639954555057 -0.06892092486861401
18.336673346693384 9.600368244669895 0.7185394314705995 4.193610209508449 2.2256863980044628 -2.8046506170546515 -1.386974652207531 13.140274821234364 19.799218919129284 33.68781422315846 15.764801451203851 18.277817957683485 7.559884937540679 11.936337504268174 -0.8349738749513511 2.1350588917736486 18.768217739877542 6.604862602371926 10.41290834598433 0.7997953835836036 4.422098869004891 20.30032444930411 -1.960402264229515 6.172686779251091 1.7202742546413141 -7.7536379949701475 -5.604148699480456 -9.113926675443318 -0.06020764575687565
18.396793587174347 9.609067197216348 0.7272383840170704 4.2023091620549025 2.2343853505509337 -2.7959516645081983 -1.3782756996610601 13.148973773780835 19.80791787167575 33.69651317570493 15.773500403750305 18.286516910229956 7.568583890087132 11.945036456814645 -0.8262749224048802 2.1437578443201195 18.776916692423995 6.6135615549183795 10.421607298530802 0.8084943361300567 4.430797821551344 20.309023401850574 -1.9517033116830618 6.181385731797562 1.7289732071877673 -7.744939042423694 -5.595449746934003 -9.105227722896865 -0.05150869321042251
18.45691382765531 9.61775198855868 0.7359231753593853 4.210993953397235 2.2430701418932486 -2.7872668731658656 -1.3695909083187452 13.15765856512315 19.81660266301807 33.70519796704725 15.782185195092637 18.29520170157229 7.577268681429465 11.95372124815696 -0.8175901310625475 2.1524426356624344 18.785601483766328 6.622246346260712 10.430292089873117 0.8171791274723894 4.439482612893677 20.317708193192896 -1.943018520340729 6.190070523139877 1.7376579985301 -7.736254251081362 -5.58676495559167 -9.096542931554533 -0.04282390186808982
18.517034068136272 9.626422782215602 0.744593969016325 4.219664747054157 2.2517409355501705 -2.7785960795089437 -1.3609201146618055 13.16632935878009 19.825273456675 33.71386876070417 15.79085598874956 18.30387249522921 7.585939475086387 11.9623920418139 -0.8089193374056256 2.1611134293193563 18.79427227742325 6.630917139917634 10.438962883530039 0.8258499211293113 4.448153406550599 20.326378986849825 -1.9343477266838072 6.198741316796799 1.7463287921870219 -7.72758345742444 -5.578094161934748 -9.08787213789761 -0.034153108211167904
18.577154308617235 9.635079738198513 0.7532509249992358 4.228321703037068 2.260397891533099 -2.769939123526033 -1.3522631586788947 13.174986314763 19.833930412657914 33.722525716687095 15.79951294473247 18.31252945121212 7.594596431069298 11.97104899779681 -0.8002623814227148 2.169770385302285 18.80292923340616 6.639574095900545 10.447619839512967 0.8345068771122222 4.45681036253351 20.33503594283274 -1.9256907707008963 6.207398272779727 1.7549857481699327 -7.718926501441529 -5.5694372059518376 -9.0792151819147 -0.025496152228257074
18.637274549098194 9.643723013232268 0.7618942000329731 4.236964978070823 2.2690411665668364 -2.761295848492278 -1.3436198836451574 13.183629589796737 19.842573687691658 33.73116899172084 15.808156219766225 18.321172726245877 7.603239706103053 11.979692272830547 -0.7916191063889775 2.1784136603360222 18.811572508439916 6.6482173709343 10.456263114546704 0.8431501521459772 4.465453637567265 20.343679217866484 -1.9170474956671413 6.2160415478134645 1.7636290232036878 -7.710283226407774 -5.5607939309180825 -9.070571906880945 -0.016852877194502014
18.697394789579157 9.652352758470446 0.770523945271151 4.245594723309001 2.2776709118050142 -2.7526661032541 -1.3349901384069796 13.192259335034915 19.851203432929836 33.73979873695902 15.816785965004403 18.329802471484054 7.611869451341231 11.988322018068725 -0.7829893611507996 2.1870434055742 18.820202253678094 6.656847116172478 10.464892859784882 0.851779897384155 4.474083382805443 20.35230896310466 -1.9084177504289634 6.224671293051642 1.7722587684418656 -7.701653481169596 -5.552164185679905 -9.061942161642767 -0.008223131956324181
18.75751503006012 9.660969126429233 0.7791403132299557 4.254211091267788 2.286287279763801 -2.744049735295313 -1.3263737704481926 13.20087570299372 19.85981980088863 33.748415104917804 15.82540233296319 18.33841883944284 7.620485819300018 11.996938386027512 -0.7743729931919949 2.195659773532987 18.82881862163688 6.665463484131265 10.47350922774367 0.860396265342942 4.48269975076423 20.360925331063456 -1.8998013824701765 6.233287661010429 1.7808751364006525 -7.693037113210809 -5.543547817721118 -9.05332579368398 0.00039323600246277124
18.817635270541082 9.669572265064073 0.7877434518647952 4.262814229902645 2.2948904183986585 -2.7354465966604735 -1.3177706318133353 13.20947884162856 19.86842293952347 33.75701824355265 15.83400547159803 18.34702197807768 7.629088957934857 12.00554152466237 -0.7657698545571554 2.2042629121678443 18.83742176027172 6.674066622766122 10.482112366378527 0.8689994039777815 4.491302889399069 20.369528469698295 -1.891198243835337 6.241890799645287 1.789478275035492 -7.684433974575952 -5.53494467908626 -9.04472265504914 0.008996374637302296
18.877755511022045 9.67816232046248 0.7963335072632027 4.271404285301035 2.3034804737970482 -2.726856541262066 -1.3091805764149278 13.218068897026967 19.877012994921877 33.76560829895105 15.842595526996437 18.35561203347609 7.637679013333265 12.014131580060777 -0.7571797991587479 2.212852967566252 18.846011815670128 6.682656678164512 10.490702421776916 0.877589459376189 4.499892944797477 20.378118525096703 -1.8826081884369295 6.250480855043676 1.7980683304338996 -7.675843919177562 -5.526354623687871 -9.036132599650733 0.01758643003570981
18.937875751503004 9.686739433298968 0.8049106200996903 4.27998139813754 2.3120575866335535 -2.7182794284255607 -1.3006034635784403 13.226646009863455 19.885590107758375 33.77418541178755 15.851172639832924 18.364189146312576 7.64625612616977 12.022708692897265 -0.7486026863222603 2.2214300804027394 18.854588928506633 6.691233791001017 10.499279534613422 0.8861665722126766 4.508470057633964 20.3866956379332 -1.874031075600442 6.259057967880182 1.8066454432703871 -7.667266806341057 -5.517777510851365 -9.027555486814245 0.026163542872197354
18.997995991983966 9.695303739189072 0.8134749259897767 4.2885457040276265 2.32062189252364 -2.7097151225354743 -1.2920391576883539 13.235210315753541 19.89415441364846 33.78274971767763 15.85973694572301 18.372753452202662 7.654820432059856 12.031272998787351 -0.740038380432174 2.2299943862928258 18.86315323439672 6.6997980968911035 10.507843840503508 0.8947308781027807 4.517034363524051 20.395259943823287 -1.8654667697103378 6.267622273770268 1.8152097491604913 -7.65870250045097 -5.509213204961279 -9.018991180924141 0.034727848762301505
19.05811623246493 9.703855376913264 0.8220265637139867 4.297097341751819 2.32917353024785 -2.701163484811282 -1.2834875199641438 13.243761953477751 19.90270605137266 33.79130135540184 15.868288583447221 18.381305089926872 7.663372069784049 12.039824636511561 -0.7314867427079639 2.238546024017036 18.87170487212091 6.708349734615296 10.516395478227718 0.903282515826973 4.525586001248261 20.403811581547487 -1.8569151319861454 6.276173911494478 1.8237613868846836 -7.650150862726778 -5.500661567237087 -9.010439543199949 0.04327948648649382
19.118236472945892 9.712394481068749 0.8305656678694717 4.3056364459073215 2.337712634403335 -2.692624380655797 -1.2749484158086588 13.252301057633236 19.91124515552815 33.79984045955733 15.876827687602706 18.389844194082357 7.671911173939534 12.048363740667046 -0.7229476385524789 2.247085128172521 18.880243976276397 6.716888838770799 10.524934582383203 0.911821619982458 4.534125105403746 20.412350685702975 -1.8483760278306605 6.284713015649963 1.8323004910401686 -7.641611758571275 -5.492122463081602 -9.001900439044464 0.0518185906419788
19.178356713426854 9.72092118022875 0.8390923670294725 4.314163145067305 2.346239333563336 -2.684097681495796 -1.266421716648658 13.260827756793237 19.91977185468815 33.808367158717324 15.885354386762707 18.398370893242358 7.680437873099534 12.056890439827047 -0.7144209393924781 2.2556118273325216 18.888770675436398 6.725415537930782 10.533461281543186 0.9203483191424588 4.5426518045637465 20.420877384862976 -1.8398493286706596 6.293239714809946 1.8408271902001694 -7.633085059411292 -5.483595763921601 -8.993373739884463 0.06034528980197962
