web/models/kne/26/mosfit_kn_0.003466_0.2337_3.6500.dat
# %ECSV 1.0
# ---
# datatype:
# - {name: time, datatype: float64}
# - {name: PS1_g, datatype: float64}
# - {name: PS1_i, datatype: float64}
# - {name: PS1_r, datatype: float64}
# - {name: PS1_w, datatype: float64}
# - {name: PS1_y, datatype: float64}
# - {name: PS1_z, datatype: float64}
# - {name: swift_uvot_B, datatype: float64}
# - {name: swift_uvot_U, datatype: float64}
# - {name: swift_uvot_uvm2, datatype: float64}
# - {name: swift_uvot_uvw1, datatype: float64}
# - {name: swift_uvot_uvw2, datatype: float64}
# - {name: swift_uvot_V, datatype: float64}
# - {name: johnson_B, datatype: float64}
# - {name: johnson_I, datatype: float64}
# - {name: johnson_R, datatype: float64}
# - {name: johnson_U, datatype: float64}
# - {name: johnson_V, datatype: float64}
# - {name: sdss_g, datatype: float64}
# - {name: sdss_i, datatype: float64}
# - {name: sdss_r, datatype: float64}
# - {name: sdss_u, datatype: float64}
# - {name: sdss_z, datatype: float64}
# - {name: ATLAS_c, datatype: float64}
# - {name: ATLAS_o, datatype: float64}
# - {name: ukirt_H, datatype: float64}
# - {name: ukirt_J, datatype: float64}
# - {name: ukirt_K, datatype: float64}
# - {name: Clear, datatype: float64}
# meta: !!omap
# - comment: [kappa = 3.65, type = rprocess, mass = 0.003465724215782086, velocity = 0.2336666666666667, theta_obs = 0.0, tfloor = 1000.0]
# schema: astropy-2.0
time PS1_g PS1_i PS1_r PS1_w PS1_y PS1_z swift_uvot_B swift_uvot_U swift_uvot_uvm2 swift_uvot_uvw1 swift_uvot_uvw2 swift_uvot_V johnson_B johnson_I johnson_R johnson_U johnson_V sdss_g sdss_i sdss_r sdss_u sdss_z ATLAS_c ATLAS_o ukirt_H ukirt_J ukirt_K Clear
[from data line 175]
10.581162324649299 10.4871993357966 1.6053705225973225 5.0804413006351545 3.1125174891311858 -1.9178195259279462 -0.500143561080808 14.027105912361087 20.686050010255997 34.57464531428517 16.651632542330557 19.164649048810208 8.446716028667385 12.823168595394897 0.05185721617537187 3.0218899829003716 19.655048831004258 7.491693693498632 11.299739437111036 1.6866264747103088 5.3089299601315965 21.187155540430822 -1.0735711731028097 7.059517870377814 2.6071053457680193 -6.866806903843442 -4.717317608353751 -8.227095584316613 0.8266234453698296
10.64128256513026 10.502178776773565 1.6203499635742702 5.09542074161212 3.1274969301081335 -1.9028400849509808 -0.48516412010386034 14.042085353338035 20.701029451232955 34.58962475526213 16.666611983307504 19.179628489787167 8.46169546964435 12.838148036371845 0.06683665715231957 3.0368694238773193 19.670028271981213 7.506673134475597 11.314718878088001 1.7016059156872743 5.323909401108544 21.20213498140778 -1.0585917321258442 7.074497311354762 2.622084786744985 -6.851827462866477 -4.7023381673767854 -8.212116143339648 0.841602886346795
10.701402805611222 10.517108109140345 1.6352792959410678 5.110350073978918 3.142426262474931 -1.887910752584201 -0.47023478773706273 14.057014685704832 20.715958783599746 34.60455408762893 16.681541315674302 19.194557822153953 8.47662480201113 12.853077368738642 0.08176598951911718 3.051798756244117 19.684957604348 7.521602466842395 11.329648210454799 1.716535248054054 5.338838733475342 21.21706431377457 -1.0436623997590644 7.089426643721559 2.6370141191117646 -6.836898130499679 -4.687408835009988 -8.197186810972868 0.8565322187135749
10.761523046092185 10.531988104870642 1.6501592916713648 5.125230069709197 3.157306258205228 -1.873030756853904 -0.45535479200676576 14.07189468143513 20.730838779330043 34.61943408335922 16.6964213114046 19.20943781788425 8.491504797741428 12.86795736446894 0.09664598524941415 3.066678751974414 19.69983760007829 7.536482462572674 11.344528206185078 1.731415243784351 5.353718729205639 21.23194430950487 -1.0287824040287674 7.104306639451838 2.6518941148420616 -6.8220181347694 -4.672528839279709 -8.18230681524257 0.8714122144438718
10.821643286573146 10.546819566724928 1.6649907535256325 5.140061531563482 3.172137720059496 -1.8581992949996184 -0.440523330152498 14.086726143289397 20.745670241184317 34.6342655452135 16.711252773258884 19.224269279738525 8.506336259595713 12.882788826323207 0.1114774471036819 3.0815102138286816 19.714669061932575 7.551313924426959 11.359359668039364 1.7462467056386366 5.368550191059924 21.246775771359143 -1.013950942174482 7.119138101306124 2.666725576696347 -6.8071866729151145 -4.657697377425423 -8.167475353388285 0.8862436762981574
10.881763527054108 10.56160338028489 1.6797745670856123 5.154845345123444 3.186921533619458 -1.8434154814396564 -0.4257395165925182 14.101509956849377 20.760454054744287 34.64904935877346 16.726036586818847 19.239053093298498 8.521120073155675 12.897572639883187 0.12626126066366172 3.0962940273886614 19.729452875492537 7.566097737986921 11.374143481599326 1.7610305191985987 5.383334004619886 21.261559584919112 -0.9991671286145198 7.133921914866086 2.681509390256309 -6.792402859355152 -4.642913563865461 -8.152691539828323 0.9010274898581194
10.941883767535069 10.576340440525005 1.69451162732571 5.16958240536356 3.201658593859573 -1.828678421199541 -0.4110024563524206 14.116247017089474 20.775191114984395 34.663786419013576 16.740773647058962 19.253790153538606 8.53585713339579 12.912309700123284 0.14099832090377706 3.111031087628759 19.744189935732653 7.580834798227037 11.388880541839441 1.775767579438714 5.398071064860002 21.27629664515922 -0.9844300683744045 7.148658975106201 2.6962464504964245 -6.777665799115037 -4.628176503625346 -8.137954479588208 0.9157645500982348
11.002004008016032 10.591031709918326 1.7092028967190487 5.184273674756881 3.216349863252912 -1.81398715180622 -0.39631118695908185 14.130938286482813 20.789882384377727 34.67847768840691 16.755464916452283 19.268481422931934 8.550548402789111 12.927000969516623 0.15568959029709806 3.1257223570220978 19.75888120512598 7.5955260676203755 11.40357181123278 1.790458848832035 5.412762334253323 21.290987914552552 -0.9697387989810835 7.16335024449954 2.7109377198897455 -6.762974529721698 -4.613485234232025 -8.123263210194887 0.9304558194915558
11.062124248496994 10.605678011324162 1.723849198124885 5.198919976162717 3.230996164658748 -1.7993408504003838 -0.3816648855532456 14.14558458788865 20.80452868578356 34.69312398981273 16.77011121785812 19.28312772433777 8.565194704194948 12.94164727092246 0.17033589170293428 3.140368658427934 19.77352750653181 7.610172369026194 11.418218112638598 1.8051051502378712 5.427408635659159 21.305634215958385 -0.9550924975752473 7.1779965459053585 2.7255840212955817 -6.74832822831588 -4.5988389328261885 -8.10861690878905 0.945102120897392
11.122244488977955 10.620280238694448 1.738451425495171 5.213522203533021 3.2455983920290343 -1.78473862303008 -0.36706265818295947 14.160186815258935 20.819130913153856 34.70772621718303 16.784713445228405 19.297729951708057 8.579796931565234 12.956249498292745 0.18493811907322044 3.15497088579822 19.788129733902103 7.624774596396498 11.432820340008902 1.8197073776081574 5.442010863029445 21.32023644332868 -0.9404902702049611 7.192598773275662 2.740186248665868 -6.733726000945576 -4.584236705455885 -8.094014681418765 0.9597043482676781
11.182364729458918 10.634839275406254 1.7530104622069764 5.2280812402448085 3.260157428740822 -1.7701795863182923 -0.3525036214711541 14.17474585197074 20.83368994986565 34.722285253894825 16.79927248194021 19.312288988419855 8.59435596827704 12.97080853500455 0.1994971557850258 3.1695299225100078 19.8026887706139 7.6393336331082855 11.44737937672069 1.8342664143199627 5.45656989974125 21.334795480040476 -0.9259312334931558 7.20715780998745 2.7547452853776733 -6.719166964233788 -4.569677668744097 -8.07945564470696 0.9742633849794835
11.242484969939879 10.64935594724897 1.7675271340496934 5.2425979120875255 3.2746741005835567 -1.7556629144755753 -0.3379869496284371 14.189262523813458 20.84820662170837 34.736801925737545 16.813789153782928 19.32680566026258 8.608872640119756 12.985325206847268 0.2140138276277428 3.1840465943527425 19.81720544245662 7.6538503049510025 11.461896048563407 1.8487830861626797 5.471086571583967 21.349312151883197 -0.9114145616504388 7.221674481830167 2.7692619572203903 -6.704650292391071 -4.55516099690138 -8.064938972864242 0.9887800568222005
11.302605210420841 10.66383103543524 1.7820022222359455 5.257073000273795 3.2891491887698088 -1.7411878262893055 -0.323511861442185 14.20373761199971 20.86268170989463 34.751277013923804 16.82826424196918 19.341280748448842 8.623347728306026 12.99980029503352 0.2284889158139949 3.1985216825389946 19.83168053064289 7.668325393137272 11.476371136749677 1.8632581743489496 5.4855616597702195 21.363787240069456 -0.8969394734641689 7.236149570016437 2.78373704540666 -6.6901752042048015 -4.54068590871511 -8.050463884677972 1.0032551450084704
11.362725450901802 10.678265334183479 1.7964365209841837 5.2715072990220335 3.303583487518047 -1.7267535275410673 -0.3090775626939468 14.218171910747948 20.87711600864287 34.765711312672046 16.842698540717436 19.355715047197076 8.637782027054264 13.014234593781758 0.24292321456225086 3.212955981287233 19.846114829391126 7.6827596918855106 11.490805435497915 1.8776924730971878 5.4999959585184754 21.378221538817694 -0.8825051747159307 7.250583868764675 2.7981713441548983 -6.675740905456563 -4.526251609966872 -8.036029585929734 1.0176894437567086
11.422845691382765 10.692659639572177 1.8108308263729 5.285901604410732 3.3179777929067633 -1.7123592221523687 -0.2946832573052305 14.232566216136664 20.891510314031578 34.78010561806076 16.857092846106134 19.370109352585786 8.652176332442963 13.028628899170474 0.2573175199509494 3.227350286675949 19.860509134779832 7.697153997274209 11.505199740886631 1.8920867784858864 5.514390263907174 21.392615844206404 -0.8681108693272321 7.264978174153391 2.812565649543597 -6.661346600067865 -4.511857304578173 -8.021635280541036 1.0320837491454071
11.482965931863728 10.707014654479519 1.8251858412802413 5.300256619318091 3.3323328078141046 -1.6980042072450274 -0.2803282423978892 14.246921231044006 20.905865328938926 34.7944606329681 16.871447861013475 19.384464367493127 8.666531347350304 13.042983914077816 0.2716725348582907 3.2417053015832904 19.874864149687177 7.711509012181568 11.519554755793973 1.9064417933932276 5.528745278814515 21.406970859113752 -0.8537558544198909 7.279333189060733 2.826920664450938 -6.646991585160506 -4.497502289670814 -8.007280265633694 1.0464387640527484
11.543086172344688 10.72133109520184 1.839502282002563 5.314573060040395 3.3466492485364263 -1.6836877665227057 -0.2660118016755675 14.261237671766327 20.92018176966124 34.808777073690415 16.885764301735797 19.39878080821545 8.680847788072626 13.057300354800137 0.2859889755806124 3.256021742305612 19.889180590409488 7.725825452903872 11.533871196516277 1.9207582341155494 5.543061719536837 21.421287299836067 -0.8394394136975691 7.293649629783037 2.84123710517326 -6.632675144438202 -4.48318584894851 -7.992963824911373 1.0607552047750701
11.603206412825651 10.735609653190092 1.8537808399907973 5.328851618028647 3.3609278065246606 -1.6694092085344536 -0.2517332436873332 14.275516229754562 20.934460327649482 34.823055631678656 16.90004285972403 19.413059366203694 8.695126346060878 13.071578912788372 0.3002675335688467 3.2703003002938464 19.90345914839773 7.740104010892124 11.548149754504529 1.9350367921038014 5.557340277525071 21.435565857824308 -0.8251608557093171 7.307928187771289 2.855515663161512 -6.61839658644995 -4.468907290960258 -7.9786852669231205 1.0750337627633222
11.663326653306612 10.749851038477303 1.8680222252780254 5.3430930033158575 3.375169191811871 -1.6551678232472433 -0.23749185840010512 14.28975761504179 20.948701712936703 34.83729701696587 16.91428424501126 19.42730075149091 8.709367731348088 13.0858202980756 0.3145089188560748 3.2845416855810745 19.91770053368495 7.7543453961793345 11.562391139791739 1.9492781773910117 5.571581662812299 21.44980724311153 -0.8109194704221068 7.322169573058499 2.8697570484487223 -6.604155201162739 -4.454665905673048 -7.96444388163591 1.0892751480505325
11.723446893787575 10.764055849420249 1.8822270362209714 5.3572978142588035 3.389374002754817 -1.6409630123042973 -0.2232870474571591 14.303962425984736 20.962906523879646 34.85150182790882 16.928489055954206 19.441505562433857 8.723572542291034 13.100025109018546 0.3287137297990208 3.2987464965240205 19.931905344627896 7.7685502071222805 11.576595950734685 1.9634829883339577 5.585786473755245 21.46401205405447 -0.7967146594791608 7.336374384001445 2.8839618593916683 -6.589950390219793 -4.440461094730102 -7.950239070692964 1.1034799589934785
11.783567134268537 10.778224727933328 1.8963959147340326 5.371466692771882 3.403542881267896 -1.6267941337912184 -0.20911816894409796 14.318131304497797 20.977075402392718 34.86567070642189 16.942657934467267 19.455674440946925 8.737741420804113 13.114193987531607 0.34288260831208195 3.3129153750370817 19.94607422314097 7.782719085635359 11.590764829247764 1.9776518668470366 5.5999553522683065 21.478180932567543 -0.7825457809660818 7.350543262514524 2.8981307379047294 -6.575781511706714 -4.426292216217023 -7.936070192179885 1.1176488375065574
11.843687374749498 10.792358282549568 1.9105294693502728 5.385600247388123 3.417676435884136 -1.6126605791749782 -0.19498461432785774 14.332264859114055 20.991208957008965 34.87980426103814 16.956791489083525 19.46980799556317 8.751874975420353 13.128327542147847 0.35701616292833993 3.327048929653322 19.960207777757216 7.7968526402516 11.604898383864004 1.9917854214632769 5.6140889068845645 21.492314487183783 -0.7684122263498416 7.364676817130764 2.9122642925209874 -6.561647957090474 -4.412158661600783 -7.921936637563645 1.1317823921227976
11.90380761523046 10.806457132949223 1.924628319749928 5.399699097787778 3.4317752862837914 -1.5985617287753229 -0.18088576392820244 14.346363709513692 21.005307807408613 34.89390311143779 16.970890339483162 19.483906845962824 8.765973825820009 13.142426392547502 0.37111501332797747 3.341147780052977 19.97430662815687 7.810951490651255 11.61899723426366 2.005884271862932 5.628187757284202 21.50641333758344 -0.7543133759501863 7.3787756675304195 2.9263631429206427 -6.547549106690819 -4.3980598112011275 -7.90783778716399 1.145881242522453
11.963927855711422 10.820521795028064 1.938692981828769 5.413763759866619 3.4458399483626323 -1.584497066696482 -0.1668211018493615 14.360428371592533 21.019372469487454 34.907967773516624 16.984955001562003 19.497971508041662 8.78003848789885 13.156491054626343 0.3851796754068184 3.355212442131818 19.988371290235712 7.825016152730096 11.6330618963425 2.019948933941773 5.642252419363043 21.52047799966228 -0.7402487138713454 7.39284032960926 2.9404278049994836 -6.533484444611978 -4.383995149122287 -7.893773125085149 1.1599459046012939
12.024048096192384 10.83455283566611 1.9527240224668319 5.427794800504682 3.459870989000695 -1.5704660260584369 -0.15279006121129868 14.374459412230596 21.033403510125517 34.92199881415469 16.998986042200066 19.512002548679718 8.794069528536895 13.170522095264406 0.39921071604488123 3.369243482769881 20.002402330873764 7.839047193368159 11.647092936980563 2.033979974579818 5.656283460001106 21.534509040300343 -0.7262176732333003 7.406871370247323 2.9544588456375287 -6.519453403973915 -4.369964108484224 -7.879742084447104 1.173976945239339
12.084168336673347 10.848550790891842 1.9667219776925648 5.441792755730415 3.473868944226428 -1.5564680708327039 -0.13879210598556568 14.38845736745633 21.04740146535125 34.935996769380424 17.0129839974258 19.52600050390545 8.808067483762628 13.18452005049014 0.4132086712706142 3.383241437995614 20.016400286099497 7.853045148593892 11.661090892206296 2.047977929805551 5.670281415226839 21.548506995526076 -0.7122197180075673 7.420869325473056 2.9684568008632617 -6.505455448748182 -4.355966153258491 -7.865744129221371 1.187974900465072
12.144288577154308 10.862516194428178 1.9806873812289005 5.45575815926675 3.487834347762764 -1.5425026672963682 -0.12482670244923 14.402422770992665 21.061366868887585 34.949962172916756 17.026949400962135 19.539965907441786 8.822032887298963 13.198485454026475 0.4271740748069499 3.3972068415319496 20.030365689635836 7.867010552130227 11.675056295742632 2.061943333341887 5.6842468187631745 21.5624723990624 -0.6982543144712317 7.434834729009392 2.9824222043995974 -6.4914900452118465 -4.342000749722155 -7.851778725685035 1.2019403040014076
12.20440881763527 10.876449500538001 1.994620687338724 5.469691465376556 3.5017676538725695 -1.5285693611865447 -0.11089339633940654 14.416356077102488 21.075300174997402 34.96389547902657 17.040882707071958 19.5538992135516 8.835966193408787 13.21241876013628 0.4411073809167734 3.4111401476417553 20.04429899574565 7.880943858240033 11.688989601852438 2.0758766394517103 5.698180124872998 21.576405705172228 -0.6843210083614082 7.448768035119198 2.996355510509421 -6.477556739102041 -4.328067443612349 -7.837845419575212 1.215873610111231
