web/models/kne/26/mosfit_kn_0.009764_0.3277_3.6500.dat
# %ECSV 1.0
# ---
# datatype:
# - {name: time, datatype: float64}
# - {name: PS1_g, datatype: float64}
# - {name: PS1_i, datatype: float64}
# - {name: PS1_r, datatype: float64}
# - {name: PS1_w, datatype: float64}
# - {name: PS1_y, datatype: float64}
# - {name: PS1_z, datatype: float64}
# - {name: swift_uvot_B, datatype: float64}
# - {name: swift_uvot_U, datatype: float64}
# - {name: swift_uvot_uvm2, datatype: float64}
# - {name: swift_uvot_uvw1, datatype: float64}
# - {name: swift_uvot_uvw2, datatype: float64}
# - {name: swift_uvot_V, datatype: float64}
# - {name: johnson_B, datatype: float64}
# - {name: johnson_I, datatype: float64}
# - {name: johnson_R, datatype: float64}
# - {name: johnson_U, datatype: float64}
# - {name: johnson_V, datatype: float64}
# - {name: sdss_g, datatype: float64}
# - {name: sdss_i, datatype: float64}
# - {name: sdss_r, datatype: float64}
# - {name: sdss_u, datatype: float64}
# - {name: sdss_z, datatype: float64}
# - {name: ATLAS_c, datatype: float64}
# - {name: ATLAS_o, datatype: float64}
# - {name: ukirt_H, datatype: float64}
# - {name: ukirt_J, datatype: float64}
# - {name: ukirt_K, datatype: float64}
# - {name: Clear, datatype: float64}
# meta: !!omap
# - comment: [kappa = 3.65, type = rprocess, mass = 0.009763877790252312, velocity = 0.32766666666666666, theta_obs = 0.0, tfloor = 1000.0]
# schema: astropy-2.0
time PS1_g PS1_i PS1_r PS1_w PS1_y PS1_z swift_uvot_B swift_uvot_U swift_uvot_uvm2 swift_uvot_uvw1 swift_uvot_uvw2 swift_uvot_V johnson_B johnson_I johnson_R johnson_U johnson_V sdss_g sdss_i sdss_r sdss_u sdss_z ATLAS_c ATLAS_o ukirt_H ukirt_J ukirt_K Clear
[from data line 321]
19.35871743486974 10.784186275840035 1.902357462640758 5.377428240678608 3.4095044291746213 -1.620832585884493 -0.20315662103737253 14.324092852404522 20.983036950299443 34.87163225432862 16.948619482373992 19.461635988853644 8.743702968710839 13.120155535438332 0.3488441562188074 3.318876922943807 19.95203577104769 7.788680633542085 11.59672637715449 1.9836134147537443 5.605916900175032 21.48414248047427 -0.7765842330593742 7.356504810421249 2.904092285811455 -6.569819963799989 -4.420330668310298 -7.930108644273178 1.123610385413265
19.4188376753507 10.794530327390053 1.9127015141907755 5.3877722922286075 3.419848480724621 -1.6104885343344932 -0.19281256948735503 14.33443690395454 20.99338100184945 34.881976305878624 16.95896353392401 19.471980040403654 8.754047020260838 13.130499586988332 0.3591882077688249 3.329220974493807 19.9623798225977 7.799024685092085 11.607070428704489 1.9939574663037618 5.6162609517250495 21.494486532024276 -0.7662401815093567 7.366848861971249 2.9144363373614723 -6.559475912249989 -4.409986616760298 -7.91976459272316 1.1339544369632826
19.478957915831664 10.804860056909718 1.9230312437104402 5.398102021748272 3.4301782102442857 -1.6001588048148285 -0.18248283996769032 14.344766633474205 21.003710731369118 34.892306035398285 16.969293263443674 19.482309769923326 8.764376749780503 13.140829316508015 0.3695179372884896 3.3395507040134893 19.972709552117365 7.809354414611749 11.617400158224154 2.0042871958234265 5.626590681244714 21.504816261543944 -0.755910451989692 7.377178591490914 2.924766066881137 -6.549146182730325 -4.399656887240633 -7.909434863203495 1.1442841664829473
19.539078156312623 10.815175481886108 1.9333466686868128 5.408417446724663 3.440493635220676 -1.5898433798384382 -0.1721674149913177 14.355082058450595 21.014026156345498 34.90262146037468 16.979608688420065 19.492625194899706 8.774692174756893 13.151144741484387 0.37983336226487996 3.349866128989862 19.983024977093756 7.81966983958814 11.627715583200544 2.014602620799817 5.6369061062211046 21.515131686520323 -0.7455950270133016 7.387494016467304 2.9350814918575274 -6.538830757753934 -4.389341462264243 -7.899119438227105 1.1545995914593377
19.599198396793586 10.825476631236164 1.9436478180368866 5.418718596074719 3.45079478457075 -1.5795422304883822 -0.16186626564124396 14.365383207800651 21.024327305695564 34.912922609724745 16.98990983777012 19.502926344249772 8.78499332410695 13.161445890834461 0.39013451161493595 3.3601672783399357 19.99332612644382 7.829970988938213 11.638016732550618 2.024903770149873 5.6472072555711605 21.52543283587039 -0.7352938776632456 7.397795165817378 2.9453826412075834 -6.528529608403878 -4.379040312914187 -7.888818288877049 1.1649007408093937
19.65931863727455 10.835763523807778 1.9539347106085003 5.42900548864635 3.4610816771423636 -1.5692553379167506 -0.1515793730696302 14.375670100372265 21.034614198267185 34.92320950229636 17.000196730341735 19.513213236821386 8.795280216678563 13.171732783406075 0.4004214041865497 3.3704541709115494 20.003613019015432 7.840257881509827 11.648303625122232 2.0351906627214866 5.657494148142774 21.53571972844201 -0.7250069850916319 7.408082058388992 2.955669533779197 -6.518242715832247 -4.368753420342555 -7.878531396305435 1.1751876333810074
19.71943887775551 10.846036185629053 1.964207372429776 5.439278150467626 3.471354338963639 -1.558982676095475 -0.1413067112483546 14.38594276219354 21.04488686008846 34.933482164117635 17.01046939216301 19.52348589864266 8.805552878499856 13.18200544522735 0.4106940660078253 3.380726832732825 20.013885680836708 7.850530543331103 11.658576286943507 2.0454633245427623 5.66776680996405 21.545992390263287 -0.7147343232703562 7.418354720210267 2.965942195600473 -6.507970054010971 -4.35848075852128 -7.86825873448416 1.185460295202283
19.779559118236474 10.856294637210713 1.9744658240114354 5.449536602049285 3.4816127905452987 -1.5487242245138333 -0.1310482596666951 14.3962012137752 21.05514531167012 34.94374061569929 17.02072784374467 19.53374435022432 8.815811330081498 13.19226389680901 0.4209525175894848 3.3909852843144845 20.02414413241837 7.860788994912762 11.668834738525167 2.0557217761244218 5.678025261545709 21.556250841844946 -0.7044758716886967 7.428613171791927 2.9762006471821323 -6.497711602429312 -4.34822230693962 -7.8580002829025 1.1957187467839425
19.839679358717433 10.866538901864473 1.9847100886651958 5.459780866703046 3.491857055199059 -1.5384799598600551 -0.1208039950129347 14.40644547842896 21.06538957632388 34.953984880353055 17.03097210839843 19.543988614878092 8.826055594735276 13.20250816146277 0.4311967822432452 3.401229548968245 20.034388397072128 7.871033259566523 11.679079003178927 2.065966040778182 5.68826952619947 21.566495106498706 -0.6942316070349364 7.438857436445687 2.9864449118358927 -6.487467337775551 -4.33797804228586 -7.84775601824874 1.2059630114377207
19.899799599198396 10.876768994068442 1.9949401808691647 5.470010958906997 3.50208714740301 -1.528249867656104 -0.11057390280896584 14.416675570632929 21.075619668527843 34.96421497255701 17.0412022006024 19.55421870708204 8.836285686939227 13.212738253666721 0.44142687444721407 3.411459641172196 20.04461848927609 7.881263351770474 11.689309095382878 2.076196132982151 5.698499618403439 21.57672519870267 -0.6840015148309675 7.449087528649638 2.9966750040398615 -6.4772372455716 -4.327747950081909 -7.837525926044771 1.2161931036416718
19.95991983967936 10.886984942331068 2.005156129131791 5.480226907169641 3.5123030956656542 -1.51803391939346 -0.10035795454633956 14.426891518895555 21.085835616790476 34.97443092081965 17.051418148865025 19.564434655344677 8.846501635201871 13.222954201929365 0.45164282270984035 3.42167558943484 20.054834437538723 7.891479300033118 11.699525043645522 2.0864120812447773 5.708715566666065 21.5869411469653 -0.6737855665683412 7.459303476912282 3.006890952302488 -6.467021297308956 -4.317532001819265 -7.827309977782145 1.2264090519043158
20.02004008016032 10.897186760683848 2.015357947484553 5.490428725522403 3.522504914018416 -1.507832101040698 -0.09015613619357765 14.437093337248335 21.096037435143238 34.98463273917242 17.061619967217805 19.57463647369745 8.856703453554633 13.233156020282127 0.46184464106262 3.431877407787602 20.065036255891496 7.90168111838588 11.709726861998284 2.096613899597557 5.718917385018845 21.597142965318064 -0.6635837482155615 7.469505295265044 3.0170927706552675 -6.456819478956194 -4.307330183466503 -7.817108159429365 1.2366108702570777
20.080160320641284 10.907374472014375 2.0255456588150977 5.50061643685293 3.532692625348961 -1.497644389710171 -0.0799684248630328 14.447281048578862 21.106225146473776 34.99482045050296 17.071807678548332 19.584824185027983 8.86689116488516 13.243343731612672 0.4720323523931471 3.442065119118147 20.07522396722203 7.911868829716407 11.719914573328829 2.106801610928084 5.729105096349372 21.6073306766486 -0.6533960368850344 7.479693006595589 3.0272804819857946 -6.446631767625667 -4.297142472135976 -7.806920448098838 1.2467985815876048
20.140280561122243 10.91754809747325 2.0357192842739735 5.510790062311806 3.542866250807819 -1.4874707642512952 -0.069794799404157 14.457454674037738 21.11639877193265 35.004994075961825 17.081981304007208 19.59499781048686 8.877064790344036 13.253517357071548 0.4822059778520229 3.4522387445770226 20.0853975926809 7.922042455175283 11.730088198787687 2.11697523638696 5.7392787218082475 21.617504302107477 -0.6432224114261587 7.489866632054447 3.0374541074446704 -6.436458142166791 -4.2869688466771 -7.796746822639962 1.2569722070464806
20.200400801603205 10.92770765209412 2.0458788388948435 5.5209496169326755 3.553025805428689 -1.4773112096304253 -0.05963524478328708 14.467614228658608 21.12655832655352 35.015153630582695 17.092140858628078 19.60515736510772 8.887224344964906 13.2636769116924 0.49236553247289283 3.462398299197875 20.09555714730177 7.9322020097961525 11.740247753408557 2.1271347910078298 5.749438276429117 21.627663856728347 -0.6330628568052887 7.500026186675317 3.0476136620655403 -6.426298587545921 -4.27680929205623 -7.786587268019092 1.2671317616673505
20.260521042084168 10.937853155927009 2.0560243427277314 5.531095120765563 3.5631713092615946 -1.4671657057975374 -0.04948974095039915 14.477759732491496 21.13670383038641 35.02529913441558 17.102286362460966 19.615302868940617 8.897369848797794 13.273822415525306 0.5025110363057808 3.4725438030307805 20.105702651134656 7.9423475136290405 11.750393257241445 2.1372802948407177 5.759583780262005 21.637809360561235 -0.6229173529724008 7.510171690508205 3.057759165898428 -6.416153083713033 -4.266663788223342 -7.776441764186204 1.2772772655002385
20.32064128256513 10.947984627874678 2.066155814675401 5.541226592713233 3.5733027812092644 -1.4570342338498676 -0.03935826900272943 14.487891204439165 21.146835302334075 35.03543060636325 17.112417834408635 19.625434340888287 8.907501320745464 13.283953887472975 0.5126425082534505 3.48267527497845 20.115834123082337 7.95247898557671 11.760524729189132 2.1474117667883874 5.769715252209675 21.6479408325089 -0.6127858810247311 7.5203031624558925 3.067890637846098 -6.406021611765364 -4.256532316275672 -7.7663102922385345 1.2874087374479082
20.38076152304609 10.958102084610406 2.0762732714111287 5.5513440494489785 3.583420237944992 -1.44691677711414 -0.029240812267001814 14.498008661174893 21.156952759069803 35.045548063098984 17.122535291144363 19.635551797624014 8.917618777481191 13.294071344208703 0.5227599649891781 3.492792731714178 20.125951579818064 7.962596442312456 11.77064218592486 2.157529223524115 5.779832708945403 21.65805828924463 -0.6026684242890035 7.53042061919162 3.0780080945818256 -6.395904155029618 -4.246414859539945 -7.756192835502807 1.2975261941836358
20.440881763527052 10.968205545631307 2.0863767324320293 5.561447510469861 3.5935236989658748 -1.4368133160932395 -0.019137351246101275 14.508112122195794 21.167056220090707 35.055651524119874 17.132638752165263 19.645655258644915 8.927722238502092 13.304174805229604 0.5328634260100786 3.5028961927350784 20.136055040838954 7.972699903333338 11.780745646945743 2.1676326845450156 5.789936169966303 21.668161750265533 -0.5925649632681029 7.540524080212503 3.088111555602726 -6.3858006940087355 -4.236311398519044 -7.746089374481906 1.3076296552045363
20.501002004008015 10.978295030226537 2.0964662170272597 5.5715369950651095 3.603613183561123 -1.4267238314979913 -0.009047866650870873 14.518201606791024 21.177145704685945 35.065741008715115 17.142728236760494 19.655744743240145 8.93781172309734 13.314264289824834 0.542952910605309 3.5129856773303088 20.146144525434195 7.9827893879285865 11.790835131540991 2.177722169140246 5.800025654561534 21.67825123486077 -0.5824754786728725 7.550613564807751 3.0982010401979565 -6.375711209413487 -4.226221913923796 -7.735999889886676 1.3177191397997667
20.561122244488978 10.988370552213347 2.1065417390140695 5.581612517051919 3.6136887055479328 -1.4166483095111992 0.0010276553359389595 14.528277128777834 21.187221226672747 35.07581653070193 17.152803758747304 19.665820265226955 8.947887245084132 13.324339811811644 0.5530284325921189 3.5230611993171186 20.156220047421 7.992864909915396 11.8009106535278 2.187797691127056 5.8101011765483435 21.688326756847573 -0.5723999566860627 7.560689086794561 3.1082765621847663 -6.3656356874266775 -4.216146391937004 -7.725924367899866 1.3277946617865766
20.62124248496994 10.998432130408862 2.1166033172095666 5.591674095247416 3.62375028374343 -1.4065867313156843 0.011089233531436093 14.538338706973331 21.19728280486825 35.08587810889743 17.16286533694282 19.675881843422463 8.957948823279647 13.334401390007141 0.5630900107876338 3.5331227775126157 20.16628162561651 8.002926488110893 11.810972231723298 2.1978592693225707 5.820162754743858 21.698388335043077 -0.5623383784905478 7.570750664990058 3.1183381403802812 -6.35557410923118 -4.206084813741489 -7.715862789704351 1.3378562399820915
20.6813627254509 11.008479777338245 2.1266509641389675 5.601721742176817 3.6337979306728307 -1.3965390843862835 0.02113688046083695 14.548386353902732 21.207330451797652 35.095925755826826 17.1729129838722 19.685929490351853 8.96799647020903 13.344449036936542 0.5731376577170169 3.5431704244420166 20.1763292725459 8.012974135040293 11.821019878652699 2.207906916251954 5.8302104016732414 21.708435981972478 -0.5522907315611647 7.580798311919459 3.1283857873096643 -6.3455264623017795 -4.196037166812088 -7.705815142774968 1.3479038869114746
20.741482965931862 11.018513515806294 2.136684702607017 5.611755480644867 3.64383166914088 -1.386505345918252 0.031170618928886284 14.558420092370781 21.2173641902657 35.10595949429487 17.18294672234025 19.695963228819902 8.97803020867708 13.354482775404591 0.5831713961850662 3.553204162910066 20.186363011013952 8.023007873508343 11.831053617120748 2.217940654720003 5.840244140141291 21.718469720440527 -0.5422569930931154 7.590832050387508 3.1384195257777137 -6.33549272383373 -4.186003428344039 -7.695781404306919 1.357937625379524
20.801603206412825 11.028533358331156 2.146704545131861 5.621775323169711 3.6538515116657244 -1.3764855033933898 0.04119046145373062 14.568439934895643 21.227384032790546 35.11597933681973 17.192966564865113 19.705983071344757 8.988050051201942 13.364502617929436 0.5931912387099283 3.5632240054349102 20.196382853538804 8.033027716033187 11.841073459645592 2.2279604972448652 5.850263982666153 21.728489562965372 -0.5322371505682533 7.6008518929123525 3.1484393683025758 -6.325472881308886 -4.1759835858191945 -7.685761561782057 1.367957467904386
20.861723446893787 11.038539325434904 2.1567105122356267 5.631781290273459 3.66385747876949 -1.366479536289642 0.051196428557496176 14.578445901999391 21.237389999894305 35.12598530392348 17.20297253196886 19.715989038448512 8.99805601830569 13.374508585033201 0.6031972058136761 3.573229972538676 20.20638882064255 8.043033683136935 11.85107942674934 2.237966464348613 5.860269949769901 21.73849553006913 -0.5222311834645055 7.610857860016118 3.1584453354063236 -6.315466914205138 -4.165977618715447 -7.675755594678309 1.3779634350081338
20.92184368737475 11.048531432240836 2.1667026190415584 5.64177339707939 3.6738495855754216 -1.3564874294837104 0.06118853536342783 14.588438008805323 21.247382106700236 35.13597741072942 17.212964638774793 19.725981145254444 9.008048125111621 13.384500691839133 0.6131893126196077 3.5832220793446075 20.21638092744849 8.053025789942884 11.86107153355529 2.2479585711545447 5.870262056575832 21.748487636875062 -0.5122390766585738 7.62084996682205 3.168437442212255 -6.305474807399189 -4.155985511909515 -7.665763487872377 1.3879555418140654
20.98196392785571 11.058509690254397 2.1766808770551194 5.651751655092969 3.6838278435889826 -1.3465091714701494 0.07116679337698884 14.598416266818884 21.257360364713797 35.14595566874298 17.222942896788354 19.735959403268005 9.018026383125182 13.394478949852694 0.6231675706331687 3.5932003373581685 20.22635918546205 8.063004047956445 11.87104979156885 2.2579368291681057 5.880240314589393 21.758465894888623 -0.5022608186450128 7.630828224835611 3.178415700225816 -6.295496549385628 -4.146007253895954 -7.655785229858816 1.3979337998276264
