web/models/kne/26/mosfit_kn_0.007937_0.1553_10.0000.dat
# %ECSV 1.0
# ---
# datatype:
# - {name: time, datatype: float64}
# - {name: PS1_g, datatype: float64}
# - {name: PS1_i, datatype: float64}
# - {name: PS1_r, datatype: float64}
# - {name: PS1_w, datatype: float64}
# - {name: PS1_y, datatype: float64}
# - {name: PS1_z, datatype: float64}
# - {name: swift_uvot_B, datatype: float64}
# - {name: swift_uvot_U, datatype: float64}
# - {name: swift_uvot_uvm2, datatype: float64}
# - {name: swift_uvot_uvw1, datatype: float64}
# - {name: swift_uvot_uvw2, datatype: float64}
# - {name: swift_uvot_V, datatype: float64}
# - {name: johnson_B, datatype: float64}
# - {name: johnson_I, datatype: float64}
# - {name: johnson_R, datatype: float64}
# - {name: johnson_U, datatype: float64}
# - {name: johnson_V, datatype: float64}
# - {name: sdss_g, datatype: float64}
# - {name: sdss_i, datatype: float64}
# - {name: sdss_r, datatype: float64}
# - {name: sdss_u, datatype: float64}
# - {name: sdss_z, datatype: float64}
# - {name: ATLAS_c, datatype: float64}
# - {name: ATLAS_o, datatype: float64}
# - {name: ukirt_H, datatype: float64}
# - {name: ukirt_J, datatype: float64}
# - {name: ukirt_K, datatype: float64}
# - {name: Clear, datatype: float64}
# meta: !!omap
# - comment: [kappa = 10.0, type = rprocess, mass = 0.00793700525986525, velocity = 0.15533333333333332, theta_obs = 0.0, tfloor = 1000.0]
# schema: astropy-2.0
time PS1_g PS1_i PS1_r PS1_w PS1_y PS1_z swift_uvot_B swift_uvot_U swift_uvot_uvm2 swift_uvot_uvw1 swift_uvot_uvw2 swift_uvot_V johnson_B johnson_I johnson_R johnson_U johnson_V sdss_g sdss_i sdss_r sdss_u sdss_z ATLAS_c ATLAS_o ukirt_H ukirt_J ukirt_K Clear
[from data line 173]
10.460921843687375 8.038058541199025 -0.8437702720002527 2.6313005060375794 0.6633766945335928 -4.366960320525521 -2.949284355678383 11.577965117763512 18.236909215658414 32.125504519687595 14.202491747732982 16.715508254212633 5.997575234069809 10.374027800797322 -2.3972835784222033 0.5727491883027966 17.205908036406672 5.042552898901056 8.85059864251346 -0.7625143198872664 2.8597891655340213 18.73801474583324 -3.522711967700385 4.610377075780221 0.15796455117044417 -9.315947698441017 -7.166458402951326 -10.676236378914188 -1.6225173492277456
10.521042084168336 8.056804651404121 -0.8250241617951559 2.650046616242694 0.6821228047387073 -4.348214210320407 -2.9305382454732865 11.596711227968608 18.25565532586353 32.1442506298927 14.221237857938078 16.73425436441773 6.016321344274924 10.392773911002418 -2.3785374682171065 0.5914952985078934 17.224654146611787 5.061299009106171 8.869344752718575 -0.7437682096821696 2.878535275739118 18.756760856038355 -3.503965857495288 4.6291231859853355 0.17671066137554092 -9.297201588235902 -7.147712292746212 -10.657490268709092 -1.603771239022631
10.581162324649299 8.075359326858358 -0.8064694863409194 2.6686012916969304 0.7006774801929438 -4.329659534866188 -2.91198357001905 11.615265903422845 18.274210001317766 32.162805305346936 14.239792533392315 16.752809039871966 6.0348760197291424 10.411328586456655 -2.35998279276287 0.6100499739621299 17.243208822066006 5.079853684560407 8.887899428172812 -0.7252135342279331 2.8970899511933546 18.77531553149259 -3.4854111820410516 4.647677861439572 0.19526533682977743 -9.278646912781683 -7.129157617291993 -10.638935593254855 -1.5852165635684123
10.64128256513026 8.093726179480143 -0.7881026337191344 2.6869681443186977 0.7190443328147111 -4.311292682244403 -2.893616717397265 11.63363275604463 18.292576853939533 32.18117215796871 14.2581593860141 16.77117589249375 6.0532428723509275 10.429695439078422 -2.341615940141085 0.6284168265838972 17.26157567468779 5.098220537182175 8.90626628079458 -0.706846681606148 2.9154568038151396 18.79368238411436 -3.4670443294192665 4.666044714061339 0.21363218945156248 -9.260280060159898 -7.110790764670208 -10.62056874063307 -1.5668497109466273
10.701402805611222 8.111904097890648 -0.7699247153086297 2.7051460627292023 0.7372222512252158 -4.2931147638338985 -2.8754387989867602 11.651810674455135 18.310754772350037 32.19935007637922 14.276337304424604 16.789353810904256 6.071420790761432 10.447873357488945 -2.3234380217305803 0.6465947449944196 17.279753593098295 5.116398455592679 8.924444199205084 -0.6886687631956434 2.9336347222256443 18.811860302524863 -3.448866411008762 4.684222632471844 0.23181010786206713 -9.242102141749394 -7.092612846259703 -10.602390822222565 -1.5486717925361226
10.761523046092185 8.129890418328625 -0.7519383948706526 2.7231323831671794 0.7552085716632106 -4.275128443395921 -2.857452478548783 11.669796994893112 18.328741092788032 32.2173363968172 14.294323624862582 16.807340131342233 6.089407111199409 10.465859677926922 -2.3054517012926032 0.6645810654323967 17.297739913536272 5.134384776030674 8.942430519643079 -0.6706824427576663 2.9516210426636214 18.829846622962858 -3.430880090570785 4.702208952909839 0.24979642830004423 -9.224115821311416 -7.074626525821726 -10.584404501784588 -1.5306854720981455
10.821643286573146 8.147690007005242 -0.7341388061940357 2.7409319718437963 0.7730081603398098 -4.2573288547193044 -2.8396528898721662 11.687596583569729 18.34654068146463 32.23513598549381 14.312123213539198 16.82513972001885 6.107206699876026 10.48365926660352 -2.2876521126159863 0.6823806541089958 17.31553950221289 5.152184364707273 8.960230108319678 -0.6528828540810494 2.9694206313402383 18.847646211639457 -3.413080501894168 4.720008541586438 0.26759601697666113 -9.2063162326348 -7.056826937145109 -10.566604913107971 -1.5128858834215286
10.881763527054108 8.165301422928817 -0.7165273902704783 2.7585433877673715 0.790619576263385 -4.239717438795729 -2.822041473948609 11.705207999493286 18.364152097388207 32.25274740141739 14.329734629462774 16.842751135942407 6.124818115799601 10.501270682527096 -2.270040696692429 0.699992070032571 17.333150918136464 5.1697957806308485 8.977841524243253 -0.6352714381574742 2.9870320472637957 18.865257627563032 -3.3954690859705927 4.737619957510013 0.2852074329002363 -9.188704816711224 -7.039215521221534 -10.548993497184396 -1.4952744674979535
10.941883767535069 8.182724465711022 -0.6991043474882552 2.7759664305495946 0.808042619045608 -4.222294396013524 -2.8046184311663858 11.72263104227551 18.38157514017043 32.2701704441996 14.347157672244979 16.86017417872463 6.142241158581807 10.51869372530932 -2.252617653910206 0.7174151128147941 17.35057396091867 5.187218823413072 8.995264567025476 -0.6178483953752689 3.0044550900460187 18.882680670345255 -3.3780460431883874 4.755043000292236 0.3026304756824416 -9.171281773929001 -7.021792478439311 -10.53157045440219 -1.4778514247157482
11.002004008016032 8.199962387338413 -0.6818664258608642 2.793204352176968 0.825280540672999 -4.205056474386133 -2.7873805095389947 11.7398689639029 18.39881306179782 32.287408365826984 14.36439559387237 16.87741210035202 6.159479080209198 10.53593164693671 -2.235379732282815 0.7346530344421851 17.36781188254606 5.204456745040445 9.01250248865285 -0.6006104737478779 3.0216930116734098 18.899918591972646 -3.3608081215609964 4.772280921919627 0.31986839730983263 -9.154043852301628 -7.004554556811938 -10.5143325327748 -1.4606135030883571
11.062124248496994 8.217013900647494 -0.6648149125517833 2.8102558654860488 0.8423320539820622 -4.188004961077052 -2.770328996229914 11.756920477211981 18.415864575106884 32.30445987913607 14.381447107181451 16.894463613661102 6.176530593518279 10.552983160245773 -2.218328218973734 0.7517045477512483 17.38486339585514 5.221508258349526 9.02955400196193 -0.583558960438797 3.0387445249824907 18.91697010528171 -3.3437566082519155 4.78933243522869 0.3369199106189136 -9.136992338992547 -6.987503043502857 -10.497281019465719 -1.4435619897792762
11.122244488977955 8.233881565864465 -0.6479472473348125 2.8271235307030373 0.8591997191990508 -4.171137295860063 -2.753461331012943 11.773788142428952 18.432732240323872 32.321327544353046 14.398314772398422 16.911331278878073 6.193398258735249 10.569850825462762 -2.201460553756763 0.7685722129682369 17.40173106107213 5.238375923566514 9.046421667178919 -0.5666912952218262 3.0556121901994615 18.933837770498698 -3.3268889430349446 4.806200100445679 0.3537875758358844 -9.120124673775559 -6.970635378285868 -10.480413354248748 -1.4266943245623054
11.182364729458918 8.250566182868244 -0.6312626303310331 2.843808147706799 0.8758843362028301 -4.154452678856302 -2.7367767140091637 11.790472759432731 18.449416857327652 32.33801216135682 14.414999389402201 16.928015895881853 6.210082875739029 10.586535442466541 -2.1847759367529838 0.7852568299720162 17.418415678075892 5.255060540570276 9.063106284182698 -0.5500066782180468 3.072296807203241 18.950522387502478 -3.3102043260311653 4.822884717449458 0.3704721928396637 -9.103440056771797 -6.9539507612821065 -10.463728737244969 -1.410009707558526
11.242484969939879 8.26706829319745 -0.6147605200018447 2.860310258036005 0.8923864465320186 -4.137950568527096 -2.7202746036799574 11.806974869761937 18.46591896765684 32.35451427168602 14.431501499731407 16.94451800621106 6.226584986068235 10.60303755279573 -2.1682738264237775 0.8017589403012046 17.434917788405098 5.271562650899482 9.079608394511887 -0.5335045678888406 3.088798917532447 18.967024497831666 -3.293702215701959 4.839386827778647 0.38697430316886994 -9.08693794644259 -6.9374486509529 -10.447226626915763 -1.3935075972293198
11.302605210420841 8.283391961797655 -0.5984368514016225 2.8766339266362095 0.9087101151322408 -4.121626899926891 -2.703950935079753 11.823298538362142 18.482242636257062 32.370837940286236 14.447825168331612 16.960841674811263 6.242908654668439 10.619361221395952 -2.151950157823573 0.8180826089014268 17.451241457005302 5.287886319499687 9.095932063112109 -0.5171808992886362 3.1051225861326515 18.983348166431888 -3.2773785471017547 4.855710496378869 0.40329797176907434 -9.070614277842386 -6.921124982352696 -10.430902958315558 -1.3771839286291154
11.362725450901802 8.299535201782415 -0.5822936114168797 2.89277716662097 0.9248533551169835 -4.105483659942131 -2.6878076950950103 11.839441778346885 18.498385876241805 32.38698118027098 14.463968408316354 16.976984914796006 6.2590518946532 10.635504461380695 -2.1358069178388304 0.8342258488861696 17.467384696990063 5.304029559484447 9.112075303096852 -0.5010376593038757 3.1212658261173942 18.99949140641663 -3.261235307116994 4.871853736363612 0.41944121175383486 -9.054471037857626 -6.904981742367935 -10.414759718330798 -1.361040688644355
11.422845691382765 8.315502493829072 -0.5663263193702051 2.9087444586676447 0.9408206471636582 -4.089516367895456 -2.6718404030483356 11.85540907039356 18.51435316828848 32.402948472317654 14.47993570036303 16.99295220684268 6.275019186699875 10.65147175342737 -2.1198396257921557 0.8501931409328443 17.483351989036738 5.319996851531122 9.128042595143526 -0.48507036725721875 3.137233118164069 19.015458698463306 -3.2452680150703372 4.887821028410286 0.4354085038004918 -9.038503745810951 -6.889014450321261 -10.39879242628414 -1.345073396597698
11.482965931863728 8.331295943079695 -0.5505328701196 2.92453790791825 0.9566140964142633 -4.073722918644851 -2.6560469537977305 11.871202519644182 18.530146617539085 32.41874192156826 14.495729149613652 17.008745656093303 6.29081263595048 10.667265202677974 -2.104046176541533 0.8659865901834494 17.499145438287343 5.335790300781727 9.143836044394131 -0.4692769180065959 3.153026567414692 19.03125214771391 -3.2294745658197144 4.903614477660891 0.45120195305111466 -9.022710296560346 -6.873221001070656 -10.382998977033518 -1.329279947347075
11.543086172344688 8.346914391852156 -0.5349144213471391 2.9401563566907107 0.9722325451867242 -4.05810446987239 -2.6404285050252696 11.886820968416643 18.545765066311546 32.43436037034073 14.511347598386113 17.024364104865764 6.306431084722941 10.682883651450435 -2.088427727769072 0.8816050389559102 17.514763887059804 5.351408749554188 9.159454493166592 -0.453658469234135 3.1686450161871527 19.04687059648637 -3.2138561170472535 4.919232926433352 0.46682040182357554 -9.007091847787885 -6.857602552298195 -10.367380528261057 -1.3136614985746142
11.603206412825651 8.362363056205382 -0.5194657569938954 2.9556050210439366 0.9876812095399679 -4.042655805519164 -2.624979840672026 11.902269632769869 18.56121373066479 32.44980903469395 14.526796262739339 17.03981276921899 6.3218797490761665 10.698332315803679 -2.072979063415846 0.8970537033091539 17.53021255141303 5.366857413907414 9.174903157519836 -0.4382098048809091 3.1840936805403786 19.062319260839615 -3.1984074526940276 4.934681590786596 0.48226906617680143 -8.99164318343466 -6.842153887944969 -10.351931863907831 -1.2982128342213883
11.663326653306612 8.377642907056249 -0.5041859061430287 2.970884871894821 1.0029610603908345 -4.0273759546682975 -2.6096999898211592 11.917549483620736 18.576493581515656 32.46508888554483 14.542076113590205 17.055092620069857 6.337159599927033 10.713612166654546 -2.0576992125649793 0.9123335541600206 17.545492402263914 5.382137264758298 9.190183008370703 -0.4229299540300424 3.1993735313912453 19.077599111690482 -3.183127601843161 4.949961441637463 0.4975489170276681 -8.976363332583775 -6.826874037094084 -10.336652013056964 -1.2829329833705216
11.723446893787575 8.392756303856075 -0.48907250934320246 2.9859982686946296 1.018074457190643 -4.012262557868471 -2.594586593021333 11.932662880420562 18.591606978315465 32.48020228234464 14.557189510390032 17.070206016869683 6.352272996726859 10.728725563454354 -2.042585815765153 0.9274469509598291 17.560605799063723 5.397250661558107 9.205296405170511 -0.40781655723021615 3.2144869281910715 19.09271250849029 -3.1680142050433346 4.965074838437271 0.5126623138274944 -8.961249935783966 -6.811760640294276 -10.321538616257138 -1.2678195865706954
11.783567134268537 8.407704959662325 -0.47412385353695186 3.000946924500898 1.0330231129969114 -3.997313902062203 -2.5796379372150824 11.947611536226812 18.606555634121733 32.49515093815091 14.572138166196282 17.085154672675934 6.367221652533128 10.743674219260622 -2.0276371599589025 0.9423956067660975 17.57555445486999 5.412199317364375 9.22024506097678 -0.39286790142396555 3.229435583997322 19.10766116429656 -3.1530655492370663 4.9800234942435395 0.527610969633745 -8.946301279977698 -6.7968119844880075 -10.30658996045087 -1.252870930764427
11.843687374749498 8.422491055352683 -0.45933775784659403 3.015733020191238 1.0478092086872692 -3.9825278063718628 -2.5648518415247246 11.96239763191717 18.62134172981209 32.50993703384126 14.58692426188664 17.09994076836629 6.382007748223468 10.75846031495098 -2.0128510642685447 0.9571817024564553 17.59034055056033 5.426985413054715 9.235031156667137 -0.3780818057336077 3.24422167968768 19.122447259986917 -3.138279453546726 4.994809589933897 0.5423970653241028 -8.931515184287358 -6.782025888797667 -10.29180386476053 -1.238084835074087
11.90380761523046 8.437118511622934 -0.44471030157634317 3.030360476461489 1.06243666495752 -3.967900350101612 -2.5502243852544737 11.977025088187421 18.63596918608234 32.524564490111516 14.601551718156891 17.114568224636542 6.396635204493719 10.773087771221231 -1.9982236079982938 0.9718091587267061 17.604968006830582 5.441612869324966 9.249658612937388 -0.36345434946335686 3.258849135957931 19.137074716257167 -3.1236519972764754 5.009437046204148 0.5570245215943537 -8.916887728017107 -6.767398432527417 -10.277176408490279 -1.223457378803836
11.963927855711422 8.451587055353116 -0.4302417578461615 3.0448290201916883 1.0769052086877018 -3.9534318063714124 -2.535755841524292 11.991493631917603 18.650437729812523 32.5390330338417 14.616020261887073 17.129036768366724 6.411103748223918 10.787556314951413 -1.983755064268112 0.9862777024568878 17.61943655056078 5.456081413055165 9.26412715666757 -0.34898580573317517 3.2733176796881125 19.15154325998735 -3.1091834535462937 5.02390558993433 0.5714930653245354 -8.902419184286908 -6.752929888797217 -10.262707864760097 -1.2089888350736366
12.024048096192384 8.465901448635496 -0.41592736456378177 3.0591434134740503 1.0912196019700637 -3.9391174130890505 -2.5214414482419123 12.005808025199983 18.664752123094885 32.553347427124066 14.630334655169452 17.143351161649104 6.42541814150628 10.801870708233793 -1.9694406709857324 1.0005920957392498 17.633750943843143 5.470395806337527 9.278441549949932 -0.33467141245079546 3.287632072970492 19.16585765326971 -3.094869060263914 5.038219983216692 0.5858074586069151 -8.888104791004546 -6.738615495514855 -10.248393471477717 -1.1946744417912747
12.084168336673347 8.480062884170021 -0.40176592902925634 3.0733048490085757 1.1053810375045892 -3.924955977554525 -2.507280012707387 12.019969460734508 18.67891355862941 32.56750886265859 14.644496090703978 17.15751259718363 6.4395795770408055 10.8160321437683 -1.955279235451207 1.0147535312737752 17.64791237937767 5.484557241872053 9.292602985484457 -0.32050997691627003 3.3017935085050176 19.180019088804237 -3.0807076247293885 5.052381418751217 0.5999688941414405 -8.87394335547002 -6.72445405998033 -10.234232035943192 -1.1805130062567493
12.144288577154308 8.494073980625902 -0.38775483257337484 3.087315945464457 1.1193921339604707 -3.9109448810986436 -2.4932689162515054 12.03398055719039 18.692924655085292 32.58151995911447 14.65850718715986 17.17152369363951 6.453590673496687 10.8300432402242 -1.9412681389953255 1.0287646277296745 17.66192347583355 5.498568338327934 9.306614081940339 -0.30649888046038853 3.315804604960899 19.194030185260118 -3.066696528273507 5.066392515207099 0.613979990597322 -8.859932259014139 -6.710442963524448 -10.22022093948731 -1.1665019098008678
