web/models/kne/26/mosfit_kn_0.095333_0.2023_10.0000.dat
# %ECSV 1.0
# ---
# datatype:
# - {name: time, datatype: float64}
# - {name: PS1_g, datatype: float64}
# - {name: PS1_i, datatype: float64}
# - {name: PS1_r, datatype: float64}
# - {name: PS1_w, datatype: float64}
# - {name: PS1_y, datatype: float64}
# - {name: PS1_z, datatype: float64}
# - {name: swift_uvot_B, datatype: float64}
# - {name: swift_uvot_U, datatype: float64}
# - {name: swift_uvot_uvm2, datatype: float64}
# - {name: swift_uvot_uvw1, datatype: float64}
# - {name: swift_uvot_uvw2, datatype: float64}
# - {name: swift_uvot_V, datatype: float64}
# - {name: johnson_B, datatype: float64}
# - {name: johnson_I, datatype: float64}
# - {name: johnson_R, datatype: float64}
# - {name: johnson_U, datatype: float64}
# - {name: johnson_V, datatype: float64}
# - {name: sdss_g, datatype: float64}
# - {name: sdss_i, datatype: float64}
# - {name: sdss_r, datatype: float64}
# - {name: sdss_u, datatype: float64}
# - {name: sdss_z, datatype: float64}
# - {name: ATLAS_c, datatype: float64}
# - {name: ATLAS_o, datatype: float64}
# - {name: ukirt_H, datatype: float64}
# - {name: ukirt_J, datatype: float64}
# - {name: ukirt_K, datatype: float64}
# - {name: Clear, datatype: float64}
# meta: !!omap
# - comment: [kappa = 10.0, type = rprocess, mass = 0.09533330950298248, velocity = 0.20233333333333337, theta_obs = 0.0, tfloor = 1000.0]
# schema: astropy-2.0
time PS1_g PS1_i PS1_r PS1_w PS1_y PS1_z swift_uvot_B swift_uvot_U swift_uvot_uvm2 swift_uvot_uvw1 swift_uvot_uvw2 swift_uvot_V johnson_B johnson_I johnson_R johnson_U johnson_V sdss_g sdss_i sdss_r sdss_u sdss_z ATLAS_c ATLAS_o ukirt_H ukirt_J ukirt_K Clear
[from data line 201]
12.144288577154308 0.27204406764115063 -6.929939591672198 -4.119284558853185 -5.496994890680149 -9.722414123583043 -8.614099103990664 3.1368476074966347 8.315556792891385 20.45246843159344 6.28763769166417 8.4666056907821 -1.4717931946589082 2.3113476145726213 -8.238032327497937 -5.6485145907242655 7.534486016265152 -2.110095741982449 0.9347480628764337 -6.864086818291906 -3.960740778061105 8.87827713148754 -9.025735218341318 -2.394232114668018 -6.000253801962234 -13.486647374259933 -11.87356222198648 -14.458441869435495 -7.212933536899158
12.20440881763527 0.3443821960151183 -6.884131567365532 -4.062927009135731 -5.449760458277826 -9.688176332746306 -8.575004622390452 3.2198384252612025 8.421719600967528 20.587657263767984 6.3632925921226935 8.546820888339731 -1.4042267300766234 2.388806861938249 -8.196043117122429 -5.599934174341581 7.636881766821773 -2.047006489540661 1.0094778408395122 -6.818018570812487 -3.903331595008268 8.98353544789531 -8.98900432546034 -2.3337699454293848 -5.9530323815602415 -13.47101187344215 -11.849478046995133 -14.448899944202862 -7.174427339625762
12.264529058116231 0.41700063390436526 -6.838113022692589 -4.006333067088885 -5.402321593458996 -9.653757785816275 -8.535715521128395 3.3031383546293016 8.528259953025739 20.723244066545426 6.43919913848757 8.627327533281367 -1.3363888141371418 2.4665450636951074 -8.153855449174625 -5.551157736440751 7.7396395311635295 -1.9836747655712526 1.0844935541564737 -6.771739618904018 -3.8456812248590566 9.089167223403276 -8.952091142121912 -2.2730645979636144 -5.905606987792016 -13.455249096582643 -11.825243158371526 -14.439248666594098 -7.1357492166002245
12.324649298597194 0.48983136822538853 -6.791930436107325 -3.949557783837836 -5.354725896976404 -9.619195547439219 -8.496272809521255 3.38667071162038 8.635082356941943 20.859110144347984 6.515286746305335 8.708051252180692 -1.2683436153870644 2.5444899982770823 -8.111512704715189 -5.502234078007462 7.842666828752723 -1.9201611944071904 1.1597252368404831 -6.725296657725099 -3.787845577143063 9.195077659930035 -8.915034798529131 -2.212174417938293 -5.858025232769126 -13.439380976483848 -11.80088636762635 -14.429505003061232 -7.096939699270699
12.384769539078157 0.5628717306016995 -6.7455858117868495 -3.89260343616888 -5.306975368353886 -9.584491310342429 -8.45667830487276 3.4704325367991276 8.742183269796104 20.995251613529767 6.591552804686831 8.788989217208037 -1.200093713310484 2.6226388253200166 -8.069016793652033 -5.45316533329131 7.945960167712503 -1.8564683247172706 1.2351701493137668 -6.678691703215058 -3.729826960872362 9.301263197951144 -8.87783708929037 -2.1511017458825954 -5.810289137022888 -13.423408705617897 -11.776409100172492 -14.419669972438703 -7.058000579316612
12.444889779559118 0.6361821450946437 -6.699038201689653 -3.8354213461039066 -5.259028004204254 -9.549612596278454 -8.416895962994655 3.5544920526213533 8.849647945697114 21.13177524171871 6.668060192087548 8.870207641033417 -1.1315822054543225 2.7010556361297726 -8.02632957932617 -5.403908650911878 8.049601974847434 -1.792542678892379 1.3108904577329028 -6.6318836232353995 -3.6715759254208358 9.407808382559235 -8.84046376219409 -2.089794864700547 -5.7623567291884825 -13.407313442069915 -11.75178632933651 -14.409729191219538 -7.01889630289358
12.50501002004008 0.7097215009050473 -6.652315770755006 -3.7780448337528583 -5.210912620327424 -9.514581902901664 -8.376950654931807 3.6388029254491707 8.957418736135878 21.268609632738627 6.744766340524606 8.951661610642812 -1.0628479068236742 2.779696785264583 -7.983477363537111 -5.354493597535488 8.15353639938089 -1.728420960057304 1.3868438730773214 -6.584900714757982 -3.6131263111684575 9.514655968154155 -8.802938568726404 -2.028289056686088 -5.714256839163703 -13.391108569280961 -11.727035583219452 -14.399693047349745 -6.979651432684459
12.565130260521041 0.7834656993432709 -6.605435105045423 -3.720493478542526 -5.162646155660564 -9.479412519071655 -8.336857048942061 3.7233380150477915 9.065461926610823 21.405713302628403 6.821646396944274 9.033324843615414 -0.9939135997792307 2.8585366979010334 -7.9404756500213045 -5.304937578942622 8.257730756748412 -1.6641247446472083 1.4630056086089205 -6.537759642277905 -3.5544980037698437 9.621772459119207 -8.765275537866 -1.9666050206801877 -5.666006421954659 -13.374802068857788 -11.702167258466323 -14.38956777380257 -6.940280436083253
12.625250501002004 0.8574286298589051 -6.558386927379143 -3.6627561794357 -5.114219056180254 -9.444097156729185 -8.296607014260946 3.808113039590343 9.173797267809682 21.54311137370477 6.898714929146141 9.115212623666299 -0.9247662511476776 2.9375900944764903 -7.897315829125634 -5.255230919672987 8.3622040930791 -1.599641879020106 1.5393899571379421 -6.490451089293696 -3.495679723319398 9.729177407641743 -8.727466993916764 -1.904730908246588 -5.617595946253768 -13.35838985731982 -11.67717582268297 -14.379350327598528 -6.900775298214192
12.685370741482965 0.9316544358929058 -6.511141357268304 -3.6047974015421147 -5.06560068170554 -9.408612130575378 -8.256174252171107 3.8931778488988025 9.282487098631478 21.680881913603958 6.9760178296072795 9.197373318395524 -0.8553642963385258 3.0169037569444117 -7.853970084544236 -5.205342413810084 8.467016650898891 -1.5349333718939004 1.6160423327352014 -6.442945043299062 -3.4366353661606475 9.836932618178889 -8.689487976426093 -1.8426289584763467 -5.568994800878393 -13.341858237134828 -11.652043051875205 -14.36903027506858 -6.861110128711516
12.745490981963927 1.0060824742672558 -6.463739856995225 -3.5466662328417797 -5.016833438851336 -9.372990519936533 -8.215595361353518 3.9784640706914134 9.391446252537001 21.818919424798263 7.053492382204176 9.279740670295379 -0.7857649771462442 3.096413370632632 -7.810477109120636 -5.15531547913388 8.572085972037964 -1.4700532248128237 1.6929003546873922 -6.39528315758886 -3.3774147967779733 9.944953547788682 -8.65137338245054 -1.780351170125627 -5.520245399889969 -13.325226782349995 -11.626794655054445 -14.358622754889703 -6.821320988230202
12.80561122244489 1.0807534219744852 -6.416154901162958 -3.488329935322252 -4.967889102755656 -9.337210509958549 -8.174846116882737 4.064017642199635 9.500732184905178 21.95729587465183 7.131180874590726 9.362359249356654 -0.7159299956140622 3.1761620365011605 -7.766811281750626 -5.105121381056084 8.677467573008347 -1.4049655265629977 1.770005870203466 -6.347437785729948 -3.3179847525581074 10.053297155126977 -8.613100226998753 -1.7178627515288802 -5.471319546274458 -13.308482886697453 -11.60141385332487 -14.348118169466433 -6.781384036605438
12.86573146292585 1.1557181030282315 -6.368352047483246 -3.429747575883031 -4.918732389270826 -9.30124477491848 -8.133896188125735 4.1498959466770104 9.610416642509545 22.09610088284815 7.2091360273815575 9.445284700786832 -0.6458114764956883 3.2562035767540247 -7.722940536029156 -5.054724202942638 8.783230783576855 -1.3396253921983334 1.8474111621437217 -6.299374334513157 -3.258303641366176 10.16203457352887 -8.574639728272917 -1.655120228506739 -5.422181986894987 -13.291610711917057 -11.575879603674347 -14.337504436811892 -6.741269468658331
12.925851703406813 1.230880681261759 -6.320396721646393 -3.370996658987675 -4.869430212785684 -9.26514546523638 -8.092803307129461 4.235990906014838 9.7203648977632 22.235167438634452 7.287258757144901 9.528412296836756 -0.5754998569086148 3.336436410572286 -7.6789258992291485 -5.004192360822153 8.88924521545264 -1.2741180140839579 1.9250176487426174 -6.251158527572258 -3.1984502019434657 10.271032093783585 -8.536046877573114 -1.5922057306697823 -5.372899633736399 -13.274641002186092 -11.550232368030391 -14.326805275511079 -6.701034098910217
12.985971943887774 1.3062872779848078 -6.2722576812474 -3.3120400466085975 -4.819950559181727 -9.228887800675789 -8.05153996499575 4.322354596732091 9.830642069191686 22.37457694973332 7.36559693678835 9.611792543572065 -0.5049516981262173 3.416909384971159 -7.6347382862319355 -4.953493269202014 8.995573790154772 -1.2084026704386883 2.002872775319986 -6.202758985776189 -3.138386699221538 10.38035427435739 -8.497295574208348 -1.5290798074965117 -5.32344050169792 -13.25755940605397 -11.524453069924261 -14.316009743255085 -6.660650887097894
13.046092184368737 1.3819676511248247 -6.223914820980969 -3.252853814730301 -4.770272825756976 -9.192455859157693 -8.01008846842354 4.409020632806361 9.941290242825147 22.5143821130067 7.444181448949596 9.69545803811149 -0.4341389875533544 3.497653984451641 -7.590358995424796 -4.9026060115821695 9.102257142136601 -1.1424531730857599 2.081007152919483 -6.154155518097664 -3.078088820779996 10.490042820190233 -8.458369063960074 -1.4657170283104648 -5.273784014082743 -13.240356762406778 -11.498529488489558 -14.305110886285862 -6.62010247885922
13.1062124248497 1.4578801222332238 -6.175396684944268 -3.1934717273194835 -4.72042617319854 -9.155872439647332 -7.96847402898976 4.495942034914745 10.052250922026023 22.654510732383375 7.522969315299353 9.779363283690682 -0.36310109123120854 3.578626034015833 -7.545814671080421 -4.8515604445020815 9.209238627111851 -1.0763066615169035 2.159377910467004 -6.105376800252333 -3.0175908686144837 10.600039653063185 -8.419291393967292 -1.4021531323497882 -5.223959339679762 -13.22304660323473 -11.47247936509883 -14.294119189691513 -6.579413674964165
13.16633266533066 1.5340237193261608 -6.126704094294446 -3.1338946739300333 -4.6704113984444895 -9.119138275838914 -7.926697409783525 4.583117747380631 10.163522917990822 22.794961804736754 7.601959670394596 9.863507288842857 -0.2918389830703852 3.659824482005827 -7.501106115461758 -4.8003574760017935 9.316517030176328 -1.0099641793501466 2.2379840493550063 -6.056423660848598 -2.956893743879867 10.710343548452315 -8.380063357392231 -1.3383889984160824 -5.173967292805379 -13.205629524848808 -11.44630336423221 -14.283035195583691 -6.5385852411491285
13.226452905811623 1.61044352686595 -6.077806497275802 -3.0740863504919957 -4.620197225229692 -9.082229124370151 -7.884731698813621 4.670598672398335 10.275169894148046 22.935814749633774 7.681199202627074 9.947939390898966 -0.22031018933215382 3.7412970257693483 -7.456204890504 -4.748965314967244 9.424153847758728 -0.9433859679885057 2.3168719438964835 -6.00726541668088 -2.895960553633472 10.821017614456139 -8.34065944077457 -1.2743860747251823 -5.123776626972543 -13.188091482153206 -11.419982823134943 -14.271848193412582 -6.497590791050971
13.286573146292584 1.6871187933057108 -6.0287181812366875 -3.0140636176742497 -4.569798229377113 -9.045156433989572 -7.842589532884965 4.758361437929065 10.387162809829249 23.077033955144824 7.76066658170155 10.032636969897212 -0.1485343380511431 3.8230216577206337 -7.411124350282484 -4.697398933278277 9.53212092563155 -0.8765906111855923 2.396020248559072 -5.957916423078924 -2.8348084261540585 10.932032995059782 -8.301091731539554 -1.2101621775940963 -5.073401930251293 -13.17043934741539 -11.393526695840064 -14.26056354616742 -6.456442765715025
13.346693386773547 1.7640204927273828 -5.979459070691071 -2.9538500163168635 -4.519234739279714 -9.007936143124287 -7.800288524194148 4.846373337268667 10.499460965130929 23.21856940953333 7.840331974791717 10.11756837407956 -0.07653886680276474 3.9049676302719187 -7.365883100707179 -4.645679151864333 9.640378842011106 -0.8096040061732144 2.4753991078529225 -5.908396696849838 -2.7734612800300518 11.043349270962484 -8.261377039333109 -1.1457422016053265 -5.022863539867064 -13.15268262169665 -11.366947407716948 -14.249188635254944 -6.415158463943715
13.40681362725451 1.8411808546691155 -5.93000736262443 -2.8934196203432982 -4.468484431892836 -8.97055096775663 -7.757809473497961 4.934670767844932 10.612109918880588 23.360478027318766 7.920228767279678 10.202768881855008 -0.0042934246253814754 3.9871690192978053 -7.320460858000245 -4.593783319201344 9.748971581350599 -0.7423977951832204 2.555041671849061 -5.858684343030092 -2.711892766761874 11.155011588557553 -8.221497187829083 -1.0810986020942615 -4.9721391588439445 -13.134811332398042 -11.340231678041535 -14.237715876406083 -6.373719085747709
13.46693386773547 1.91864830735053 -5.880330213487799 -2.8327334227787837 -4.417513717555206 -8.932974827758198 -7.715123435362532 5.02330839957346 10.72517804803752 23.502844904503345 8.000406994094096 10.2882914514236 0.0682476283887176 4.069677011058111 -7.274827051491598 -4.541677327406995 9.857965179927522 -0.6749293022157918 2.6349977497058497 -5.808746378682805 -2.6500632419063486 11.267087724355473 -8.181424750449633 -1.0161899749562053 -4.9211952295004835 -13.116810350041115 -11.313359421373635 -14.226133722156183 -6.332096314741715
13.527054108216433 1.9963239209912764 -5.830495165437757 -2.771871409561655 -4.366391575952768 -8.895261575461557 -7.672290034054274 5.112174664005281 10.838526195238423 23.645498095700002 8.080764761995969 10.37402807044774 0.14099089987235938 4.152386919156555 -7.229044661370284 -4.4894315522143495 9.967225028554719 -0.6072863041040908 2.715165586362165 -5.758650647265924 -2.588053987119192 11.379439597925973 -8.14121645085578 -0.9511010450171575 -4.8701007177177225 -13.098711389597318 -11.286372391559317 -14.214466619655342 -6.290348600686944
13.587174348697394 2.0742419015625835 -5.780479062979822 -2.7108060557032765 -4.315094307432581 -8.857392845635577 -7.629288873724178 5.201308186077495 10.952202698461981 23.788497925657005 8.16133747810417 10.460016169200209 0.2139686079559119 4.2353349015888995 -7.1830921432584125 -4.437021946083431 10.076797795801252 -0.5394387002143628 2.7955803633812337 -5.708373895897818 -2.525837028597735 11.492115111052339 -8.100852979145312 -0.8858025760446431 -4.818831950090647 -13.080503838612179 -11.259256468373787 -14.202706489690724 -6.248455982278891
13.647294589178356 2.1524530474374615 -5.730247440577934 -2.649496437920078 -4.263586675982545 -8.819341260725757 -7.586089572633821 5.29076630694095 11.066279271372572 23.931933560244214 8.242177583817831 10.546311282004229 0.2872286332095683 4.318574632874977 -7.136937415754857 -4.384412739550812 10.186752737077114 -0.4713417332111167 2.876294325614399 -5.657881513465739 -2.4633707729239163 11.60518534697843 -8.06030555170679 -0.8202511379903044 -4.767353723471466 -13.062171801301721 -11.231990560375278 -14.19084119292952 -6.206388760113253
13.707414829659317 2.2309143506207896 -5.679829741804543 -2.587977380641391 -4.21189872434125 -8.781130336646825 -7.542718142309024 5.380500543700312 11.18069550258431 24.07573063624908 8.32324088256117 10.632866492499332 0.36073034223604167 4.4020605972227465 -7.090607951664803 -4.331634628476196 10.297031382196991 -0.40303365625474297 2.9572632363959883 -5.607203077071574 -2.400690609114964 11.718590337292625 -8.019598949692828 -0.754483583355352 -4.715696082369156 -13.043729206695945 -11.204592946647496 -14.178881505835308 -6.1641724329613545
13.76753507014028 2.30961451566138 -5.629233804707052 -2.5262580988476913 -4.160038419628425 -8.742766384839218 -7.499181531312971 5.470498188550782 11.295435640875109 24.219870103618323 8.40451587578496 10.719669525924452 0.4344630225493759 4.485780824408248 -7.044111088852612 -4.278695820096908 10.407618439096325 -0.33452464703413765 3.0384754765621125 -5.556346463479667 -2.3378059009509933 11.83231441288573 -7.978739842229263 -0.6885096198267071 -4.663867005149189 -13.025179898706954 -11.177068594710187 -14.166830454284954 -6.121813824079503
