web/models/kne/26/mosfit_kn_0.406447_0.3903_10.0000.dat
# %ECSV 1.0
# ---
# datatype:
# - {name: time, datatype: float64}
# - {name: PS1_g, datatype: float64}
# - {name: PS1_i, datatype: float64}
# - {name: PS1_r, datatype: float64}
# - {name: PS1_w, datatype: float64}
# - {name: PS1_y, datatype: float64}
# - {name: PS1_z, datatype: float64}
# - {name: swift_uvot_B, datatype: float64}
# - {name: swift_uvot_U, datatype: float64}
# - {name: swift_uvot_uvm2, datatype: float64}
# - {name: swift_uvot_uvw1, datatype: float64}
# - {name: swift_uvot_uvw2, datatype: float64}
# - {name: swift_uvot_V, datatype: float64}
# - {name: johnson_B, datatype: float64}
# - {name: johnson_I, datatype: float64}
# - {name: johnson_R, datatype: float64}
# - {name: johnson_U, datatype: float64}
# - {name: johnson_V, datatype: float64}
# - {name: sdss_g, datatype: float64}
# - {name: sdss_i, datatype: float64}
# - {name: sdss_r, datatype: float64}
# - {name: sdss_u, datatype: float64}
# - {name: sdss_z, datatype: float64}
# - {name: ATLAS_c, datatype: float64}
# - {name: ATLAS_o, datatype: float64}
# - {name: ukirt_H, datatype: float64}
# - {name: ukirt_J, datatype: float64}
# - {name: ukirt_K, datatype: float64}
# - {name: Clear, datatype: float64}
# meta: !!omap
# - comment: [kappa = 10.0, type = rprocess, mass = 0.4064473885499596, velocity = 0.3903333333333333, theta_obs = 0.0, tfloor = 1000.0]
# schema: astropy-2.0
time PS1_g PS1_i PS1_r PS1_w PS1_y PS1_z swift_uvot_B swift_uvot_U swift_uvot_uvm2 swift_uvot_uvw1 swift_uvot_uvw2 swift_uvot_V johnson_B johnson_I johnson_R johnson_U johnson_V sdss_g sdss_i sdss_r sdss_u sdss_z ATLAS_c ATLAS_o ukirt_H ukirt_J ukirt_K Clear
[from data line 57]
3.4869739478957915 -18.651191089405668 -19.188117758244037 -19.043634335576876 -18.960060952936466 -19.176620270397393 -19.200397771876414 -18.286903643064207 -18.645606546300098 -16.78206938034345 -17.582517865430862 -16.253114455695354 -18.882625961131946 -18.321143184983274 -19.63729563844301 -19.296036734996466 -18.54958148746671 -18.9103673083831 -18.587431545033777 -19.193979043656455 -19.04429167392177 -17.748907159746317 -19.198313330935868 -18.81271997667275 -19.1213855932933 -18.731134522831706 -19.03651907207207 -18.373624059208137 -18.978941559184523
3.5470941883767533 -18.644372391352864 -19.19588168073549 -19.04579031122715 -18.961321831352453 -19.189767071197092 -19.211479889061422 -18.27537059583704 -18.62214746496365 -16.728748619064206 -17.54375094455412 -16.20119970833841 -18.88033426799914 -18.31009066373625 -19.646599510531228 -19.299663610182655 -18.528298780567198 -18.908473097786903 -18.579336760238796 -19.201597627263194 -19.046381630567524 -17.7269063066346 -19.20993458577751 -18.80957992653597 -19.12601341151575 -18.75145118820352 -19.053586736984762 -18.396096563069882 -18.98205722597872
3.6072144288577155 -18.633091438658447 -19.200477090748684 -19.044276647712195 -18.95886984836416 -19.20023032440831 -19.21969187865196 -18.25895266449492 -18.592754425406017 -16.666908649380122 -17.49781977872253 -16.141122296846508 -18.87397258811368 -18.29420035658725 -19.652873969985436 -19.299756142395836 -18.50127042584826 -18.902547592244524 -18.5666665717107 -19.206034606238447 -19.04479469042526 -17.69909381506512 -19.21873517479927 -18.80231533391573 -19.12719891168182 -18.76973368884213 -19.068326256312833 -18.41672963436547 -18.981640013280305
3.6673346693386772 -18.622929932172614 -19.205638438161028 -19.043538366369326 -18.95726164488126 -19.211062263922756 -19.22834766932672 -18.243828931821444 -18.565116636694707 -16.608017506800316 -17.4543468007203 -16.08416247639607 -18.868549621924988 -18.279590285223847 -19.65965827924845 -19.30057282176212 -18.47591021249378 -18.897548991072345 -18.55516431993193 -19.211042850862974 -19.04398429998084 -17.67297454581149 -19.227960661877148 -18.796041391771308 -19.1290736351168 -18.788125487857453 -19.08329287468387 -18.437393532152978 -18.982010850262334
3.727454909819639 -18.611901591573883 -19.21004532955264 -19.041998865206207 -18.95488118445659 -19.221188609038364 -19.236278550819446 -18.2277976496579 -18.536487964157242 -16.547967267708795 -17.40989234033126 -16.026287410184764 -18.86228543430387 -18.26408084942591 -19.66570246843545 -19.30060443242103 -18.449571234760437 -18.891715663240568 -18.542785451564114 -19.215295323215784 -19.042370780690323 -17.645868698860028 -19.23646703020271 -18.788940288155658 -19.13017420293004 -18.805880348192417 -19.097591703441665 -18.45744065486201 -18.981639005524844
3.787575150300601 -18.603437726048018 -19.21599015128402 -19.042389620247544 -18.954518837218206 -19.23247908991737 -19.24551653796792 -18.214659646586277 -18.511597864455815 -16.49379979904625 -17.370342753009425 -15.974359420768621 -18.858260617876407 -18.25143400245022 -19.673177900129037 -19.302466124419652 -18.426814442320236 -18.888096122817096 -18.53306091805031 -19.22109582109453 -19.042691187968348 -17.622393999924277 -19.24624369569088 -18.784152589660668 -19.133036610349468 -18.82430403385056 -19.112783974128593 -18.478007361990688 -18.98316529030783
3.847695390781563 -18.583805499860944 -19.214329187389225 -19.03379710179502 -18.945030094028432 -19.237494419554704 -19.247967767953202 -18.189192268410565 -18.471482556069123 -16.41724081631065 -17.312097495017067 -15.900877749569847 -18.844153863513792 -18.226584675062746 -19.67342897276585 -19.2957140944817 -18.389354409811506 -18.874499016664053 -18.511856369240665 -19.219254613300425 -19.034009230284443 -17.584035791242272 -19.2493687827508 -18.76911917190613 -19.127536574891604 -18.83823265002032 -19.122675063590062 -18.494613264290006 -18.97605049811764
3.9078156312625247 -18.57553837701662 -19.220077394204544 -19.034136323568518 -18.9447034719357 -19.24845615802676 -19.2569266508397 -18.176370345790797 -18.447244535040745 -16.364636403195355 -17.27383926850063 -15.850893128427654 -18.840187357144817 -18.214248973060027 -19.6806706230677 -19.297493196378348 -18.36718298368246 -18.870933190280642 -18.5023630634438 -19.224862071459565 -19.034277390338357 -17.56116176458619 -19.25885472722749 -18.764449106938947 -19.13029503563557 -18.856158323885715 -19.13744643221209 -18.514630314175268 -18.97758935513588
3.967935871743487 -18.565086380561375 -19.22421297617948 -19.032639071951323 -18.942543908437575 -19.25802452147023 -19.264407419923693 -18.16117373732813 -18.420172478748285 -16.30809028944489 -17.232285365101703 -15.797279339070748 -18.83420362992829 -18.19956237875703 -19.686362760685807 -19.297498846351708 -18.342258047907027 -18.86536950586281 -18.490634842797053 -19.22885099003402 -19.03270495383877 -17.53550354845583 -19.266885513495478 -18.757750876904584 -19.13132278123099 -18.872986834028143 -19.150986651458606 -18.533638819379657 -18.977384517271272
4.028056112224449 -18.55052759750663 -19.225464224498374 -19.027782017359716 -18.9370043239712 -19.265171165584878 -19.26928811384597 -18.141468306066468 -18.387604050568207 -16.243635263379076 -17.18414933131518 -15.736240147975455 -18.824478439035925 -18.180414256924443 -19.68930346227924 -19.294275527107178 -18.31201227899178 -18.85610302492317 -18.47469290874887 -19.229943091598116 -19.027765004343458 -17.50446074946252 -19.272363974797155 -18.747271771090013 -19.129210370286902 -18.888015770939855 -19.16244571251955 -18.55103419371774 -18.973978485790965
4.0881763527054105 -18.543983672011564 -19.23189595982217 -19.02919787492447 -18.93788736176015 -19.27644708975544 -19.278701665872173 -18.130696952125984 -18.366281529275046 -16.196186697080147 -17.15014964409244 -15.691780599492947 -18.821894484976422 -18.170103852836647 -19.69712367909394 -19.297036041315884 -18.292592640006433 -18.853898245825707 -18.46701381177173 -19.236244062102568 -19.02911173098003 -17.484385177726622 -19.28226942071257 -18.744084952284652 -19.132885083649676 -18.905771600894404 -19.17726695198949 -18.570735162531285 -18.976624219256006
4.148296593186372 -18.52262741480292 -19.228338781992047 -19.018756414284432 -18.926755004980578 -19.279543170774573 -19.27923918525707 -18.103536731994858 -18.32465626555372 -16.118787255111865 -17.091281030553205 -15.618754596030588 -18.80595989489627 -18.143581160804136 -19.695473915539196 -19.288444693467063 -18.25357271421539 -18.838487751795242 -18.44410041966091 -19.232507292228664 -19.01857382985156 -17.444462856839777 -19.28348358530325 -18.72734667735001 -19.125551354309156 -18.917772149029336 -19.18523508784718 -18.585408280761456 -18.967926816402425
4.208416833667335 -18.518066490568987 -19.235799880372255 -19.021565153509457 -18.92912319226978 -19.291503532950127 -19.289468871088502 -18.09505230649527 -18.306407025848213 -16.076416204519862 -17.061481068837203 -15.579517090813265 -18.805054177651012 -18.13553077559519 -19.70422516526301 -19.292506736143917 -18.237080022542564 -18.837938629543768 -18.438487764197227 -19.23984694649711 -19.021316373931896 -17.427358933420276 -19.294171544248453 -18.725913351779333 -19.13046517126393 -18.935757230586795 -19.200491983734658 -18.605201379883788 -18.97195074649714
4.268537074148297 -18.49813663306895 -19.232917166069967 -19.012081979461843 -18.919051284107002 -19.295008273053842 -19.29051600199882 -18.069554330666133 -18.26706975660155 -16.00293042304847 -17.005897917361033 -15.5107239634517 -18.790298081224563 -18.110653031904928 -19.70317439948965 -19.284805845221424 -18.20022918767202 -18.823691792260068 -18.417066557854422 -19.2367918293081 -19.01173787309734 -17.38963898267258 -19.295870231453396 -18.71043013250695 -19.123975318917257 -18.947819385849623 -19.208679229044332 -18.619831317199097 -18.96424196700309
4.328657314629258 -18.493334136170994 -19.23994296732916 -19.01452563724794 -18.92111116542523 -19.306471243037233 -19.300271312695774 -18.06088515670525 -18.248802890725333 -15.961007495484449 -16.97645057725806 -15.472229537962455 -18.78907905026064 -18.102417506864676 -19.71147305000936 -19.28848968527711 -18.183684593306364 -18.82282860846791 -18.411229271752738 -19.243697872823624 -19.014114378201317 -17.372489692030566 -19.30607882360908 -18.708721057485445 -19.12850166818286 -18.96522994961623 -19.223396748720365 -18.639026354460274 -18.96795203708427
4.38877755511022 -18.472767953144782 -19.236377929631647 -19.004371191924623 -18.91044047457825 -19.30929129453064 -19.30063341552808 -18.034756694826505 -18.208886128501298 -15.887143233385824 -16.92059601398819 -15.40354166347877 -18.773654341985708 -18.07691708803143 -19.70974000347547 -19.28012287206012 -18.146239097260352 -18.807918956593618 -18.389175744197033 -19.239960511581167 -19.00386196168414 -17.33417267104649 -19.3070941580428 -18.692612747237867 -19.121348995090646 -18.976612991669267 -19.230902645834806 -18.652978319496555 -18.95966824587548
4.448897795591182 -18.470121453322044 -19.24457231118078 -19.008361739922073 -18.914123556636806 -19.321561728549117 -19.31133438064423 -18.028560538064735 -18.193901832873234 -15.85054499574579 -16.895530517539452 -15.37039774542546 -18.774280719797513 -18.071124339510373 -19.719104095984445 -19.28525645346267 -18.132828055216248 -18.808875976995246 -18.38558081907939 -19.24804489196177 -19.00778914321476 -17.3202044285647 -19.318212719959718 -18.69281599000603 -19.1272587327002 -18.994352528343473 -19.24616596607507 -18.672358456864405 -18.964882582203177
4.509018036072144 -18.446873261823136 -19.238981507242503 -18.995920418033965 -18.901217540759543 -19.322617498345434 -19.30983026323066 -17.999526001272567 -18.150559950940988 -15.772052905337887 -16.83590513244358 -15.297788997761796 -18.756353988154395 -18.042751772777525 -19.71542103967937 -19.274682129384317 -18.092044425278157 -18.791491488527377 -18.360787828546545 -19.242274724614354 -18.99524311788717 -17.278510790824235 -19.3173905458449 -18.674221328743386 -19.117951841076835 -19.004331070753718 -19.252104715213623 -18.68501339464634 -18.9544859822459
4.569138276553106 -18.443018987183457 -19.246126065548825 -18.99879565058823 -18.903825863519117 -19.33390696915387 -19.319522938373463 -17.99206441917675 -18.13419031337368 -15.733821614725855 -16.809478227260897 -15.263383983674718 -18.755808636367128 -18.035705617360737 -19.723755532868996 -19.278723617423037 -18.077265705676037 -18.791286223776403 -18.355971275567047 -19.24930743472366 -18.998052193745423 -17.26316368602049 -19.32750911658001 -18.673273227691656 -19.12278484462357 -19.021187866255783 -19.26644097073485 -18.703539985805367 -18.95866700893066
4.629258517034068 -18.41974142895399 -19.24028153850733 -18.98618097972289 -18.890823489543145 -19.334639525937654 -19.317721079468466 -17.963064621541378 -18.091077505416955 -15.656110323069829 -16.750560120247968 -15.191992287904096 -18.73776654876708 -18.007369134200232 -19.71979954189558 -19.267962651379957 -18.036670403995966 -18.7737868315731 -18.331168480565996 -19.243285438115212 -18.985331190177295 -17.221665074140038 -19.326384049022618 -18.65461368790397 -19.11328160292566 -19.03075924917047 -19.272010782043854 -18.71576219500557 -18.948172370851477
4.68937875751503 -18.41447210001636 -19.246251935918526 -18.98778427555424 -18.892199736067763 -19.344855243129686 -19.326300482865495 -17.954102890295395 -18.073020500006365 -15.615779816741341 -16.72240114236704 -15.155902592240448 -18.73586679938403 -17.998838241744654 -19.726989173400337 -19.270764491919927 -18.02023389991397 -18.772239363723294 -18.32491574764907 -19.249141290330467 -18.9868649691058 -17.204644591805174 -19.335400945929564 -18.652329420540372 -19.11689640826678 -19.046683252651363 -19.285350552949314 -18.73339804537929 -18.951175183522437
4.749498997995992 -18.39812565041619 -19.244772824485743 -18.9805260296459 -18.884668676248566 -19.34899742473341 -19.328275487257986 -17.932868622588398 -18.039760051715525 -15.553096894726387 -16.675885047261616 -15.099030224989022 -18.723970345372535 -17.978177703339323 -19.727124755638982 -19.265095717495015 -17.98911383437857 -18.76081176963902 -18.307268464405695 -19.247510515745585 -18.97951361177153 -17.172750161926658 -19.337956021150262 -18.63994067917048 -19.11230545983976 -19.058387612449238 -19.293631458921574 -18.74737009598501 -18.94580734892763
4.809619238476953 -18.37869898983472 -19.241146155941884 -18.970754525364306 -18.874641489040744 -19.351351904422298 -19.328323416777327 -17.90824289672336 -18.00235929815713 -15.484477032805767 -16.62453081833604 -15.0368372026896 -18.70926398326918 -17.954166504936605 -19.72521650677961 -19.257018524913747 -17.953983859585325 -18.74660728304297 -18.28645931514938 -19.243722485281562 -18.96964170763196 -17.136794859167175 -19.338622132017775 -18.62473151594239 -19.105376791348423 -19.068793105481788 -19.300392271521822 -18.760189740361618 -18.9380936318814
4.869739478957916 -18.364957690318295 -19.241176087039413 -18.96542599380176 -18.86911879257619 -19.35660104033543 -19.33155929754342 -17.889966207714398 -17.972952485047617 -15.42790048582033 -16.58307502635724 -14.9860745993869 -18.69962946625772 -17.936429491124336 -19.726746249027347 -19.253171075379083 -17.926553029168232 -18.737413234882784 -18.27151299413183 -19.24361161929964 -18.96422444980887 -17.10864266503158 -19.342398267625 -18.61467585748125 -19.102532976576008 -19.08107165059352 -19.309488667997865 -18.77457600965364 -18.934599529776186
4.929859719438878 -18.348834727631438 -19.23952542765429 -18.95814145091137 -18.86165890103536 -19.360441344311194 -19.333280975908966 -17.869073042744585 -17.94036702229734 -15.366802542983397 -16.53794090299808 -14.931300400582742 -18.687814935057318 -17.916107559775906 -19.726673798545377 -19.247447367783874 -17.89604094266804 -18.726064650163266 -18.25412361107677 -19.241812840782906 -18.956845439657855 -17.077370469308555 -19.344689162005473 -18.602435887572284 -19.09786658320403 -19.092311457480196 -19.3173788340928 -18.78803443345802 -18.929283688790477
4.98997995991984 -18.339897131256713 -19.24252489290435 -18.956491956488044 -18.859886844794982 -19.36797453035558 -19.33906445779355 -17.85619784998729 -17.917851113499133 -15.320799781834523 -16.505162630145573 -14.890678992159291 -18.68242531692981 -17.90370669294932 -19.730976577765126 -19.24708865016883 -17.87523275291018 -18.721061715055264 -18.244141400183498 -19.24469001578883 -18.955117081504085 -17.05593376287613 -19.35094327123636 -18.59670856559836 -19.09838194941898 -19.105957363615925 -19.328257636220112 -18.803513086911106 -18.929289457762142
5.050100200400801 -18.330052897161018 -19.244822916752025 -18.954059251338702 -18.85734987988899 -19.374888517206283 -19.34419661023048 -17.842345513811015 -17.894195356190004 -15.273281751902758 -16.471150054377635 -14.848788636105152 -18.676184771985984 -17.890339776527057 -19.734601776322222 -19.245972040783787 -17.85331182231736 -18.71521669393347 -18.233234550826385 -19.24686353786706 -18.952603279477014 -17.033372059625194 -19.35655518680715 -18.590136747697414 -19.09815628851053 -19.119097928237455 -19.33857957899182 -18.818520499717067 -18.928569539536362
