web/models/kne/26/villar_0.0043_0.3903_10.0000.dat
# %ECSV 1.0
# ---
# datatype:
# - {name: time, datatype: float64}
# - {name: swift_uvot_uvw2, datatype: float64}
# - {name: swift_uvot_uvm2, datatype: float64}
# - {name: swift_uvot_uvw1, datatype: float64}
# - {name: swift_uvot_U, datatype: float64}
# - {name: swift_uvot_B, datatype: float64}
# - {name: swift_uvot_V, datatype: float64}
# - {name: swift_uvot_W, datatype: float64}
# - {name: johnson_U, datatype: float64}
# - {name: johnson_B, datatype: float64}
# - {name: johnson_V, datatype: float64}
# - {name: johnson_R, datatype: float64}
# - {name: johnson_I, datatype: float64}
# - {name: sdss_u, datatype: float64}
# - {name: sdss_g, datatype: float64}
# - {name: sdss_r, datatype: float64}
# - {name: sdss_i, datatype: float64}
# - {name: sdss_z, datatype: float64}
# - {name: PS1_g, datatype: float64}
# - {name: PS1_r, datatype: float64}
# - {name: PS1_i, datatype: float64}
# - {name: PS1_z, datatype: float64}
# - {name: PS1_Y, datatype: float64}
# - {name: PS1_w, datatype: float64}
# - {name: ATLAS_c, datatype: float64}
# - {name: ATLAS_o, datatype: float64}
# - {name: ukirt_J, datatype: float64}
# - {name: ukirt_H, datatype: float64}
# - {name: ukirt_K, datatype: float64}
# - {name: Clear, datatype: float64}
# meta: !!omap
# - comment: [kappa = 10.0, type = villar, mass = 0.004263435211354371, velocity = 0.3903333333333333, theta_obs = 0.0]
# schema: astropy-2.0
time swift_uvot_uvw2 swift_uvot_uvm2 swift_uvot_uvw1 swift_uvot_U swift_uvot_B swift_uvot_V swift_uvot_W johnson_U johnson_B johnson_V johnson_R johnson_I sdss_u sdss_g sdss_r sdss_i sdss_z PS1_g PS1_r PS1_i PS1_z PS1_Y PS1_w ATLAS_c ATLAS_o ukirt_J ukirt_H ukirt_K Clear
[from data line 218]
0.66217 -7.316 -4.456 -6.901 -8.958 -10.614 -11.767 -9.867 -9.259 -10.658 -11.811 -12.603 -13.115 -9.153 -11.079 -12.275 -12.834 -13.168 -11.321 -12.313 -12.862 -13.142 -13.329 -12.308 -11.702 -12.559 -13.448 -13.413 -13.192 -12.327
0.682197 -7.324 -4.464 -6.908 -8.965 -10.621 -11.774 -9.874 -9.267 -10.665 -11.818 -12.611 -13.122 -9.161 -11.087 -12.283 -12.841 -13.175 -11.329 -12.32 -12.87 -13.149 -13.336 -12.315 -11.709 -12.567 -13.455 -13.42 -13.2 -12.335
0.70283 -7.33 -4.47 -6.915 -8.972 -10.628 -11.781 -9.881 -9.273 -10.672 -11.825 -12.617 -13.129 -9.167 -11.093 -12.29 -12.848 -13.182 -11.335 -12.327 -12.876 -13.156 -13.343 -12.322 -11.716 -12.573 -13.462 -13.427 -13.206 -12.341
0.724086 -7.337 -4.477 -6.921 -8.978 -10.634 -11.787 -9.887 -9.28 -10.678 -11.831 -12.624 -13.135 -9.173 -11.1 -12.296 -12.854 -13.188 -11.342 -12.333 -12.882 -13.162 -13.349 -12.328 -11.722 -12.58 -13.468 -13.433 -13.213 -12.348
0.745986 -7.342 -4.482 -6.927 -8.984 -10.64 -11.793 -9.893 -9.285 -10.684 -11.837 -12.629 -13.141 -9.179 -11.105 -12.301 -12.859 -13.194 -11.347 -12.339 -12.888 -13.168 -13.354 -12.334 -11.728 -12.585 -13.473 -13.439 -13.218 -12.353
0.768548 -7.347 -4.487 -6.932 -8.989 -10.645 -11.798 -9.898 -9.29 -10.689 -11.842 -12.634 -13.146 -9.184 -11.11 -12.306 -12.864 -13.199 -11.352 -12.344 -12.893 -13.173 -13.359 -12.339 -11.733 -12.59 -13.478 -13.444 -13.223 -12.358
0.791792 -7.352 -4.492 -6.936 -8.993 -10.649 -11.802 -9.902 -9.295 -10.693 -11.846 -12.639 -13.15 -9.188 -11.115 -12.311 -12.869 -13.203 -11.357 -12.348 -12.897 -13.177 -13.364 -12.343 -11.737 -12.595 -13.483 -13.448 -13.228 -12.363
0.815739 -7.355 -4.495 -6.94 -8.997 -10.653 -11.806 -9.906 -9.298 -10.697 -11.85 -12.642 -13.154 -9.192 -11.118 -12.314 -12.873 -13.207 -11.36 -12.352 -12.901 -13.181 -13.367 -12.347 -11.741 -12.598 -13.486 -13.452 -13.231 -12.366
0.840411 -7.358 -4.498 -6.943 -9.0 -10.656 -11.809 -9.909 -9.301 -10.7 -11.853 -12.645 -13.157 -9.195 -11.121 -12.317 -12.876 -13.21 -11.363 -12.355 -12.904 -13.184 -13.37 -12.35 -11.744 -12.601 -13.489 -13.455 -13.234 -12.369
0.865828 -7.361 -4.501 -6.945 -9.002 -10.658 -11.811 -9.911 -9.304 -10.702 -11.855 -12.648 -13.159 -9.197 -11.124 -12.32 -12.878 -13.212 -11.366 -12.357 -12.906 -13.186 -13.373 -12.352 -11.746 -12.604 -13.492 -13.457 -13.237 -12.372
0.892015 -7.362 -4.502 -6.947 -9.004 -10.66 -11.813 -9.913 -9.305 -10.704 -11.856 -12.649 -13.161 -9.199 -11.125 -12.321 -12.879 -13.213 -11.367 -12.359 -12.908 -13.188 -13.374 -12.354 -11.748 -12.605 -13.493 -13.459 -13.238 -12.373
0.918993 -7.363 -4.503 -6.947 -9.005 -10.661 -11.813 -9.913 -9.306 -10.704 -11.857 -12.65 -13.161 -9.2 -11.126 -12.322 -12.88 -13.214 -11.368 -12.359 -12.909 -13.188 -13.375 -12.355 -11.748 -12.606 -13.494 -13.459 -13.239 -12.374
0.946787 -7.363 -4.503 -6.947 -9.004 -10.66 -11.813 -9.913 -9.306 -10.704 -11.857 -12.65 -13.161 -9.199 -11.126 -12.322 -12.88 -13.214 -11.368 -12.359 -12.908 -13.188 -13.375 -12.354 -11.748 -12.605 -13.494 -13.459 -13.238 -12.374
0.975422 -7.361 -4.501 -6.946 -9.003 -10.659 -11.812 -9.912 -9.305 -10.703 -11.856 -12.649 -13.16 -9.198 -11.124 -12.321 -12.879 -13.213 -11.367 -12.358 -12.907 -13.187 -13.374 -12.353 -11.747 -12.604 -13.493 -13.458 -13.237 -12.372
1.004923 -7.359 -4.499 -6.944 -9.001 -10.657 -11.81 -9.91 -9.303 -10.701 -11.854 -12.647 -13.158 -9.196 -11.122 -12.319 -12.877 -13.211 -11.364 -12.356 -12.905 -13.185 -13.372 -12.351 -11.745 -12.602 -13.491 -13.456 -13.235 -12.37
1.035317 -7.356 -4.496 -6.941 -8.998 -10.654 -11.807 -9.907 -9.299 -10.698 -11.851 -12.643 -13.155 -9.193 -11.119 -12.315 -12.874 -13.208 -11.361 -12.353 -12.902 -13.182 -13.369 -12.348 -11.742 -12.599 -13.488 -13.453 -13.232 -12.367
1.066629 -7.352 -4.492 -6.937 -8.994 -10.65 -11.803 -9.903 -9.295 -10.694 -11.847 -12.639 -13.151 -9.189 -11.115 -12.311 -12.87 -13.204 -11.357 -12.349 -12.898 -13.178 -13.364 -12.344 -11.738 -12.595 -13.483 -13.449 -13.228 -12.363
1.098888 -7.347 -4.487 -6.932 -8.989 -10.645 -11.798 -9.898 -9.29 -10.689 -11.842 -12.634 -13.146 -9.184 -11.11 -12.306 -12.864 -13.198 -11.352 -12.344 -12.893 -13.173 -13.359 -12.339 -11.733 -12.59 -13.478 -13.444 -13.223 -12.358
1.132124 -7.341 -4.481 -6.925 -8.983 -10.639 -11.791 -9.892 -9.284 -10.682 -11.835 -12.628 -13.139 -9.178 -11.104 -12.3 -12.858 -13.192 -11.346 -12.337 -12.887 -13.167 -13.353 -12.333 -11.726 -12.584 -13.472 -13.437 -13.217 -12.352
1.166364 -7.333 -4.473 -6.918 -8.975 -10.631 -11.784 -9.884 -9.276 -10.675 -11.828 -12.62 -13.132 -9.17 -11.096 -12.292 -12.85 -13.184 -11.338 -12.33 -12.879 -13.159 -13.345 -12.325 -11.719 -12.576 -13.464 -13.43 -13.209 -12.344
1.20164 -7.324 -4.464 -6.909 -8.966 -10.622 -11.775 -9.875 -9.267 -10.666 -11.819 -12.611 -13.123 -9.161 -11.087 -12.283 -12.841 -13.176 -11.329 -12.321 -12.87 -13.15 -13.336 -12.316 -11.71 -12.567 -13.455 -13.421 -13.2 -12.335
1.237983 -7.314 -4.454 -6.899 -8.956 -10.612 -11.765 -9.865 -9.257 -10.656 -11.808 -12.601 -13.113 -9.151 -11.077 -12.273 -12.831 -13.165 -11.319 -12.311 -12.86 -13.14 -13.326 -12.306 -11.7 -12.557 -13.445 -13.411 -13.19 -12.325
1.275425 -7.302 -4.442 -6.887 -8.944 -10.6 -11.753 -9.853 -9.245 -10.644 -11.797 -12.589 -13.101 -9.139 -11.065 -12.261 -12.819 -13.154 -11.307 -12.299 -12.848 -13.128 -13.314 -12.294 -11.688 -12.545 -13.433 -13.399 -13.178 -12.313
1.313999 -7.289 -4.429 -6.874 -8.931 -10.587 -11.74 -9.84 -9.232 -10.631 -11.783 -12.576 -13.088 -9.126 -11.052 -12.248 -12.806 -13.14 -11.294 -12.286 -12.835 -13.115 -13.301 -12.281 -11.675 -12.532 -13.42 -13.386 -13.165 -12.3
1.35374 -7.274 -4.414 -6.859 -8.916 -10.572 -11.725 -9.825 -9.217 -10.616 -11.769 -12.561 -13.073 -9.111 -11.037 -12.233 -12.791 -13.126 -11.279 -12.271 -12.82 -13.1 -13.286 -12.266 -11.66 -12.517 -13.405 -13.371 -13.15 -12.285
1.394683 -7.258 -4.398 -6.842 -8.899 -10.555 -11.708 -9.808 -9.201 -10.599 -11.752 -12.545 -13.056 -9.095 -11.021 -12.217 -12.775 -13.109 -11.263 -12.254 -12.804 -13.083 -13.27 -12.249 -11.643 -12.501 -13.389 -13.354 -13.134 -12.269
1.436864 -7.239 -4.379 -6.824 -8.881 -10.537 -11.69 -9.79 -9.182 -10.581 -11.734 -12.526 -13.038 -9.076 -11.002 -12.198 -12.756 -13.091 -11.244 -12.236 -12.785 -13.065 -13.251 -12.231 -11.625 -12.482 -13.37 -13.336 -13.115 -12.25
1.480321 -7.219 -4.359 -6.804 -8.861 -10.517 -11.67 -9.77 -9.162 -10.561 -11.713 -12.506 -13.018 -9.056 -10.982 -12.178 -12.736 -13.07 -11.224 -12.216 -12.765 -13.045 -13.231 -12.211 -11.605 -12.462 -13.35 -13.316 -13.095 -12.23
1.525092 -7.197 -4.337 -6.781 -8.839 -10.495 -11.647 -9.748 -9.14 -10.538 -11.691 -12.484 -12.995 -9.034 -10.96 -12.156 -12.714 -13.048 -11.202 -12.193 -12.743 -13.023 -13.209 -12.189 -11.582 -12.44 -13.328 -13.293 -13.073 -12.208
1.571218 -7.172 -4.312 -6.757 -8.814 -10.47 -11.623 -9.723 -9.116 -10.514 -11.667 -12.46 -12.971 -9.009 -10.935 -12.132 -12.69 -13.024 -11.177 -12.169 -12.718 -12.998 -13.185 -12.164 -11.558 -12.415 -13.304 -13.269 -13.048 -12.183
1.618738 -7.146 -4.286 -6.73 -8.788 -10.444 -11.596 -9.697 -9.089 -10.487 -11.64 -12.433 -12.944 -8.983 -10.909 -12.105 -12.663 -12.997 -11.151 -12.142 -12.692 -12.972 -13.158 -12.138 -11.531 -12.389 -13.277 -13.242 -13.022 -12.157
1.667696 -7.117 -4.257 -6.701 -8.759 -10.415 -11.567 -9.668 -9.06 -10.458 -11.611 -12.404 -12.916 -8.954 -10.88 -12.076 -12.634 -12.968 -11.122 -12.113 -12.663 -12.943 -13.129 -12.109 -11.502 -12.36 -13.248 -13.213 -12.993 -12.128
1.718134 -7.085 -4.225 -6.67 -8.727 -10.383 -11.536 -9.636 -9.028 -10.427 -11.58 -12.373 -12.884 -8.922 -10.848 -12.045 -12.603 -12.937 -11.09 -12.082 -12.631 -12.911 -13.098 -12.077 -11.471 -12.328 -13.217 -13.182 -12.961 -12.096
1.770098 -7.051 -4.191 -6.636 -8.693 -10.349 -11.502 -9.602 -8.994 -10.393 -11.546 -12.338 -12.85 -8.888 -10.814 -12.01 -12.569 -12.903 -11.056 -12.048 -12.597 -12.877 -13.063 -12.043 -11.437 -12.294 -13.183 -13.148 -12.927 -12.062
1.823633 -7.014 -4.154 -6.599 -8.656 -10.312 -11.465 -9.565 -8.958 -10.356 -11.509 -12.302 -12.813 -8.851 -10.777 -11.974 -12.532 -12.866 -11.02 -12.011 -12.56 -12.84 -13.027 -12.006 -11.4 -12.257 -13.146 -13.111 -12.89 -12.025
1.878788 -6.975 -4.115 -6.559 -8.616 -10.273 -11.425 -9.525 -8.918 -10.316 -11.469 -12.262 -12.773 -8.812 -10.738 -11.934 -12.492 -12.826 -10.98 -11.971 -12.521 -12.8 -12.987 -11.966 -11.36 -12.218 -13.106 -13.071 -12.851 -11.986
1.93561 -6.932 -4.072 -6.516 -8.574 -10.23 -11.382 -9.483 -8.875 -10.273 -11.426 -12.219 -12.73 -8.769 -10.695 -11.891 -12.449 -12.783 -10.937 -11.928 -12.478 -12.758 -12.944 -11.924 -11.317 -12.175 -13.063 -13.028 -12.808 -11.943
1.994152 -6.886 -4.026 -6.47 -8.527 -10.183 -11.336 -9.436 -8.829 -10.227 -11.38 -12.173 -12.684 -8.722 -10.649 -11.845 -12.403 -12.737 -10.891 -11.882 -12.431 -12.711 -12.898 -11.877 -11.271 -12.129 -13.017 -12.982 -12.762 -11.897
2.054463 -6.836 -3.976 -6.42 -8.478 -10.134 -11.287 -9.387 -8.779 -10.178 -11.33 -12.123 -12.635 -8.673 -10.599 -11.795 -12.353 -12.687 -10.841 -11.832 -12.382 -12.662 -12.848 -11.828 -11.222 -12.079 -12.967 -12.933 -12.712 -11.847
2.116599 -6.783 -3.923 -6.367 -8.424 -10.08 -11.233 -9.333 -8.726 -10.124 -11.277 -12.07 -12.581 -8.62 -10.546 -11.742 -12.3 -12.634 -10.788 -11.779 -12.329 -12.608 -12.795 -11.774 -11.168 -12.026 -12.914 -12.879 -12.659 -11.794
2.180614 -6.725 -3.866 -6.31 -8.367 -10.023 -11.176 -9.276 -8.669 -10.067 -11.22 -12.013 -12.524 -8.562 -10.488 -11.685 -12.243 -12.577 -10.731 -11.722 -12.271 -12.551 -12.738 -11.717 -11.111 -11.968 -12.857 -12.822 -12.601 -11.737
2.246566 -6.664 -3.804 -6.249 -8.306 -9.962 -11.115 -9.215 -8.607 -10.006 -11.159 -11.951 -12.463 -8.501 -10.427 -11.623 -12.181 -12.516 -10.669 -11.661 -12.21 -12.49 -12.676 -11.656 -11.05 -11.907 -12.795 -12.761 -12.54 -11.675
2.314511 -6.599 -3.739 -6.183 -8.241 -9.897 -11.049 -9.149 -8.542 -9.94 -11.093 -11.886 -12.397 -8.436 -10.362 -11.558 -12.116 -12.45 -10.604 -11.595 -12.145 -12.424 -12.611 -11.59 -10.984 -11.842 -12.73 -12.695 -12.475 -11.61
2.384512 -6.529 -3.669 -6.113 -8.17 -9.826 -10.979 -9.079 -8.472 -9.87 -11.023 -11.816 -12.327 -8.365 -10.292 -11.488 -12.046 -12.38 -10.534 -11.525 -12.074 -12.354 -12.541 -11.52 -10.914 -11.772 -12.66 -12.625 -12.405 -11.54
2.45663 -6.454 -3.594 -6.038 -8.095 -9.752 -10.904 -9.004 -8.397 -9.795 -10.948 -11.741 -12.252 -8.291 -10.217 -11.413 -11.971 -12.305 -10.459 -11.45 -12.0 -12.279 -12.466 -11.445 -10.839 -11.697 -12.585 -12.55 -12.33 -11.465
2.530929 -6.374 -3.514 -5.958 -8.015 -9.672 -10.824 -8.924 -8.317 -9.715 -10.868 -11.661 -12.172 -8.211 -10.137 -11.333 -11.891 -12.225 -10.379 -11.37 -11.92 -12.199 -12.386 -11.365 -10.759 -11.617 -12.505 -12.47 -12.25 -11.385
2.607475 -6.288 -3.428 -5.873 -7.93 -9.586 -10.739 -8.839 -8.231 -9.63 -10.783 -11.575 -12.087 -8.125 -10.051 -11.247 -11.806 -12.14 -10.293 -11.285 -11.834 -12.114 -12.3 -11.28 -10.674 -11.531 -12.419 -12.385 -12.164 -11.299
2.686337 -6.197 -3.337 -5.782 -7.839 -9.495 -10.648 -8.748 -8.14 -9.539 -10.692 -11.484 -11.996 -8.034 -9.96 -11.156 -11.714 -12.049 -10.202 -11.194 -11.743 -12.023 -12.209 -11.189 -10.583 -11.44 -12.328 -12.294 -12.073 -11.208
2.767583 -6.1 -3.24 -5.685 -7.742 -9.398 -10.551 -8.651 -8.043 -9.442 -10.595 -11.387 -11.899 -7.937 -9.863 -11.059 -11.617 -11.952 -10.105 -11.097 -11.646 -11.926 -12.112 -11.092 -10.486 -11.343 -12.231 -12.197 -11.976 -11.111
2.851287 -5.997 -3.137 -5.581 -7.639 -9.295 -10.447 -8.548 -7.94 -9.338 -10.491 -11.284 -11.795 -7.834 -9.76 -10.956 -11.514 -11.848 -10.002 -10.993 -11.543 -11.823 -12.009 -10.989 -10.382 -11.24 -12.128 -12.093 -11.873 -11.008
2.937522 -5.887 -3.027 -5.471 -7.528 -9.184 -10.337 -8.437 -7.83 -9.228 -10.381 -11.174 -11.685 -7.724 -9.65 -10.846 -11.404 -11.738 -9.892 -10.883 -11.433 -11.712 -11.899 -10.878 -10.272 -11.13 -12.018 -11.983 -11.763 -10.898
3.026365 -5.769 -2.909 -5.354 -7.411 -9.067 -10.22 -8.32 -7.712 -9.111 -10.264 -11.056 -11.568 -7.606 -9.532 -10.728 -11.287 -11.621 -9.774 -10.766 -11.315 -11.595 -11.782 -10.761 -10.155 -11.012 -11.901 -11.866 -11.645 -10.78
3.117896 -5.645 -2.785 -5.229 -7.286 -8.942 -10.095 -8.195 -7.588 -8.986 -10.139 -10.932 -11.443 -7.482 -9.408 -10.604 -11.162 -11.496 -9.65 -10.641 -11.191 -11.47 -11.657 -10.636 -10.03 -10.888 -11.776 -11.741 -11.521 -10.656
3.212194 -5.512 -2.652 -5.096 -7.154 -8.81 -9.963 -8.063 -7.455 -8.854 -10.006 -10.799 -11.311 -7.349 -9.275 -10.471 -11.029 -11.363 -9.517 -10.508 -11.058 -11.338 -11.524 -10.504 -9.898 -10.755 -11.643 -11.609 -11.388 -10.523
3.309345 -5.371 -2.511 -4.955 -7.013 -8.669 -9.821 -7.922 -7.314 -8.712 -9.865 -10.658 -11.17 -7.208 -9.134 -10.33 -10.888 -11.222 -9.376 -10.367 -10.917 -11.197 -11.383 -10.363 -9.756 -10.614 -11.502 -11.467 -11.247 -10.382
3.409434 -5.221 -2.361 -4.805 -6.863 -8.519 -9.671 -7.772 -7.164 -8.562 -9.715 -10.508 -11.019 -7.058 -8.984 -10.18 -10.738 -11.072 -9.226 -10.217 -10.767 -11.047 -11.233 -10.213 -9.606 -10.464 -11.352 -11.317 -11.097 -10.232
3.51255 -5.061 -2.201 -4.646 -6.703 -8.359 -9.512 -7.612 -7.004 -8.403 -9.556 -10.348 -10.86 -6.898 -8.824 -10.02 -10.579 -10.913 -9.066 -10.058 -10.607 -10.887 -11.074 -10.053 -9.447 -10.304 -11.193 -11.158 -10.937 -10.072
3.618785 -4.892 -2.032 -4.477 -6.534 -8.19 -9.343 -7.443 -6.835 -8.234 -9.386 -10.179 -10.691 -6.729 -8.655 -9.851 -10.409 -10.743 -8.897 -9.889 -10.438 -10.718 -10.904 -9.884 -9.278 -10.135 -11.023 -10.989 -10.768 -9.903
3.728232 -4.712 -1.852 -4.297 -6.354 -8.01 -9.163 -7.263 -6.655 -8.054 -9.206 -9.999 -10.511 -6.549 -8.475 -9.671 -10.229 -10.563 -8.717 -9.709 -10.258 -10.538 -10.724 -9.704 -9.098 -9.955 -10.843 -10.809 -10.588 -9.723
3.84099 -4.521 -1.661 -4.105 -6.163 -7.819 -8.971 -7.072 -6.464 -7.862 -9.015 -9.808 -10.319 -6.358 -8.284 -9.48 -10.038 -10.372 -8.526 -9.517 -10.067 -10.347 -10.533 -9.513 -8.906 -9.764 -10.652 -10.617 -10.397 -9.532
3.957158 -4.318 -1.458 -3.902 -5.96 -7.616 -8.768 -6.868 -6.261 -7.659 -8.812 -9.605 -10.116 -6.155 -8.081 -9.277 -9.835 -10.169 -8.323 -9.314 -9.864 -10.143 -10.33 -9.31 -8.703 -9.561 -10.449 -10.414 -10.194 -9.329
4.07684 -4.102 -1.242 -3.687 -5.744 -7.4 -8.553 -6.653 -6.045 -7.444 -8.596 -9.389 -9.901 -5.939 -7.865 -9.061 -9.619 -9.953 -8.107 -9.099 -9.648 -9.928 -10.114 -9.094 -8.488 -9.345 -10.233 -10.199 -9.978 -9.113
4.200141 -3.873 -1.013 -3.458 -5.515 -7.171 -8.324 -6.424 -5.816 -7.215 -8.367 -9.16 -9.672 -5.71 -7.636 -8.832 -9.39 -9.724 -7.878 -8.87 -9.419 -9.699 -9.885 -8.865 -8.259 -9.116 -10.004 -9.97 -9.749 -8.884
4.327172 -3.63 -0.77 -3.214 -5.272 -6.928 -8.081 -6.181 -5.573 -6.972 -8.124 -8.917 -9.429 -5.467 -7.393 -8.589 -9.147 -9.481 -7.635 -8.626 -9.176 -9.456 -9.642 -8.622 -8.016 -8.873 -9.761 -9.727 -9.506 -8.641
4.458044 -3.372 -0.512 -2.956 -5.014 -6.67 -7.822 -5.923 -5.315 -6.713 -7.866 -8.659 -9.171 -5.209 -7.135 -8.331 -8.889 -9.223 -7.377 -8.368 -8.918 -9.198 -9.384 -8.364 -7.757 -8.615 -9.503 -9.468 -9.248 -8.383
4.592874 -3.098 -0.238 -2.682 -4.74 -6.396 -7.548 -5.649 -5.041 -6.439 -7.592 -8.385 -8.896 -4.935 -6.861 -8.057 -8.615 -8.949 -7.103 -8.094 -8.644 -8.924 -9.11 -8.09 -7.483 -8.341 -9.229 -9.194 -8.974 -8.109
4.731783 -2.807 0.053 -2.391 -4.449 -6.105 -7.258 -5.358 -4.75 -6.149 -7.301 -8.094 -8.606 -4.644 -6.57 -7.766 -8.324 -8.658 -6.812 -7.803 -8.353 -8.633 -8.819 -7.799 -7.193 -8.05 -8.938 -8.904 -8.683 -7.818
4.874892 -2.498 0.362 -2.083 -4.14 -5.796 -6.949 -5.049 -4.441 -5.84 -6.993 -7.785 -8.297 -4.335 -6.261 -7.457 -8.015 -8.349 -6.503 -7.495 -8.044 -8.324 -8.51 -7.49 -6.884 -7.741 -8.629 -8.595 -8.374 -7.509
5.02233 -2.17 0.69 -1.755 -3.812 -5.468 -6.621 -4.721 -4.113 -5.512 -6.665 -7.457 -7.969 -4.007 -5.933 -7.129 -7.688 -8.022 -6.175 -7.167 -7.716 -7.996 -8.183 -7.162 -6.556 -7.413 -8.302 -8.267 -8.046 -7.181
5.174227 -1.822 1.038 -1.407 -3.464 -5.12 -6.273 -4.373 -3.766 -5.164 -6.317 -7.11 -7.621 -3.659 -5.585 -6.782 -7.34 -7.674 -5.828 -6.819 -7.368 -7.648 -7.835 -6.814 -6.208 -7.065 -7.954 -7.919 -7.698 -6.833
