web/models/kne/26/villar_0.0023_0.1397_10.0000.dat
# %ECSV 1.0
# ---
# datatype:
# - {name: time, datatype: float64}
# - {name: swift_uvot_uvw2, datatype: float64}
# - {name: swift_uvot_uvm2, datatype: float64}
# - {name: swift_uvot_uvw1, datatype: float64}
# - {name: swift_uvot_U, datatype: float64}
# - {name: swift_uvot_B, datatype: float64}
# - {name: swift_uvot_V, datatype: float64}
# - {name: swift_uvot_W, datatype: float64}
# - {name: johnson_U, datatype: float64}
# - {name: johnson_B, datatype: float64}
# - {name: johnson_V, datatype: float64}
# - {name: johnson_R, datatype: float64}
# - {name: johnson_I, datatype: float64}
# - {name: sdss_u, datatype: float64}
# - {name: sdss_g, datatype: float64}
# - {name: sdss_r, datatype: float64}
# - {name: sdss_i, datatype: float64}
# - {name: sdss_z, datatype: float64}
# - {name: PS1_g, datatype: float64}
# - {name: PS1_r, datatype: float64}
# - {name: PS1_i, datatype: float64}
# - {name: PS1_z, datatype: float64}
# - {name: PS1_Y, datatype: float64}
# - {name: PS1_w, datatype: float64}
# - {name: ATLAS_c, datatype: float64}
# - {name: ATLAS_o, datatype: float64}
# - {name: ukirt_J, datatype: float64}
# - {name: ukirt_H, datatype: float64}
# - {name: ukirt_K, datatype: float64}
# - {name: Clear, datatype: float64}
# meta: !!omap
# - comment: [kappa = 10.0, type = villar, mass = 0.0022901433483143324, velocity = 0.13966666666666672, theta_obs = 0.0]
# schema: astropy-2.0
time swift_uvot_uvw2 swift_uvot_uvm2 swift_uvot_uvw1 swift_uvot_U swift_uvot_B swift_uvot_V swift_uvot_W johnson_U johnson_B johnson_V johnson_R johnson_I sdss_u sdss_g sdss_r sdss_i sdss_z PS1_g PS1_r PS1_i PS1_z PS1_Y PS1_w ATLAS_c ATLAS_o ukirt_J ukirt_H ukirt_K Clear
[from data line 292]
6.005465 -1.809 1.051 -1.393 -3.451 -5.107 -6.259 -4.36 -3.752 -5.151 -6.303 -7.096 -7.608 -3.646 -5.572 -6.768 -7.326 -7.66 -5.814 -6.805 -7.355 -7.635 -7.821 -6.801 -6.195 -7.052 -7.94 -7.906 -7.685 -6.82
6.187096 -1.478 1.382 -1.062 -3.119 -4.775 -5.928 -4.028 -3.421 -4.819 -5.972 -6.765 -7.276 -3.314 -5.241 -6.437 -6.995 -7.329 -5.483 -6.474 -7.023 -7.303 -7.49 -6.469 -5.863 -6.721 -7.609 -7.574 -7.354 -6.489
6.37422 -1.126 1.734 -0.71 -2.768 -4.424 -5.576 -3.677 -3.069 -4.467 -5.62 -6.413 -6.925 -2.963 -4.889 -6.085 -6.643 -6.977 -5.131 -6.122 -6.672 -6.952 -7.138 -6.118 -5.511 -6.369 -7.257 -7.222 -7.002 -6.137
6.567004 -0.753 2.107 -0.337 -2.394 -4.05 -5.203 -3.303 -2.696 -4.094 -5.247 -6.04 -6.551 -2.589 -4.516 -5.712 -6.27 -6.604 -4.758 -5.749 -6.298 -6.578 -6.765 -5.744 -5.138 -5.995 -6.884 -6.849 -6.628 -5.764
6.765619 -0.356 2.504 0.059 -1.998 -3.654 -4.807 -2.907 -2.299 -3.698 -4.851 -5.643 -6.155 -2.193 -4.119 -5.315 -5.873 -6.208 -4.361 -5.353 -5.902 -6.182 -6.368 -5.348 -4.742 -5.599 -6.487 -6.453 -6.232 -5.367
6.97024 0.064 2.924 0.48 -1.577 -3.234 -4.386 -2.486 -1.879 -3.277 -4.43 -5.223 -5.734 -1.773 -3.699 -4.895 -5.453 -5.787 -3.941 -4.932 -5.482 -5.761 -5.948 -4.927 -4.321 -5.179 -6.067 -6.032 -5.812 -4.947
7.181051 0.511 3.371 0.926 -1.131 -2.787 -3.94 -2.04 -1.432 -2.831 -3.984 -4.776 -5.288 -1.326 -3.252 -4.448 -5.006 -5.341 -3.494 -4.486 -5.035 -5.315 -5.501 -4.481 -3.875 -4.732 -5.62 -5.586 -5.365 -4.5
7.398237 0.985 3.845 1.4 -0.657 -2.313 -3.466 -1.566 -0.958 -2.357 -3.51 -4.302 -4.814 -0.852 -2.778 -3.974 -4.533 -4.867 -3.02 -4.012 -4.561 -4.841 -5.028 -4.007 -3.401 -4.258 -5.147 -5.112 -4.891 -4.026
7.621991 1.488 4.348 1.903 -0.154 -1.81 -2.963 -1.063 -0.455 -1.854 -3.007 -3.799 -4.311 -0.349 -2.275 -3.472 -4.03 -4.364 -2.517 -3.509 -4.058 -4.338 -4.525 -3.504 -2.898 -3.755 -4.644 -4.609 -4.388 -3.523
7.852513 2.021 4.881 2.437 0.38 -1.276 -2.429 -0.529 0.078 -1.32 -2.473 -3.266 -3.777 0.185 -1.742 -2.938 -3.496 -3.83 -1.984 -2.975 -3.524 -3.804 -3.991 -2.97 -2.364 -3.222 -4.11 -4.075 -3.854 -2.99
8.090007 2.588 5.448 3.004 0.946 -0.71 -1.863 0.037 0.645 -0.754 -1.906 -2.699 -3.211 0.751 -1.175 -2.371 -2.929 -3.263 -1.417 -2.408 -2.958 -3.238 -3.424 -2.404 -1.798 -2.655 -3.543 -3.509 -3.288 -2.423
8.334684 3.19 6.049 3.605 1.548 -0.108 -1.261 0.639 1.246 -0.152 -1.305 -2.098 -2.609 1.353 -0.573 -1.77 -2.328 -2.662 -0.816 -1.807 -2.356 -2.636 -2.823 -1.802 -1.196 -2.053 -2.942 -2.907 -2.686 -1.822
8.586761 3.828 6.688 4.243 2.186 0.53 -0.623 1.277 1.885 0.486 -0.667 -1.459 -1.971 1.991 0.065 -1.131 -1.689 -2.023 -0.177 -1.169 -1.718 -1.998 -2.184 -1.164 -0.558 -1.415 -2.303 -2.269 -2.048 -1.183
8.846461 4.505 7.365 4.921 2.864 1.208 0.055 1.955 2.562 1.164 0.011 -0.782 -1.293 2.669 0.742 -0.454 -1.012 -1.346 0.5 -0.491 -1.04 -1.32 -1.507 -0.486 0.12 -0.738 -1.626 -1.591 -1.371 -0.506
9.114017 5.225 8.085 5.64 3.583 1.927 0.774 2.674 3.281 1.883 0.73 -0.063 -0.574 3.388 1.462 0.265 -0.293 -0.627 1.219 0.228 -0.321 -0.601 -0.788 0.233 0.839 -0.018 -0.907 -0.872 -0.651 0.214
9.389664 5.988 8.848 6.403 4.346 2.69 1.537 3.437 4.045 2.646 1.493 0.701 0.189 4.151 2.225 1.029 0.471 0.137 1.983 0.991 0.442 0.162 -0.024 0.996 1.602 0.745 -0.143 -0.109 0.112 0.977
9.673648 6.798 9.658 7.213 5.156 3.5 2.347 4.247 4.855 3.456 2.304 1.511 0.999 4.961 3.035 1.839 1.281 0.947 2.793 1.801 1.252 0.972 0.786 1.806 2.412 1.555 0.667 0.701 0.922 1.787
9.966221 7.658 10.518 8.073 6.016 4.36 3.207 5.107 5.715 4.316 3.164 2.371 1.859 5.821 3.895 2.699 2.141 1.807 3.653 2.661 2.112 1.832 1.646 2.666 3.272 2.415 1.527 1.561 1.782 2.647
10.267642 8.571 11.431 8.986 6.929 5.273 4.12 6.02 6.628 5.229 4.076 3.284 2.772 6.734 4.808 3.612 3.053 2.719 4.566 3.574 3.025 2.745 2.559 3.579 4.185 3.328 2.44 2.474 2.695 3.56
10.57818 9.539 12.399 9.955 7.898 6.242 5.089 6.989 7.596 6.198 5.045 4.252 3.741 7.703 5.776 4.58 4.022 3.688 5.534 4.543 3.994 3.714 3.527 4.548 5.154 4.297 3.408 3.443 3.664 4.528
10.89811 10.568 13.428 10.983 8.926 7.27 6.117 8.017 8.625 7.226 6.073 5.281 4.769 8.731 6.805 5.609 5.051 4.716 6.563 5.571 5.022 4.742 4.556 5.576 6.182 5.325 4.437 4.471 4.692 5.557
11.227716 11.659 14.519 12.075 10.017 8.361 7.209 9.108 9.716 8.318 7.165 6.372 5.86 9.822 7.896 6.7 6.142 5.808 7.654 6.663 6.113 5.833 5.647 6.667 7.273 6.416 5.528 5.562 5.783 6.648
11.56729 12.818 15.678 13.233 11.176 9.52 8.367 10.267 10.874 9.476 8.323 7.53 7.019 10.981 9.055 7.858 7.3 6.966 8.812 7.821 7.272 6.992 6.805 7.826 8.432 7.575 6.686 6.721 6.942 7.807
11.917135 14.047 16.907 14.463 12.405 10.749 9.596 11.496 12.104 10.705 9.553 8.76 8.248 12.21 10.284 9.088 8.53 8.196 10.042 9.051 8.501 8.221 8.035 9.055 9.661 8.804 7.916 7.95 8.171 9.036
12.277561 15.352 18.212 15.768 13.71 12.054 10.902 12.801 13.409 12.011 10.858 10.065 9.553 13.515 11.589 10.393 9.835 9.501 11.347 10.356 9.806 9.526 9.34 10.36 10.966 10.109 9.221 9.255 9.476 10.341
12.648887 16.737 19.597 17.153 15.095 13.439 12.287 14.187 14.794 13.396 12.243 11.45 10.939 14.9 12.974 11.778 11.22 10.886 12.732 11.741 11.191 10.912 10.725 11.746 12.352 11.494 10.606 10.641 10.861 11.726
13.031444 18.208 21.068 18.623 16.566 14.91 13.757 15.657 16.264 14.866 13.713 12.92 12.409 16.371 14.445 13.248 12.69 12.356 14.202 13.211 12.662 12.382 12.195 13.216 13.822 12.965 12.076 12.111 12.332 13.197
13.425571 19.768 22.628 20.184 18.126 16.47 15.317 17.217 17.825 16.426 15.274 14.481 13.969 17.931 16.005 14.809 14.251 13.917 15.763 14.772 14.222 13.942 13.756 14.776 15.382 14.525 13.637 13.671 13.892 14.757
13.831619 21.424 24.284 21.84 19.783 18.127 16.974 18.874 19.481 18.083 16.93 16.137 15.626 19.587 17.661 16.465 15.907 15.573 17.419 16.428 15.878 15.599 15.412 16.433 17.039 16.181 15.293 15.328 15.548 16.413
14.249947 23.182 26.042 23.598 21.541 19.885 18.732 20.632 21.239 19.841 18.688 17.895 17.384 21.346 19.419 18.223 17.665 17.331 19.177 18.186 17.637 17.357 17.17 18.191 18.797 17.939 17.051 17.086 17.306 18.171
14.680926 25.048 27.908 25.464 23.407 21.751 20.598 22.498 23.105 21.707 20.554 19.761 19.25 23.212 21.285 20.089 19.531 19.197 21.043 20.052 19.503 19.223 19.036 20.057 20.663 19.805 18.917 18.952 19.172 20.037
15.124941 27.029 29.889 27.444 25.387 23.731 22.578 24.478 25.086 23.687 22.535 21.742 21.23 25.192 23.266 22.07 21.512 21.178 23.024 22.032 21.483 21.203 21.017 22.037 22.643 21.786 20.898 20.932 21.153 22.018
15.582385 29.131 31.991 29.547 27.489 25.833 24.681 26.58 27.188 25.79 24.637 23.844 23.332 27.294 25.368 24.172 23.614 23.28 25.126 24.135 23.585 23.305 23.119 24.139 24.745 23.888 23.0 23.034 23.255 24.12
16.053663 31.362 34.222 31.778 29.721 28.065 26.912 28.812 29.419 28.021 26.868 26.075 25.564 29.525 27.599 26.403 25.845 25.511 27.357 26.366 25.816 25.537 25.35 26.371 26.977 26.119 25.231 25.266 25.486 26.351
16.539195 33.731 36.591 34.146 32.089 30.433 29.28 31.18 31.788 30.389 29.236 28.444 27.932 31.894 29.968 28.772 28.213 27.879 29.726 28.734 28.185 27.905 27.718 28.739 29.345 28.488 27.599 27.634 27.855 28.72
17.039412 36.244 39.104 36.66 34.602 32.946 31.794 33.694 34.301 32.903 31.75 30.957 30.446 34.407 32.481 31.285 30.727 30.393 32.239 31.248 30.698 30.419 30.232 31.253 31.859 31.001 30.113 30.148 30.368 31.233
17.554757 38.912 41.772 39.328 37.271 35.615 34.462 36.362 36.969 35.571 34.418 33.625 33.114 37.075 35.149 33.953 33.395 33.061 34.907 33.916 33.366 33.087 32.9 33.921 34.527 33.669 32.781 32.816 33.036 33.901
18.085689 41.744 44.604 42.16 40.102 38.446 37.294 39.193 39.801 38.403 37.25 36.457 35.946 39.907 37.981 36.785 36.227 35.893 37.739 36.748 36.198 35.918 35.732 36.752 37.359 36.501 35.613 35.648 35.868 36.733
18.632678 44.75 47.61 45.165 43.108 41.452 40.299 42.199 42.807 41.408 40.256 39.463 38.951 42.913 40.987 39.791 39.233 38.899 40.745 39.753 39.204 38.924 38.738 39.758 40.364 39.507 38.619 38.653 38.874 39.739
19.196211 47.94 50.8 48.356 46.298 44.642 43.49 45.389 45.997 44.599 43.446 42.653 42.142 46.103 44.177 42.981 42.423 42.089 43.935 42.944 42.394 42.114 41.928 42.948 43.555 42.697 41.809 41.844 42.064 42.929
19.776787 51.326 54.186 51.742 49.685 48.029 46.876 48.776 49.383 47.985 46.832 46.039 45.528 49.49 47.563 46.367 45.809 45.475 47.321 46.33 45.781 45.501 45.314 46.335 46.941 46.083 45.195 45.23 45.45 46.315
20.374923 54.921 57.781 55.336 53.279 51.623 50.47 52.37 52.977 51.579 50.426 49.633 49.122 53.084 51.158 49.961 49.403 49.069 50.915 49.924 49.375 49.095 48.908 49.929 50.535 49.678 48.789 48.824 49.045 49.91
20.991149 58.735 61.595 59.151 57.094 55.438 54.285 56.185 56.792 55.394 54.241 53.448 52.937 56.898 54.972 53.776 53.218 52.884 54.73 53.739 53.189 52.91 52.723 53.744 54.35 53.492 52.604 52.639 52.859 53.724
21.626011 62.784 65.644 63.2 61.143 59.487 58.334 60.234 60.841 59.443 58.29 57.497 56.986 60.948 59.021 57.825 57.267 56.933 58.779 57.788 57.239 56.959 56.772 57.793 58.399 57.541 56.653 56.688 56.908 57.773
22.280075 67.082 69.942 67.498 65.44 63.784 62.632 64.531 65.139 63.74 62.588 61.795 61.283 65.245 63.319 62.123 61.565 61.231 63.077 62.086 61.536 61.256 61.07 62.09 62.696 61.839 60.951 60.985 61.206 62.071
22.953921 71.644 74.504 72.059 70.002 68.346 67.193 69.093 69.701 68.302 67.149 66.357 65.845 69.807 67.881 66.685 66.126 65.792 67.639 66.647 66.098 65.818 65.632 66.652 67.258 66.401 65.513 65.547 65.768 66.633
23.648147 76.485 79.345 76.901 74.844 73.188 72.035 73.935 74.542 73.144 71.991 71.198 70.687 74.648 72.722 71.526 70.968 70.634 72.48 71.489 70.939 70.66 70.473 71.494 72.1 71.242 70.354 70.389 70.609 71.474
24.363369 81.624 84.484 82.04 79.982 78.326 77.174 79.074 79.681 78.283 77.13 76.337 75.826 79.787 77.861 76.665 76.107 75.773 77.619 76.628 76.078 75.799 75.612 76.633 77.239 76.381 75.493 75.528 75.748 76.613
25.100222 87.079 89.939 87.494 85.437 83.781 82.628 84.528 85.136 83.737 82.584 81.792 81.28 85.242 83.316 82.12 81.562 81.227 83.074 82.082 81.533 81.253 81.067 82.087 82.693 81.836 80.948 80.982 81.203 82.068
25.859362 92.868 95.728 93.284 91.226 89.57 88.418 90.317 90.925 89.527 88.374 87.581 87.07 91.031 89.105 87.909 87.351 87.017 88.863 87.872 87.322 87.042 86.856 87.876 88.483 87.625 86.737 86.772 86.992 87.857
26.64146 99.013 101.873 99.429 97.371 95.715 94.563 96.462 97.07 95.672 94.519 93.726 93.215 97.176 95.25 94.054 93.496 93.162 95.008 94.017 93.467 93.187 93.001 94.021 94.628 93.77 92.882 92.917 93.137 94.002
27.447213 105.535 108.395 105.951 103.894 102.238 101.085 102.985 103.592 102.194 101.041 100.248 99.737 103.699 101.772 100.576 100.018 99.684 101.53 100.539 99.99 99.71 99.523 100.544 101.15 100.292 99.404 99.439 99.659 100.524
28.277335 112.458 115.318 112.874 110.816 109.16 108.008 109.907 110.515 109.117 107.964 107.171 106.66 110.621 108.695 107.499 106.941 106.607 108.453 107.462 106.912 106.632 106.446 107.466 108.073 107.215 106.327 106.362 106.582 107.447
29.132564 119.806 122.666 120.221 118.164 116.508 115.355 117.255 117.863 116.464 115.312 114.519 114.007 117.969 116.043 114.847 114.289 113.955 115.801 114.809 114.26 113.98 113.794 114.814 115.42 114.563 113.675 113.709 113.93 114.795
30.013659 127.605 130.465 128.02 125.963 124.307 123.154 125.054 125.662 124.263 123.111 122.318 121.806 125.768 123.842 122.646 122.088 121.754 123.6 122.608 122.059 121.779 121.593 122.613 123.219 122.362 121.474 121.508 121.729 122.594
30.921401 135.883 138.743 136.298 134.241 132.585 131.432 133.332 133.94 132.541 131.388 130.596 130.084 134.046 132.12 130.924 130.366 130.032 131.878 130.886 130.337 130.057 129.871 130.891 131.497 130.64 129.752 129.786 130.007 130.872
31.856598 144.669 147.529 145.084 143.027 141.371 140.218 142.118 142.726 141.327 140.175 139.382 138.87 142.832 140.906 139.71 139.152 138.818 140.664 139.672 139.123 138.843 138.657 139.677 140.283 139.426 138.538 138.572 138.793 139.658
32.820079 153.995 156.855 154.41 152.353 150.697 149.544 151.444 152.052 150.653 149.5 148.708 148.196 152.158 150.232 149.036 148.477 148.143 149.99 148.998 148.449 148.169 147.983 149.003 149.609 148.752 147.864 147.898 148.119 148.984
33.8127 163.893 166.753 164.308 162.251 160.595 159.442 161.342 161.95 160.551 159.399 158.606 158.094 162.056 160.13 158.934 158.376 158.042 159.888 158.896 158.347 158.067 157.881 158.901 159.507 158.65 157.762 157.796 158.017 158.882
34.835342 174.399 177.259 174.815 172.757 171.101 169.948 171.848 172.456 171.057 169.905 169.112 168.6 172.562 170.636 169.44 168.882 168.548 170.394 169.403 168.853 168.573 168.387 169.407 170.013 169.156 168.268 168.302 168.523 169.388
35.888913 185.55 188.41 185.966 183.908 182.252 181.1 183.0 183.607 182.209 181.056 180.263 179.752 183.713 181.787 180.591 180.033 179.699 181.545 180.554 180.004 179.725 179.538 180.558 181.165 180.307 179.419 179.454 179.674 180.539
36.974349 197.386 200.246 197.802 195.744 194.088 192.936 194.835 195.443 194.045 192.892 192.099 191.588 195.549 193.623 192.427 191.869 191.535 193.381 192.39 191.84 191.56 191.374 192.394 193.001 192.143 191.255 191.29 191.51 192.375
38.092613 209.949 212.809 210.364 208.307 206.651 205.498 207.398 208.006 206.607 205.454 204.662 204.15 208.112 206.186 204.99 204.432 204.098 205.944 204.952 204.403 204.123 203.937 204.957 205.563 204.706 203.818 203.852 204.073 204.938
39.244698 223.283 226.143 223.698 221.641 219.985 218.832 220.732 221.34 219.941 218.789 217.996 217.484 221.446 219.52 218.324 217.766 217.432 219.278 218.286 217.737 217.457 217.271 218.291 218.897 218.04 217.152 217.186 217.407 218.272
40.431627 237.436 240.296 237.851 235.794 234.138 232.985 234.885 235.493 234.094 232.941 232.149 231.637 235.599 233.673 232.477 231.919 231.584 233.431 232.439 231.89 231.61 231.424 232.444 233.05 232.193 231.305 231.339 231.56 232.425
41.654454 252.458 255.318 252.873 250.816 249.16 248.007 249.907 250.515 249.116 247.963 247.171 246.659 250.621 248.695 247.499 246.94 246.606 248.453 247.461 246.912 246.632 246.445 247.466 248.072 247.215 246.326 246.361 246.582 247.447
42.914265 268.402 271.262 268.817 266.76 265.104 263.951 265.851 266.459 265.06 263.907 263.115 262.603 266.565 264.639 263.443 262.885 262.551 264.397 263.405 262.856 262.576 262.39 263.41 264.016 263.159 262.271 262.305 262.526 263.391
44.212178 285.325 288.185 285.741 283.683 282.027 280.875 282.774 283.382 281.984 280.831 280.038 279.526 283.488 281.562 280.366 279.808 279.474 281.32 280.329 279.779 279.499 279.313 280.333 280.94 280.082 279.194 279.229 279.449 280.314
45.549345 303.288 306.148 303.703 301.646 299.99 298.837 300.737 301.345 299.946 298.793 298.0 297.489 301.451 299.525 298.328 297.77 297.436 299.283 298.291 297.742 297.462 297.275 298.296 298.902 298.045 297.156 297.191 297.412 298.277
46.926954 322.353 325.213 322.768 320.711 319.055 317.902 319.802 320.41 319.011 317.859 317.066 316.554 320.516 318.59 317.394 316.836 316.502 318.348 317.356 316.807 316.527 316.341 317.361 317.967 317.11 316.222 316.256 316.477 317.342
48.346227 342.589 345.449 343.004 340.947 339.291 338.138 340.038 340.646 339.247 338.095 337.302 336.79 340.752 338.826 337.63 337.072 336.738 338.584 337.592 337.043 336.763 336.577 337.597 338.203 337.346 336.458 336.492 336.713 337.578
49.808426 364.068 366.928 364.483 362.426 360.77 359.617 361.517 362.125 360.726 359.573 358.781 358.269 362.231 360.305 359.109 358.55 358.216 360.063 359.071 358.522 358.242 358.055 359.076 359.682 358.825 357.936 357.971 358.192 359.057
51.314848 386.865 389.725 387.281 385.223 383.567 382.415 384.314 384.922 383.524 382.371 381.578 381.066 385.028 383.102 381.906 381.348 381.014 382.86 381.869 381.319 381.039 380.853 381.873 382.479 381.622 380.734 380.768 380.989 381.854
52.86683 411.062 413.922 411.478 409.421 407.765 406.612 408.512 409.119 407.721 406.568 405.775 405.264 409.226 407.299 406.103 405.545 405.211 407.057 406.066 405.517 405.237 405.05 406.071 406.677 405.82 404.931 404.966 405.187 406.051
