web/models/kne/26/villar_0.5000_0.2180_1.0000.dat
# %ECSV 1.0
# ---
# datatype:
# - {name: time, datatype: float64}
# - {name: swift_uvot_uvw2, datatype: float64}
# - {name: swift_uvot_uvm2, datatype: float64}
# - {name: swift_uvot_uvw1, datatype: float64}
# - {name: swift_uvot_U, datatype: float64}
# - {name: swift_uvot_B, datatype: float64}
# - {name: swift_uvot_V, datatype: float64}
# - {name: swift_uvot_W, datatype: float64}
# - {name: johnson_U, datatype: float64}
# - {name: johnson_B, datatype: float64}
# - {name: johnson_V, datatype: float64}
# - {name: johnson_R, datatype: float64}
# - {name: johnson_I, datatype: float64}
# - {name: sdss_u, datatype: float64}
# - {name: sdss_g, datatype: float64}
# - {name: sdss_r, datatype: float64}
# - {name: sdss_i, datatype: float64}
# - {name: sdss_z, datatype: float64}
# - {name: PS1_g, datatype: float64}
# - {name: PS1_r, datatype: float64}
# - {name: PS1_i, datatype: float64}
# - {name: PS1_z, datatype: float64}
# - {name: PS1_Y, datatype: float64}
# - {name: PS1_w, datatype: float64}
# - {name: ATLAS_c, datatype: float64}
# - {name: ATLAS_o, datatype: float64}
# - {name: ukirt_J, datatype: float64}
# - {name: ukirt_H, datatype: float64}
# - {name: ukirt_K, datatype: float64}
# - {name: Clear, datatype: float64}
# meta: !!omap
# - comment: [kappa = 1.0, type = villar, mass = 0.5000000000045836, velocity = 0.21800000000000003, theta_obs = 0.0]
# schema: astropy-2.0
time swift_uvot_uvw2 swift_uvot_uvm2 swift_uvot_uvw1 swift_uvot_U swift_uvot_B swift_uvot_V swift_uvot_W johnson_U johnson_B johnson_V johnson_R johnson_I sdss_u sdss_g sdss_r sdss_i sdss_z PS1_g PS1_r PS1_i PS1_z PS1_Y PS1_w ATLAS_c ATLAS_o ukirt_J ukirt_H ukirt_K Clear
[from data line 146]
0.077495 -13.892 -13.896 -13.871 -13.731 -13.507 -13.224 -13.741 -13.701 -13.503 -13.215 -12.893 -12.502 -13.708 -13.418 -13.041 -12.74 -12.445 -13.402 -13.063 -12.765 -12.556 -12.499 -13.078 -13.272 -12.917 -11.833 -11.32 -10.717 -13.134
0.079839 -13.92 -13.928 -13.906 -13.772 -13.552 -13.271 -13.777 -13.743 -13.548 -13.262 -12.941 -12.552 -13.75 -13.464 -13.089 -12.789 -12.495 -13.447 -13.11 -12.814 -12.605 -12.547 -13.125 -13.318 -12.965 -11.884 -11.372 -10.77 -13.18
0.082253 -13.948 -13.96 -13.941 -13.814 -13.596 -13.318 -13.814 -13.784 -13.592 -13.308 -12.99 -12.602 -13.792 -13.509 -13.137 -12.838 -12.545 -13.492 -13.158 -12.862 -12.654 -12.595 -13.172 -13.364 -13.013 -11.935 -11.424 -10.822 -13.227
0.084741 -13.976 -13.991 -13.975 -13.855 -13.64 -13.364 -13.849 -13.826 -13.636 -13.355 -13.038 -12.652 -13.833 -13.554 -13.184 -12.887 -12.595 -13.537 -13.205 -12.911 -12.703 -12.643 -13.219 -13.41 -13.061 -11.987 -11.476 -10.875 -13.273
0.087304 -14.003 -14.023 -14.009 -13.895 -13.684 -13.411 -13.885 -13.867 -13.68 -13.401 -13.086 -12.701 -13.874 -13.599 -13.232 -12.936 -12.644 -13.582 -13.252 -12.959 -12.752 -12.69 -13.266 -13.456 -13.109 -12.038 -11.528 -10.928 -13.319
0.089944 -14.03 -14.054 -14.043 -13.936 -13.728 -13.457 -13.92 -13.909 -13.724 -13.448 -13.134 -12.751 -13.916 -13.643 -13.279 -12.985 -12.694 -13.627 -13.299 -13.008 -12.801 -12.738 -13.313 -13.502 -13.157 -12.089 -11.58 -10.98 -13.366
0.092665 -14.057 -14.084 -14.077 -13.977 -13.772 -13.503 -13.956 -13.95 -13.768 -13.494 -13.182 -12.8 -13.956 -13.688 -13.327 -13.033 -12.744 -13.672 -13.346 -13.056 -12.849 -12.786 -13.36 -13.548 -13.205 -12.14 -11.632 -11.033 -13.412
0.095467 -14.083 -14.115 -14.111 -14.017 -13.815 -13.549 -13.991 -13.99 -13.812 -13.54 -13.23 -12.85 -13.997 -13.732 -13.374 -13.082 -12.794 -13.716 -13.393 -13.104 -12.898 -12.833 -13.406 -13.593 -13.253 -12.191 -11.684 -11.086 -13.458
0.098355 -14.11 -14.145 -14.144 -14.057 -13.859 -13.595 -14.026 -14.031 -13.855 -13.586 -13.278 -12.899 -14.038 -13.777 -13.421 -13.131 -12.843 -13.761 -13.44 -13.152 -12.946 -12.881 -13.453 -13.639 -13.301 -12.242 -11.736 -11.138 -13.504
0.101329 -14.135 -14.175 -14.177 -14.097 -13.902 -13.641 -14.06 -14.072 -13.899 -13.632 -13.325 -12.948 -14.078 -13.821 -13.468 -13.179 -12.893 -13.805 -13.487 -13.2 -12.995 -12.929 -13.499 -13.684 -13.348 -12.293 -11.788 -11.191 -13.55
0.104394 -14.161 -14.204 -14.21 -14.137 -13.945 -13.687 -14.095 -14.112 -13.942 -13.678 -13.373 -12.998 -14.119 -13.865 -13.515 -13.228 -12.942 -13.849 -13.533 -13.248 -13.043 -12.976 -13.545 -13.729 -13.396 -12.344 -11.839 -11.243 -13.595
0.107551 -14.186 -14.233 -14.242 -14.176 -13.988 -13.733 -14.129 -14.152 -13.985 -13.724 -13.421 -13.047 -14.159 -13.909 -13.562 -13.276 -12.992 -13.893 -13.58 -13.296 -13.092 -13.024 -13.592 -13.774 -13.443 -12.395 -11.891 -11.296 -13.641
0.110804 -14.211 -14.262 -14.274 -14.215 -14.031 -13.778 -14.163 -14.192 -14.028 -13.769 -13.468 -13.096 -14.198 -13.953 -13.609 -13.324 -13.041 -13.937 -13.626 -13.344 -13.14 -13.071 -13.638 -13.819 -13.491 -12.446 -11.943 -11.348 -13.686
0.114155 -14.235 -14.291 -14.306 -14.255 -14.074 -13.824 -14.197 -14.232 -14.071 -13.815 -13.515 -13.145 -14.238 -13.997 -13.655 -13.372 -13.09 -13.981 -13.673 -13.392 -13.189 -13.119 -13.684 -13.864 -13.538 -12.497 -11.995 -11.4 -13.732
0.117608 -14.259 -14.319 -14.338 -14.293 -14.117 -13.869 -14.23 -14.271 -14.113 -13.86 -13.563 -13.194 -14.278 -14.04 -13.702 -13.42 -13.139 -14.025 -13.719 -13.44 -13.237 -13.166 -13.73 -13.909 -13.585 -12.548 -12.046 -11.453 -13.777
0.121165 -14.283 -14.347 -14.369 -14.332 -14.159 -13.914 -14.263 -14.311 -14.156 -13.906 -13.61 -13.243 -14.317 -14.084 -13.748 -13.468 -13.189 -14.068 -13.765 -13.487 -13.285 -13.214 -13.775 -13.954 -13.632 -12.599 -12.098 -11.505 -13.822
0.124829 -14.306 -14.375 -14.4 -14.371 -14.201 -13.96 -14.297 -14.35 -14.198 -13.951 -13.657 -13.292 -14.356 -14.127 -13.795 -13.516 -13.238 -14.112 -13.811 -13.535 -13.333 -13.261 -13.821 -13.998 -13.679 -12.649 -12.149 -11.557 -13.867
0.128605 -14.329 -14.402 -14.431 -14.409 -14.244 -14.005 -14.329 -14.389 -14.24 -13.996 -13.704 -13.34 -14.395 -14.17 -13.841 -13.564 -13.287 -14.155 -13.857 -13.582 -13.381 -13.308 -13.867 -14.043 -13.726 -12.7 -12.201 -11.61 -13.912
0.132494 -14.352 -14.429 -14.461 -14.447 -14.286 -14.049 -14.362 -14.428 -14.282 -14.041 -13.751 -13.389 -14.434 -14.213 -13.887 -13.612 -13.336 -14.198 -13.903 -13.63 -13.429 -13.356 -13.912 -14.087 -13.773 -12.75 -12.253 -11.662 -13.957
0.136502 -14.374 -14.455 -14.491 -14.485 -14.327 -14.094 -14.395 -14.466 -14.324 -14.085 -13.798 -13.438 -14.472 -14.256 -13.933 -13.66 -13.384 -14.241 -13.949 -13.677 -13.477 -13.403 -13.957 -14.131 -13.819 -12.801 -12.304 -11.714 -14.002
0.14063 -14.396 -14.481 -14.521 -14.523 -14.369 -14.139 -14.427 -14.505 -14.366 -14.13 -13.844 -13.486 -14.51 -14.298 -13.979 -13.707 -13.433 -14.284 -13.995 -13.724 -13.525 -13.45 -14.003 -14.175 -13.866 -12.852 -12.355 -11.766 -14.046
0.144883 -14.417 -14.507 -14.551 -14.56 -14.411 -14.183 -14.459 -14.543 -14.407 -14.175 -13.891 -13.535 -14.548 -14.341 -14.025 -13.755 -13.482 -14.327 -14.04 -13.772 -13.573 -13.498 -14.048 -14.219 -13.912 -12.902 -12.407 -11.819 -14.091
0.149265 -14.438 -14.532 -14.58 -14.598 -14.452 -14.228 -14.491 -14.581 -14.448 -14.219 -13.937 -13.583 -14.586 -14.383 -14.071 -13.802 -13.53 -14.37 -14.086 -13.819 -13.621 -13.545 -14.093 -14.263 -13.959 -12.952 -12.458 -11.871 -14.135
0.15378 -14.459 -14.557 -14.609 -14.635 -14.493 -14.272 -14.522 -14.619 -14.49 -14.263 -13.984 -13.631 -14.624 -14.425 -14.116 -13.849 -13.579 -14.412 -14.131 -13.866 -13.669 -13.592 -14.138 -14.306 -14.005 -13.003 -12.509 -11.923 -14.179
0.15843 -14.479 -14.582 -14.638 -14.671 -14.534 -14.316 -14.554 -14.656 -14.531 -14.307 -14.03 -13.679 -14.661 -14.468 -14.162 -13.897 -13.628 -14.454 -14.176 -13.913 -13.716 -13.639 -14.182 -14.35 -14.051 -13.053 -12.561 -11.975 -14.223
0.163222 -14.499 -14.606 -14.666 -14.708 -14.575 -14.36 -14.585 -14.693 -14.571 -14.352 -14.076 -13.727 -14.699 -14.509 -14.207 -13.944 -13.676 -14.496 -14.222 -13.959 -13.764 -13.686 -14.227 -14.393 -14.097 -13.103 -12.612 -12.027 -14.267
0.168159 -14.519 -14.63 -14.694 -14.744 -14.615 -14.404 -14.616 -14.731 -14.612 -14.395 -14.122 -13.776 -14.736 -14.551 -14.252 -13.991 -13.724 -14.538 -14.267 -14.006 -13.811 -13.733 -14.271 -14.436 -14.143 -13.153 -12.663 -12.079 -14.311
0.173245 -14.538 -14.654 -14.722 -14.78 -14.656 -14.448 -14.646 -14.767 -14.653 -14.439 -14.168 -13.823 -14.772 -14.593 -14.297 -14.038 -13.773 -14.58 -14.311 -14.053 -13.859 -13.78 -14.316 -14.479 -14.189 -13.203 -12.714 -12.131 -14.355
0.178484 -14.557 -14.677 -14.749 -14.816 -14.696 -14.491 -14.677 -14.804 -14.693 -14.483 -14.214 -13.871 -14.809 -14.634 -14.342 -14.085 -13.821 -14.622 -14.356 -14.099 -13.906 -13.827 -14.36 -14.522 -14.235 -13.254 -12.765 -12.183 -14.398
0.183882 -14.575 -14.7 -14.776 -14.852 -14.736 -14.535 -14.707 -14.84 -14.733 -14.526 -14.26 -13.919 -14.845 -14.675 -14.387 -14.131 -13.869 -14.664 -14.401 -14.146 -13.954 -13.874 -14.404 -14.565 -14.28 -13.304 -12.816 -12.235 -14.442
0.189444 -14.593 -14.722 -14.803 -14.887 -14.776 -14.578 -14.737 -14.877 -14.773 -14.57 -14.306 -13.967 -14.881 -14.716 -14.432 -14.178 -13.917 -14.705 -14.446 -14.192 -14.001 -13.921 -14.448 -14.607 -14.326 -13.353 -12.867 -12.286 -14.485
0.195173 -14.61 -14.744 -14.829 -14.922 -14.816 -14.621 -14.766 -14.913 -14.813 -14.613 -14.351 -14.014 -14.917 -14.757 -14.477 -14.225 -13.965 -14.746 -14.49 -14.239 -14.048 -13.968 -14.492 -14.65 -14.371 -13.403 -12.918 -12.338 -14.528
0.201076 -14.627 -14.765 -14.855 -14.957 -14.855 -14.664 -14.796 -14.948 -14.852 -14.656 -14.397 -14.062 -14.952 -14.798 -14.521 -14.271 -14.013 -14.787 -14.534 -14.285 -14.095 -14.015 -14.536 -14.692 -14.417 -13.453 -12.969 -12.39 -14.571
0.207158 -14.644 -14.786 -14.881 -14.992 -14.895 -14.707 -14.825 -14.984 -14.891 -14.699 -14.442 -14.109 -14.988 -14.838 -14.566 -14.317 -14.06 -14.828 -14.578 -14.331 -14.142 -14.061 -14.579 -14.734 -14.462 -13.503 -13.02 -12.442 -14.614
0.213423 -14.66 -14.807 -14.906 -15.026 -14.934 -14.749 -14.854 -15.019 -14.931 -14.741 -14.487 -14.157 -15.023 -14.879 -14.61 -14.364 -14.108 -14.869 -14.622 -14.377 -14.189 -14.108 -14.623 -14.776 -14.507 -13.553 -13.071 -12.494 -14.656
0.219878 -14.676 -14.827 -14.931 -15.06 -14.973 -14.792 -14.883 -15.054 -14.969 -14.784 -14.532 -14.204 -15.058 -14.919 -14.654 -14.41 -14.156 -14.909 -14.666 -14.423 -14.236 -14.155 -14.666 -14.818 -14.552 -13.602 -13.122 -12.545 -14.699
0.226528 -14.691 -14.847 -14.955 -15.094 -15.011 -14.834 -14.911 -15.088 -15.008 -14.826 -14.577 -14.251 -15.092 -14.959 -14.698 -14.456 -14.203 -14.95 -14.71 -14.469 -14.282 -14.201 -14.709 -14.859 -14.596 -13.652 -13.172 -12.597 -14.741
0.233379 -14.706 -14.866 -14.979 -15.128 -15.05 -14.876 -14.939 -15.123 -15.047 -14.869 -14.622 -14.298 -15.126 -14.999 -14.742 -14.502 -14.25 -14.99 -14.754 -14.514 -14.329 -14.248 -14.752 -14.901 -14.641 -13.701 -13.223 -12.648 -14.784
0.240437 -14.72 -14.885 -15.003 -15.161 -15.088 -14.918 -14.967 -15.157 -15.085 -14.911 -14.667 -14.345 -15.16 -15.038 -14.785 -14.547 -14.298 -15.03 -14.797 -14.56 -14.376 -14.294 -14.795 -14.942 -14.686 -13.751 -13.274 -12.7 -14.826
0.247709 -14.734 -14.903 -15.026 -15.194 -15.126 -14.96 -14.995 -15.191 -15.123 -14.953 -14.711 -14.392 -15.194 -15.078 -14.829 -14.593 -14.345 -15.069 -14.841 -14.605 -14.422 -14.34 -14.838 -14.983 -14.73 -13.8 -13.324 -12.752 -14.868
0.255201 -14.747 -14.921 -15.049 -15.226 -15.164 -15.002 -15.022 -15.224 -15.161 -14.994 -14.756 -14.439 -15.227 -15.117 -14.872 -14.639 -14.392 -15.109 -14.884 -14.651 -14.469 -14.387 -14.88 -15.024 -14.774 -13.849 -13.375 -12.803 -14.91
0.262919 -14.76 -14.939 -15.072 -15.259 -15.202 -15.044 -15.05 -15.257 -15.199 -15.036 -14.8 -14.486 -15.26 -15.156 -14.916 -14.684 -14.439 -15.148 -14.927 -14.696 -14.515 -14.433 -14.923 -15.065 -14.818 -13.899 -13.425 -12.854 -14.951
0.270871 -14.772 -14.956 -15.094 -15.291 -15.239 -15.085 -15.076 -15.29 -15.236 -15.077 -14.844 -14.532 -15.293 -15.195 -14.959 -14.729 -14.486 -15.188 -14.97 -14.741 -14.561 -14.479 -14.965 -15.105 -14.862 -13.948 -13.475 -12.906 -14.993
0.279064 -14.784 -14.972 -15.116 -15.323 -15.276 -15.126 -15.103 -15.323 -15.273 -15.119 -14.888 -14.579 -15.326 -15.233 -15.002 -14.775 -14.533 -15.227 -15.013 -14.786 -14.607 -14.525 -15.007 -15.146 -14.906 -13.997 -13.526 -12.957 -15.034
0.287504 -14.796 -14.988 -15.137 -15.354 -15.313 -15.167 -15.129 -15.356 -15.31 -15.16 -14.932 -14.625 -15.358 -15.271 -15.045 -14.82 -14.579 -15.265 -15.055 -14.831 -14.653 -14.571 -15.049 -15.186 -14.95 -14.046 -13.576 -13.009 -15.075
0.296199 -14.806 -15.004 -15.158 -15.385 -15.35 -15.208 -15.155 -15.388 -15.347 -15.2 -14.976 -14.671 -15.39 -15.31 -15.087 -14.865 -14.626 -15.304 -15.098 -14.876 -14.699 -14.617 -15.091 -15.226 -14.994 -14.095 -13.626 -13.06 -15.116
0.305157 -14.817 -15.019 -15.179 -15.416 -15.386 -15.248 -15.181 -15.42 -15.383 -15.241 -15.019 -14.717 -15.422 -15.347 -15.13 -14.909 -14.672 -15.342 -15.14 -14.92 -14.745 -14.663 -15.132 -15.266 -15.037 -14.144 -13.676 -13.111 -15.157
0.314387 -14.827 -15.033 -15.199 -15.447 -15.422 -15.289 -15.207 -15.451 -15.419 -15.282 -15.063 -14.763 -15.453 -15.385 -15.172 -14.954 -14.719 -15.38 -15.182 -14.965 -14.791 -14.709 -15.174 -15.305 -15.08 -14.193 -13.727 -13.162 -15.197
0.323895 -14.836 -15.047 -15.219 -15.477 -15.458 -15.329 -15.232 -15.482 -15.455 -15.322 -15.106 -14.809 -15.484 -15.422 -15.214 -14.999 -14.765 -15.418 -15.224 -15.009 -14.836 -14.754 -15.215 -15.345 -15.123 -14.241 -13.777 -13.213 -15.238
0.333691 -14.845 -15.06 -15.238 -15.507 -15.494 -15.369 -15.257 -15.513 -15.491 -15.362 -15.149 -14.855 -15.515 -15.46 -15.256 -15.043 -14.811 -15.456 -15.266 -15.053 -14.882 -14.8 -15.256 -15.384 -15.166 -14.29 -13.827 -13.264 -15.278
0.343783 -14.853 -15.073 -15.257 -15.536 -15.529 -15.409 -15.282 -15.544 -15.526 -15.402 -15.192 -14.901 -15.545 -15.497 -15.298 -15.087 -14.857 -15.493 -15.308 -15.097 -14.927 -14.845 -15.297 -15.423 -15.209 -14.339 -13.877 -13.315 -15.318
0.354181 -14.86 -15.085 -15.275 -15.565 -15.564 -15.449 -15.306 -15.574 -15.562 -15.442 -15.235 -14.946 -15.575 -15.533 -15.339 -15.131 -14.903 -15.531 -15.349 -15.141 -14.972 -14.891 -15.338 -15.462 -15.252 -14.387 -13.926 -13.366 -15.358
0.364893 -14.867 -15.097 -15.293 -15.594 -15.599 -15.488 -15.33 -15.604 -15.597 -15.481 -15.278 -14.992 -15.605 -15.57 -15.381 -15.175 -14.949 -15.568 -15.391 -15.185 -15.018 -14.936 -15.378 -15.5 -15.294 -14.436 -13.976 -13.417 -15.398
0.375929 -14.874 -15.108 -15.31 -15.622 -15.634 -15.527 -15.354 -15.633 -15.631 -15.52 -15.32 -15.037 -15.634 -15.606 -15.422 -15.219 -14.995 -15.605 -15.432 -15.229 -15.063 -14.981 -15.419 -15.539 -15.337 -14.484 -14.026 -13.468 -15.437
0.387298 -14.88 -15.119 -15.327 -15.65 -15.668 -15.566 -15.377 -15.662 -15.666 -15.56 -15.363 -15.082 -15.663 -15.642 -15.463 -15.263 -15.04 -15.641 -15.473 -15.273 -15.108 -15.027 -15.459 -15.577 -15.379 -14.532 -14.076 -13.519 -15.477
0.399012 -14.885 -15.129 -15.344 -15.678 -15.702 -15.605 -15.4 -15.691 -15.7 -15.598 -15.405 -15.127 -15.691 -15.678 -15.504 -15.307 -15.086 -15.677 -15.514 -15.316 -15.152 -15.072 -15.499 -15.615 -15.421 -14.58 -14.125 -13.57 -15.516
0.41108 -14.89 -15.138 -15.36 -15.705 -15.736 -15.644 -15.423 -15.72 -15.733 -15.637 -15.447 -15.172 -15.72 -15.713 -15.545 -15.35 -15.131 -15.713 -15.554 -15.359 -15.197 -15.117 -15.538 -15.652 -15.462 -14.628 -14.175 -13.621 -15.555
0.423513 -14.894 -15.147 -15.375 -15.732 -15.769 -15.682 -15.446 -15.748 -15.767 -15.675 -15.489 -15.217 -15.748 -15.748 -15.585 -15.393 -15.176 -15.749 -15.595 -15.402 -15.242 -15.161 -15.578 -15.69 -15.504 -14.676 -14.224 -13.671 -15.593
0.436321 -14.898 -15.155 -15.39 -15.759 -15.802 -15.72 -15.468 -15.775 -15.8 -15.714 -15.53 -15.262 -15.775 -15.783 -15.626 -15.436 -15.221 -15.785 -15.635 -15.445 -15.286 -15.206 -15.617 -15.727 -15.545 -14.724 -14.274 -13.722 -15.632
0.449518 -14.9 -15.162 -15.404 -15.785 -15.835 -15.758 -15.49 -15.803 -15.833 -15.752 -15.572 -15.306 -15.802 -15.818 -15.666 -15.479 -15.266 -15.82 -15.675 -15.488 -15.33 -15.251 -15.657 -15.764 -15.587 -14.772 -14.323 -13.772 -15.67
0.463113 -14.903 -15.169 -15.418 -15.811 -15.868 -15.795 -15.512 -15.83 -15.866 -15.789 -15.613 -15.35 -15.829 -15.852 -15.706 -15.522 -15.311 -15.855 -15.715 -15.531 -15.374 -15.295 -15.696 -15.8 -15.628 -14.82 -14.372 -13.823 -15.708
0.47712 -14.904 -15.175 -15.432 -15.836 -15.9 -15.833 -15.533 -15.856 -15.898 -15.827 -15.654 -15.395 -15.855 -15.886 -15.745 -15.565 -15.356 -15.89 -15.754 -15.573 -15.419 -15.34 -15.734 -15.837 -15.669 -14.867 -14.421 -13.873 -15.746
0.49155 -14.905 -15.181 -15.444 -15.861 -15.932 -15.87 -15.554 -15.882 -15.93 -15.864 -15.695 -15.439 -15.881 -15.92 -15.785 -15.607 -15.4 -15.924 -15.794 -15.615 -15.462 -15.384 -15.773 -15.873 -15.709 -14.915 -14.47 -13.924 -15.784
0.506416 -14.906 -15.186 -15.457 -15.886 -15.963 -15.907 -15.575 -15.908 -15.961 -15.901 -15.736 -15.483 -15.907 -15.953 -15.824 -15.649 -15.445 -15.958 -15.833 -15.658 -15.506 -15.428 -15.811 -15.909 -15.75 -14.962 -14.519 -13.974 -15.821
0.521733 -14.905 -15.19 -15.468 -15.91 -15.995 -15.943 -15.595 -15.933 -15.993 -15.938 -15.776 -15.526 -15.932 -15.986 -15.863 -15.691 -15.489 -15.992 -15.872 -15.7 -15.55 -15.473 -15.849 -15.945 -15.79 -15.009 -14.568 -14.024 -15.858
0.537512 -14.904 -15.194 -15.48 -15.933 -16.026 -15.98 -15.615 -15.958 -16.024 -15.974 -15.817 -15.57 -15.956 -16.019 -15.902 -15.733 -15.533 -16.025 -15.91 -15.741 -15.593 -15.517 -15.887 -15.98 -15.83 -15.056 -14.617 -14.075 -15.895
